1881	-2.80	3.00	5.80	7.50	12.60	15.30	19.20	16.00	13.90	6.60	8.60	2.50	9.31
1882	2.30	4.20	7.80	8.80	12.80	14.10	16.60	15.70	13.70	10.90	5.90	3.20	9.61
1883	2.80	5.20	1.20	8.60	12.80	16.30	16.40	17.10	14.10	10.00	5.90	2.80	9.47
1884	4.90	4.80	6.60	7.40	12.90	13.70	18.80	18.80	15.60	9.20	4.10	3.10	9.97
1885	-0.60	6.10	3.80	9.60	10.10	16.30	17.50	15.40	13.50	8.10	4.50	1.50	8.95
1886	0.50	-0.90	4.00	8.70	13.40	14.60	17.50	17.10	16.60	12.20	6.80	1.80	9.33
1887	-0.10	1.70	2.20	7.20	10.40	15.80	18.70	16.70	12.70	6.90	4.20	0.60	8.18
1888	-0.50	-2.30	2.40	6.10	11.70	15.80	14.80	15.50	13.60	8.10	6.50	3.80	7.69
1889	0.00	0.30	3.10	7.50	14.80	17.90	16.30	16.00	13.10	9.30	5.40	-0.20	8.96
1890	4.60	0.80	5.70	7.30	13.60	14.30	15.60	16.30	14.90	9.30	4.90	-4.60	8.93
1891	-1.90	2.40	4.40	6.30	11.60	15.30	16.10	15.40	15.40	11.20	4.30	3.90	7.99
1892	0.60	2.40	2.30	8.20	13.40	14.90	16.10	17.70	14.60	8.60	7.10	-0.10	9.15
1893	-2.80	4.20	7.10	11.50	13.60	16.10	17.70	18.20	13.70	10.60	3.70	2.30	9.46
1894	1.80	3.10	6.70	11.70	11.10	14.40	17.70	16.00	12.70	9.20	6.90	3.70	9.47
1895	-1.30	-5.30	3.80	9.20	12.60	15.70	16.50	16.80	17.50	8.60	7.60	1.90	8.78
1896	1.60	2.40	7.30	7.50	11.10	16.80	18.20	15.10	14.40	8.40	2.10	2.20	8.90
1897	0.20	4.30	7.00	8.20	11.40	17.20	17.00	17.70	13.00	10.00	5.10	3.20	9.44
1898	3.70	3.20	3.20	8.50	11.10	14.50	15.30	19.10	16.00	11.10	6.80	5.10	9.64
1899	4.10	4.30	4.10	7.90	11.00	15.20	17.80	18.50	14.30	9.40	8.20	-1.40	9.99
1900	3.20	2.50	3.10	7.70	11.20	16.20	19.20	16.20	14.70	10.10	6.30	5.10	9.08
1901	1.30	-1.70	3.30	9.10	12.60	15.80	19.10	17.50	14.90	10.40	4.40	2.40	9.32
1902	4.10	0.10	6.10	9.00	8.90	15.00	16.30	15.70	14.00	8.40	4.80	1.20	8.73
1903	2.70	5.20	7.60	5.40	13.00	14.90	16.70	15.70	15.40	11.40	5.70	0.60	9.57
1904	0.50	2.90	3.50	9.90	12.80	14.90	19.20	17.20	12.80	9.70	4.60	4.30	9.05
1905	0.50	3.40	6.70	7.60	12.00	17.30	18.50	16.50	13.50	6.10	4.20	2.50	9.22
1906	3.20	2.20	4.30	8.10	13.00	14.80	17.50	17.80	14.20	12.80	7.10	0.20	9.79
1907	1.60	0.00	5.40	8.00	12.90	14.30	14.30	16.20	15.30	11.60	6.50	3.40	8.86
1908	-0.90	3.20	3.50	6.50	13.90	16.70	17.30	15.20	14.40	11.60	5.20	0.90	9.17
1909	0.60	0.70	3.40	9.60	11.40	13.50	14.50	17.20	13.30	11.50	3.40	3.10	8.33
1910	2.80	3.60	5.70	7.90	12.30	16.50	15.40	16.40	13.70	11.30	3.40	5.30	9.34
1911	0.10	2.90	5.50	7.90	13.70	15.00	19.50	20.90	16.40	10.00	5.50	5.30	10.22
1912	2.90	5.40	7.50	8.70	13.00	15.80	18.50	14.10	10.60	8.50	4.70	5.50	9.58
1913	3.60	3.60	7.20	8.90	13.50	14.70	14.70	15.70	14.40	11.90	8.20	3.00	10.16
1914	-1.80	6.30	6.10	11.00	11.70	14.30	17.40	17.80	14.00	9.60	4.70	4.70	9.51
1915	2.30	3.20	4.20	7.60	13.60	16.80	16.30	16.40	13.80	8.20	2.20	5.60	9.11
1916	5.60	2.60	5.00	8.80	13.80	12.60	15.40	17.10	13.80	10.20	5.50	2.20	9.67
1917	-1.20	-2.60	2.30	4.80	15.60	18.30	16.80	16.40	15.10	8.10	6.60	-0.80	8.53
1918	2.70	4.40	5.60	9.00	14.70	13.80	16.50	16.80	13.90	9.10	4.50	5.70	9.18
1919	1.50	0.80	4.40	6.20	13.60	15.70	14.00	17.10	15.50	7.50	2.00	3.80	8.67
1920	3.70	6.00	7.60	9.50	13.50	15.50	16.40	14.40	13.50	10.40	4.10	1.90	9.87
1921	5.80	3.30	7.10	8.90	13.70	15.40	19.60	17.70	15.30	14.40	2.10	2.40	10.43
1922	1.10	2.40	4.80	6.60	14.20	15.60	15.30	15.30	12.70	6.60	3.80	3.90	8.40
1923	2.90	4.80	6.80	8.60	11.00	12.00	19.00	16.70	13.70	11.30	3.10	1.10	9.48
1924	1.90	0.40	4.30	7.70	14.20	15.30	16.80	14.70	14.40	11.30	5.60	4.00	8.97
1925	3.90	4.70	3.60	8.60	14.00	15.10	18.10	16.50	11.80	10.40	2.80	2.00	9.46
1926	2.60	7.30	6.10	10.30	11.20	13.80	18.00	16.60	16.30	8.60	7.10	1.20	9.99
1927	3.50	3.10	7.60	8.50	11.90	14.50	17.70	17.00	14.50	10.50	4.80	-0.90	9.57
1928	3.60	5.00	6.20	9.00	11.20	14.80	18.30	17.50	13.90	10.20	7.20	2.20	9.67
1929	-1.70	-3.80	5.60	6.30	13.40	14.20	17.80	16.90	17.70	10.20	6.40	5.60	8.77
1930	5.50	1.90	6.30	10.00	12.10	17.70	16.60	17.40	14.70	10.70	7.40	2.60	10.49
1931	2.70	1.40	4.00	8.00	14.40	16.50	16.90	15.70	11.70	9.10	7.30	2.50	9.19
1932	4.20	0.70	4.00	7.40	12.70	15.70	17.80	20.40	15.60	9.70	5.60	4.30	9.69
1933	0.30	2.90	7.90	9.10	12.60	15.50	18.40	18.20	15.50	10.70	4.40	-3.10	9.98
1934	2.20	2.60	5.00	11.30	12.50	16.70	18.60	17.10	17.10	11.40	5.20	7.10	9.72
1935	2.50	4.20	5.80	8.60	11.70	17.00	18.50	18.00	15.10	10.00	7.60	2.30	10.51
1936	4.90	2.40	7.80	6.80	13.40	16.70	17.10	17.60	15.20	8.40	5.00	3.20	9.80
1937	4.20	5.50	4.00	9.40	14.80	16.30	17.40	18.10	14.40	11.70	5.10	1.60	10.34
1938	3.60	3.10	9.20	6.60	11.50	16.30	16.90	18.70	16.00	10.40	9.00	1.10	10.24
1939	4.70	4.10	4.80	10.40	12.00	16.80	17.40	17.90	15.30	8.70	8.10	1.10	10.11
1940	-4.00	1.30	6.60	10.00	14.00	17.40	16.50	15.80	14.00	9.70	7.00	-0.10	9.12
1941	-1.80	2.60	6.40	7.60	10.10	17.70	19.50	15.90	15.50	10.20	5.50	3.80	9.09
1942	-3.90	-3.60	5.40	10.30	13.10	15.80	16.90	19.10	16.30	12.70	5.30	4.40	9.27
1943	3.70	4.60	7.30	11.60	14.20	15.30	17.90	17.80	14.60	12.20	5.00	1.40	10.72
1944	4.80	0.70	3.20	10.60	12.20	14.90	17.80	20.20	13.80	9.70	6.00	2.40	9.61
1945	-2.80	6.10	8.00	10.90	14.70	16.90	19.00	16.90	15.60	12.30	5.50	4.00	10.46
1946	0.40	4.90	5.60	11.60	13.60	14.40	18.30	16.10	15.40	10.00	6.50	0.00	10.07
1947	-0.30	-3.30	5.20	11.10	15.90	18.70	19.70	20.60	17.90	10.70	7.00	3.70	10.27
1948	5.30	3.30	8.70	10.80	13.80	15.80	16.80	17.30	15.30	10.50	6.90	4.30	10.68
1949	4.40	5.10	4.30	12.20	12.10	15.10	18.20	18.30	18.90	12.20	5.40	4.10	10.88
1950	1.40	5.90	7.40	8.00	13.70	18.10	18.30	17.70	13.90	10.20	5.90	1.40	10.38
1951	3.80	3.70	4.00	7.40	11.40	15.30	16.80	16.10	14.80	8.40	8.00	4.00	9.26
1952	1.70	1.30	5.90	11.10	13.70	15.70	17.80	17.00	10.80	8.20	3.00	1.30	9.18
1953	0.20	1.90	5.30	9.00	13.50	15.00	16.40	16.70	13.90	11.20	5.90	5.60	9.19
1954	-0.70	0.30	6.90	6.90	12.60	14.70	14.30	15.60	13.30	11.40	6.50	5.20	8.95
1955	1.00	0.20	2.20	8.80	10.50	14.80	17.50	17.70	14.20	8.80	5.90	4.40	8.90
1956	1.80	-6.60	5.60	6.20	12.80	12.40	16.20	14.10	14.90	9.30	4.30	5.20	7.95
1957	2.80	5.50	9.10	8.50	10.50	16.70	17.80	15.50	12.90	10.20	5.70	2.50	10.03
1958	2.60	4.20	3.10	6.60	12.80	14.70	16.60	16.80	15.70	10.30	4.70	4.20	9.22
1959	1.40	1.30	7.50	10.00	13.70	16.30	19.30	17.60	15.70	11.40	5.40	4.60	10.32
1960	2.40	3.60	6.50	8.90	13.80	16.30	15.00	16.00	13.40	10.30	7.30	2.60	9.84
1961	2.20	6.80	7.60	11.40	11.20	15.20	15.50	16.30	17.00	11.20	4.90	2.20	10.16
1962	3.40	2.30	2.30	8.40	10.00	14.50	15.20	15.80	13.30	10.30	4.40	0.10	8.51
1963	-5.00	-2.40	5.50	9.20	11.10	15.70	17.00	15.10	13.80	9.80	8.40	-0.90	8.19
1964	0.30	4.30	3.00	9.00	14.80	15.70	17.70	16.60	14.70	7.70	6.10	1.90	9.08
1965	2.30	1.20	5.40	8.00	12.10	15.00	14.40	15.70	13.00	10.60	3.50	4.30	8.59
1966	0.60	6.20	5.10	9.20	12.80	16.60	15.50	15.90	14.20	11.50	4.30	4.30	9.68
1967	3.00	5.20	6.60	8.00	12.60	14.70	18.40	16.60	14.00	11.50	4.40	2.10	9.94
1968	2.20	1.60	5.50	9.70	10.90	15.10	16.00	16.40	14.20	11.90	4.80	0.00	9.20
1969	4.50	0.50	4.30	8.40	13.20	15.00	18.20	17.10	14.70	12.40	6.00	-0.50	9.52
1970	2.60	1.80	3.10	6.00	13.10	17.90	16.00	17.00	15.00	10.50	8.00	2.00	9.21
1971	3.20	3.60	2.90	8.70	14.70	14.00	18.50	16.90	13.90	10.30	4.60	4.80	9.44
1972	1.60	4.20	7.40	7.80	11.50	13.70	17.20	15.70	11.80	9.10	5.20	4.30	9.17
1973	2.80	2.70	5.60	6.50	12.50	16.80	17.10	18.80	15.00	9.10	5.00	2.70	9.68
1974	5.60	4.50	6.00	10.00	11.80	15.00	15.40	16.80	12.60	6.70	6.40	6.70	9.46
1975	6.00	3.90	4.40	7.60	11.30	15.10	18.30	19.50	14.90	9.00	4.80	2.10	10.12
1976	3.60	3.10	3.80	8.10	14.00	19.20	20.10	18.30	14.00	11.20	6.10	0.90	10.30
1977	3.10	4.90	7.30	6.50	12.00	14.00	16.70	15.80	13.00	11.70	6.10	5.10	9.33
1978	2.70	1.90	6.50	7.50	12.60	14.90	15.70	15.60	13.20	11.10	5.70	3.00	9.38
1979	-2.70	0.10	4.90	8.10	12.30	15.40	16.60	15.90	14.20	11.50	5.50	5.40	8.73
1980	0.70	5.70	5.20	8.30	12.50	14.80	15.50	17.50	15.70	9.20	4.50	3.00	9.58
1981	2.80	1.60	8.90	9.00	13.50	14.80	16.70	17.00	15.10	8.90	6.60	3.90	9.82
1982	2.10	3.90	5.60	8.40	13.60	16.80	18.80	17.10	16.80	10.80	7.90	3.40	10.47
1983	5.70	3.70	6.10	9.20	11.00	16.20	20.90	18.30	14.30	10.60	6.30	3.90	10.47
1984	3.20	2.40	4.40	8.80	10.10	14.20	16.80	18.20	13.20	11.10	9.10	4.20	9.62
1985	-3.10	-0.10	3.90	8.70	13.30	14.10	17.70	16.00	14.70	10.60	2.50	5.40	8.54
1986	2.30	-3.60	4.50	6.30	13.70	17.20	17.30	15.90	11.40	11.70	7.70	4.50	9.15
1987	-3.00	2.30	2.90	11.70	10.40	14.10	17.10	16.50	15.40	11.20	5.80	3.90	9.07
1988	6.00	4.20	5.20	9.40	14.20	14.90	15.90	17.20	13.80	11.30	5.60	6.70	10.13
1989	4.10	5.00	8.90	7.40	15.60	16.10	18.80	18.00	15.60	12.50	5.70	5.10	11.20
1990	5.10	7.80	8.60	8.80	14.80	15.30	18.00	19.60	12.90	12.50	6.10	3.40	11.22
1991	3.30	-0.10	9.40	8.80	10.30	13.10	18.80	18.90	16.20	10.50	5.70	3.00	9.86
1992	2.50	4.90	99	9.10	15.60	16.70	18.30	18.00	99	7.70	7.50	3.70	10.38
1993	5.50	2.10	6.70	11.70	14.80	16.60	16.60	15.80	13.50	9.10	2.70	5.00	9.90
1994	4.70	2.70	7.70	8.90	12.80	16.30	21.70	17.70	13.40	9.90	10.30	5.40	10.92
1995	99	6.70	5.60	9.00	13.50	99	20.80	20.30	13.90	13.60	6.90	0.70	11.65
1996	2.00	1.20	3.80	10.60	11.00	16.30	17.10	17.20	12.60	10.80	5.20	0.60	9.04
1997	-0.30	6.40	8.50	8.40	13.20	16.10	17.40	21.10	14.70	10.20	7.20	5.00	10.29
1998	4.30	6.10	7.60	9.20	15.50	16.20	16.50	17.20	15.20	9.60	3.60	4.50	10.50
1999	5.30	3.00	7.80	10.00	14.90	15.50	19.60	18.00	17.60	10.60	6.10	4.10	11.07
2000	3.90	5.80	7.00	10.40	15.00	16.70	15.20	18.20	16.00	11.20	7.80	5.70	10.94
2001	3.40	4.80	6.50	8.50	15.10	15.70	18.80	19.20	12.90	14.40	6.20	2.40	10.93
2002	4.60	7.10	7.80	9.90	13.60	17.10	17.80	18.60	14.70	10.50	8.60	4.40	11.06
2003	2.30	2.80	8.80	10.70	13.90	19.30	19.50	20.40	15.30	7.90	8.30	4.50	11.13
2004	3.20	99	6.60	11.10	12.80	16.30	17.40	18.90	15.80	11.70	6.40	2.90	10.73
2005	4.70	2.40	7.20	10.70	13.40	18.30	18.40	16.80	16.60	14.10	6.10	3.50	10.97
2006	1.70	2.30	4.50	9.30	14.20	17.30	23.00	16.30	18.40	14.20	9.10	5.90	11.15
2007	7.20	6.80	8.00	14.3	14.6	17.5	17.2	17.2	14.1	10.4	6.8	4.1	11.67
2008	6.5	6.1	6.3	9.3	16.4	16.1	18.0	17.6	14.0	10.5	6.9	2.8	10.98
2009	0.7	3.6	6.7	12.5	14.4	16.5	18.7	19.4	15.8	11.3	9.7	2.9	11.01
2010	0.1	2.5	6.7	10.3	11.2	17.4	