1936	-14.80	-12.90	-10.20	1.20	10.90	19.80	20.00	14.70	12.10	8.50	-5.20	-11.50	2.68
1937	-18.60	-14.50	-10.40	1.20	10.70	18.50	22.00	18.70	14.30	5.60	-7.90	-14.80	2.34
1938	-15.80	-11.70	-7.90	8.70	15.30	17.50	18.40	19.00	10.60	3.20	-3.10	-20.10	3.28
1939	-17.50	-11.70	-8.20	6.80	13.10	20.80	21.40	18.10	13.10	0.70	-8.60	-7.30	2.33
1940	-17.30	-13.00	-3.90	8.20	11.80	19.80	24.30	19.60	11.70	2.00	-5.20	-8.70	4.22
1941	-13.40	-15.80	-5.50	5.40	13.40	20.80	19.20	18.10	12.10	4.70	-10.10	-13.20	3.35
1942	-11.30	-19.00	-8.00	2.80	11.50	20.20	21.10	18.30	13.40	3.70	-3.30	-12.50	3.02
1943	-17.70	-18.30	-12.60	5.20	15.40	17.90	21.80	19.40	12.20	2.20	-11.20	-12.70	1.82
1944	-12.60	-9.10	0.20	6.70	13.90	18.10	20.70	17.40	12.10	4.00	-10.40	-19.30	4.03
1945	-15.60	-22.30	-10.60	5.20	13.30	18.90	19.10	21.30	11.60	5.70	-7.80	-10.60	1.62
1946	-14.10	-7.20	-10.10	5.00	11.90	14.60	19.40	15.20	10.70	3.40	-8.40	-19.50	2.48
1947	-16.30	-16.50	-4.10	5.30	10.90	15.00	16.80	16.90	11.40	3.80	0.00	-14.70	1.97
1948	-11.00	-15.60	-7.10	3.60	13.30	17.00	21.70	18.70	11.50	6.20	-5.80	-14.30	3.15
1949	-13.30	-13.40	-12.20	4.20	13.30	18.00	18.20	19.70	8.10	2.80	-8.90	-18.00	1.85
1950	-16.00	-16.20	-7.60	3.30	13.50	18.70	20.20	18.00	12.70	2.50	-12.70	-14.60	1.53
1951	-15.70	-24.30	-8.90	8.40	16.20	19.10	23.40	17.10	14.40	2.10	-8.00	-6.30	2.43
1952	-13.30	-14.70	-10.50	1.30	13.60	17.50	21.20	20.80	12.90	2.20	-15.30	-14.40	2.45
1953	-14.30	-9.80	-5.20	4.30	15.20	16.30	21.20	16.30	15.00	1.90	-12.40	-11.10	2.84
1954	-18.10	-18.70	-10.50	-1.20	9.60	15.30	19.60	18.90	12.60	5.00	-6.00	-14.40	1.28
1955	-13.10	-12.30	-8.80	2.80	16.10	21.80	20.70	19.40	11.70	4.00	-5.20	-13.20	3.56
1956	-16.50	-17.10	-11.00	5.90	12.70	16.30	22.20	19.40	10.20	5.20	-1.00	-11.00	2.76
1957	-17.20	-14.60	-8.60	2.20	13.50	19.00	19.10	16.10	15.30	3.90	-6.20	-9.20	2.62
1958	-14.50	-8.90	-7.90	1.30	10.00	16.40	18.20	17.20	10.00	3.00	-5.10	-13.30	2.54
1959	-12.40	-11.60	-7.20	5.50	12.20	19.00	17.50	16.60	14.30	1.70	-10.50	-16.90	2.65
1960	-11.70	-12.20	-14.20	2.60	8.20	18.00	16.80	16.40	11.40	1.30	-10.70	-10.50	0.75
1961	-12.30	-12.90	-4.20	7.60	15.40	18.30	18.60	18.20	11.90	0.00	-4.40	-9.20	3.81
1962	-12.00	-11.60	-2.60	6.10	17.20	19.50	22.00	18.80	13.20	4.10	-7.90	-11.80	4.80
1963	-8.50	-7.60	-2.60	3.30	13.10	20.50	21.40	15.80	9.80	5.30	-1.20	-10.50	4.79
1964	-11.10	-18.60	-9.30	1.80	12.10	17.60	19.70	17.80	11.30	1.30	-1.60	-9.80	2.54
1965	-13.80	-14.00	-3.60	4.30	15.50	18.30	23.80	17.20	12.70	3.30	-3.80	-9.00	4.17
1966	-13.30	-11.60	-5.80	4.70	9.40	18.40	21.60	19.50	15.20	2.00	-7.70	-20.20	3.62
1967	-15.50	-13.50	-5.40	7.30	15.10	20.00	20.00	16.40	8.40	5.30	-4.10	-7.50	2.82
1968	-12.00	-12.30	-2.50	4.40	15.60	19.00	19.80	18.80	9.60	0.80	-7.90	-16.60	3.82
1969	-26.10	-22.30	-10.30	5.10	11.10	19.00	21.70	15.20	11.70	2.20	-2.90	-8.50	0.65
1970	-14.20	-11.80	-9.10	6.70	12.50	18.30	20.40	17.80	13.40	4.40	-6.70	-14.90	3.60
1971	-13.50	-14.90	-8.50	5.10	11.60	18.50	21.00	16.00	14.60	5.30	-1.10	-6.10	3.27
1972	-20.70	-16.30	-10.30	6.10	11.90	16.60	17.10	15.70	10.30	3.40	-3.80	-12.90	1.99
1973	-15.00	-13.90	-6.70	7.10	12.20	18.80	21.30	17.90	10.80	3.00	-1.70	-6.80	3.41
1974	-17.60	-19.60	-6.80	7.00	16.40	19.10	23.80	18.00	12.70	5.30	-7.70	-16.10	3.65
1975	-12.10	-11.80	-3.80	8.50	11.00	18.40	22.10	18.20	12.50	2.20	-8.20	-10.30	3.41
1976	-7.90	-18.00	-11.20	5.20	15.20	19.20	19.10	20.50	11.30	-3.30	-10.10	-16.40	2.47
1977	-20.10	-14.90	-6.30	9.10	16.20	22.90	20.50	16.80	12.70	2.60	-0.80	-12.00	3.52
1978	-13.10	-13.80	-5.90	6.70	11.70	19.20	21.40	16.60	14.90	3.80	-3.50	-9.80	3.83
1979	-16.00	-10.00	-8.20	1.30	12.10	17.50	19.90	17.30	12.50	5.40	-4.80	-6.10	3.10
1980	-15.30	-14.10	-9.60	5.30	15.00	18.60	20.70	17.50	13.20	4.50	-3.20	-9.80	3.87
1981	-14.20	-12.90	-1.40	6.00	13.00	19.80	21.30	20.50	13.50	3.80	-5.40	-11.50	4.52
1982	-12.00	-13.60	-11.20	7.90	15.00	21.10	21.00	17.50	13.60	5.20	-4.90	-8.00	4.01
1983	-8.00	-6.90	-2.40	7.20	9.90	19.00	22.60	19.40	10.50	4.40	-1.60	-8.80	5.51
1984	-13.30	-18.60	-5.60	1.90	12.80	18.70	21.40	19.80	12.20	4.70	-6.60	-21.30	3.22
1985	-12.10	-11.30	-10.10	6.30	11.20	18.40	21.40	17.30	13.00	1.30	-6.90	-9.40	2.27
1986	-10.50	-14.30	-6.30	5.60	13.30	16.50	20.90	18.10	13.20	3.00	-5.70	-12.50	3.70
1987	-11.90	-10.20	-9.10	1.80	13.70	16.90	22.70	19.40	12.60	-0.10	-11.50	-10.10	2.65
1988	-12.40	-16.80	-7.90	6.50	11.20	20.70	20.90	18.40	13.70	3.50	-2.40	-7.80	3.77
1989	-11.20	-13.10	-4.50	2.30	13.10	17.20	21.30	19.30	10.90	5.20	-4.10	-5.50	4.05
1990	-14.20	-12.60	-3.90	5.20	14.80	21.70	19.40	16.60	13.20	3.20	-6.00	-10.20	4.32
1991	-12.40	-15.30	-9.80	6.00	14.30	21.70	21.40	16.60	14.20	7.50	-1.60	-10.30	4.37
1992	-8.70	-11.40	-9.20	5.10	11.90	15.70	19.90	16.30	14.50	3.80	99	-9.70	3.57
1993	-11.40	99	-7.00	3.20	99	18.10	18.90	18.10	9.30	4.00	99	-13.30	3.11
1994	-13.30	-17.50	-6.90	5.30	14.60	21.70	19.60	18.40	10.90	5.30	-1.60	99	3.60
1995	-13.90	-9.90	99	8.90	12.40	18.60	21.30	19.80	12.20	4.30	-1.50	-12.10	4.72
1996	-19.20	-14.60	-12.40	2.10	12.60	19.70	19.70	16.20	11.90	3.50	-5.70	-9.30	1.81
1997	-11.70	-12.30	-2.80	10.50	15.00	99	21.00	19.20	14.30	10.40	-8.50	-13.70	5.44
1998	-15.80	-12.40	-8.70	2.10	12.40	20.80	23.00	22.30	12.10	5.30	-8.00	-10.30	3.28
1999	-11.30	-8.00	-13.80	5.90	14.50	15.20	21.60	20.80	13.40	7.90	-6.70	-8.60	4.10
2000	-13.20	-10.50	99	99	11.40	18.50	22.00	19.80	12.60	0.20	-9.70	-9.40	3.60
2001	-13.70	-12.80	-1.80	6.90	17.20	18.50	17.70	18.00	10.10	3.10	-5.40	-12.70	4.03
2002	-6.60	-5.60	0.70	3.80	11.60	16.20	18.60	20.10	13.80	4.30	-1.90	-16.30	5.19
2003	-11.70	-14.10	-9.10	3.30	15.30	18.60	18.00	20.50	13.30	5.10	-7.10	-9.60	2.98
2004	-13.80	-7.50	-6.80	4.40	15.30	19.10	20.20	17.80	13.40	5.90	-2.20	-11.60	4.68
2005	-13.90	-17.30	-1.70	6.60	14.80	20.30	21.60	17.20	12.50	6.50	-2.70	-10.30	4.36
2006	-20.90	-9.20	-0.70	8.40	13.10	19.60	17.70	17.00	12.70	4.30	-1.90	-7.40	4.15
2007	-7.70	-9.50	-7.50	8.60	14.10	17.50	19.80	17.9	13.4	4.5	-4.5	-12.6	4.93
2008	-18.9	-13.2	0.5	6.3	15.5	19.9	22.5	19.8	10.3	5.8	-1.7	-11.1	4.52
2009	-11.7	-13.9	-4.7	5.5	12.8	17.4	18.7	17.9