1881	-22.60	-16.10	-6.70	0.10	14.40	17.10	20.80	19.10	11.00	1.90	-10.40	-12.20	0.82
1882	-18.50	-14.00	-11.40	1.40	10.50	15.60	18.20	20.00	13.60	5.90	-6.30	-16.80	1.90
1883	-26.20	-20.60	-14.20	1.00	8.10	16.70	17.30	16.80	11.30	3.00	-9.20	-18.30	-1.07
1884	-23.20	-23.70	-12.60	1.00	11.70	19.30	16.20	17.10	11.70	4.80	-7.30	-19.10	-0.28
1885	-24.40	-21.70	-12.70	2.70	10.60	15.50	18.50	15.70	12.30	3.90	-3.30	-13.20	-0.17
1886	-25.70	-17.20	-9.30	6.30	12.40	16.90	21.60	19.30	9.90	7.40	-8.20	-19.60	1.68
1887	-25.80	-21.80	-12.20	2.40	13.60	18.60	19.20	16.40	12.70	0.80	-7.70	-17.80	-0.28
1888	-25.70	-19.00	-14.20	0.60	7.70	16.80	19.10	16.60	12.60	4.70	-3.80	-10.80	-0.20
1889	-14.70	-19.70	-2.60	5.80	10.10	17.70	18.80	19.00	10.70	4.10	-5.00	-13.70	2.78
1890	-24.60	-21.40	-13.50	3.40	5.90	19.70	19.90	15.50	10.40	5.70	-1.40	-10.50	0.49
1891	-14.00	-21.40	-12.40	6.90	10.30	16.00	16.30	16.60	13.80	5.20	-9.00	-11.30	1.48
1892	-21.90	-17.30	-8.40	0.60	7.70	15.80	18.80	17.70	12.90	6.60	-9.50	-18.80	0.97
1893	-23.50	-22.80	-13.50	-3.00	10.40	18.50	19.00	17.00	12.50	3.20	-9.80	-21.60	-0.90
1894	-21.70	-16.50	-7.10	4.30	11.50	20.00	19.90	18.50	12.10	5.00	-7.90	-10.00	1.37
1895	-22.30	-18.00	-10.30	8.20	12.00	14.50	17.40	16.10	10.80	3.20	-8.10	-13.70	1.13
1896	-20.20	-15.10	-11.30	1.90	12.40	17.40	17.80	16.00	9.80	2.70	-14.30	-12.30	0.28
1897	-19.30	-17.80	-12.10	3.90	11.30	14.70	19.40	16.00	15.80	6.60	-9.90	-16.20	1.36
1898	-16.30	-15.60	-9.50	2.90	11.20	15.20	18.20	16.60	12.60	2.70	-7.60	-16.10	1.18
1899	-21.10	-22.30	-16.70	2.00	9.60	16.30	18.60	16.70	10.80	5.00	0.70	-13.10	0.29
1900	-14.80	-21.40	-11.60	8.20	13.40	18.40	17.60	19.00	11.30	7.10	-9.60	-13.40	2.04
1901	-20.50	-18.50	-9.90	5.20	13.80	14.90	20.00	17.40	10.40	6.30	-6.00	-13.50	1.64
1902	-14.50	-12.90	-4.00	2.10	12.00	13.10	19.10	17.10	10.70	4.60	-4.20	-16.30	2.47
1903	-17.50	-17.20	-8.90	3.40	11.30	15.50	17.60	15.30	8.80	6.20	-8.10	-17.60	0.84
1904	-20.50	-23.20	-11.80	0.70	10.90	15.20	16.40	15.10	9.70	5.40	-1.10	-15.40	-0.07
1905	-21.80	-18.00	-5.70	2.50	9.20	13.70	17.40	17.50	13.70	2.30	-4.00	-12.40	0.95
1906	-15.10	-17.80	-10.00	7.30	8.30	16.60	18.40	17.40	15.00	4.40	-4.40	-17.70	2.31
1907	-25.10	-16.20	-9.10	-3.10	3.40	15.70	18.50	15.40	9.40	4.30	-4.60	-10.90	-0.76
1908	-14.40	-13.90	-13.40	3.50	10.30	15.80	18.50	15.90	13.70	5.30	-3.30	-13.20	2.26
1909	-20.20	-18.60	-9.20	-1.90	10.10	16.50	19.00	18.40	13.50	4.90	-5.00	-17.40	1.19
1910	-15.80	-19.50	0.20	5.10	8.40	19.30	19.50	15.90	11.40	7.20	-7.70	-15.50	2.22
1911	-24.40	-15.20	-5.70	4.20	11.90	17.60	16.90	16.30	10.40	5.10	-8.80	-11.90	1.07
1912	-25.20	-15.20	-10.30	4.10	11.00	17.10	17.50	14.70	10.90	5.60	-2.70	-11.80	1.30
1913	-22.30	-19.20	-13.60	6.90	9.10	17.30	17.00	17.50	12.20	1.60	-1.50	-8.10	1.10
1914	-14.50	-23.70	-7.30	1.30	11.90	16.40	21.40	16.10	12.90	9.60	-4.30	-18.10	2.64
1915	-18.50	-10.70	-6.00	8.50	10.60	12.90	16.10	18.10	11.70	6.20	-5.10	-12.20	2.14
1916	-22.50	-18.00	-10.40	2.10	8.90	13.70	21.50	17.40	11.20	2.00	-3.70	-18.00	0.83
1917	-23.10	-22.00	-7.60	0.90	9.80	14.50	19.80	16.50	12.20	-0.10	-0.40	-20.70	0.21
1918	-21.60	-17.60	-2.50	4.80	8.90	15.20	16.80	17.70	8.40	5.90	-1.80	-11.30	1.12
1919	-12.60	-16.50	-10.00	4.60	13.50	19.10	19.70	18.00	12.50	-0.20	-11.30	-17.70	2.12
1920	-20.90	-15.30	-8.70	-2.10	11.60	16.60	18.30	20.00	14.50	8.60	-4.60	-12.20	1.69
1921	-14.70	-12.60	-9.80	2.60	11.50	19.00	20.60	17.00	13.00	6.50	-8.50	-12.30	2.70
1922	-17.00	-18.50	-4.90	4.50	14.80	17.20	18.10	18.80	13.40	5.50	-0.70	-17.20	3.24
1923	-17.50	-18.30	-15.10	0.30	11.60	18.90	21.00	15.90	14.00	5.50	0.40	-8.80	1.63
1924	-20.60	-12.00	-5.40	1.30	6.20	13.80	18.00	16.30	11.50	9.50	-7.50	-20.30	1.86
1925	-18.30	-16.20	-7.50	6.30	9.70	15.20	18.40	18.90	12.50	-0.20	-4.80	-13.20	1.14
1926	-15.20	-11.50	-8.90	2.60	13.50	14.20	19.20	17.20	10.00	3.50	-8.90	-16.60	1.88
1927	-17.40	-14.90	-3.20	3.60	8.50	15.60	17.90	16.60	13.30	7.00	-8.90	-20.10	1.79
1928	-13.90	-11.60	-6.60	0.40	12.50	14.50	18.90	17.10	11.30	4.40	-1.70	-8.80	2.10
1929	-24.10	-18.70	-5.50	3.80	8.00	16.20	19.30	19.40	10.40	6.80	-8.20	-16.40	1.55
1930	-22.60	-11.80	-7.90	5.60	9.50	17.10	20.80	20.10	11.90	3.10	-4.40	-11.20	2.08
1931	-13.00	-8.60	-7.50	4.60	9.20	18.10	19.50	18.60	14.80	8.20	-1.70	-7.90	4.25
1932	-15.30	-15.70	-13.50	2.80	12.00	19.20	18.70	18.80	12.60	1.90	-8.40	-17.10	2.10
1933	-17.30	-19.60	-9.10	1.90	11.80	19.10	19.80	18.50	12.90	1.60	-8.90	-21.00	1.13
1934	-15.30	-15.90	-10.50	2.60	12.80	15.50	18.30	16.20	9.60	6.80	-1.90	-15.70	1.43
1935	-22.70	-9.70	-8.50	1.70	9.70	13.60	21.70	16.90	10.40	4.00	-11.00	-14.40	0.87
1936	-25.80	-26.30	-8.40	-1.90	13.50	15.30	23.50	18.40	13.00	1.20	-6.80	-13.10	0.11
1937	-25.60	-16.90	-9.00	2.60	12.20	16.20	20.20	20.10	11.40	4.30	-5.60	-15.40	1.40
1938	-18.80	-15.90	-2.70	2.60	10.30	16.10	19.60	18.90	14.50	8.50	-8.00	-12.70	2.48
1939	-16.00	-23.50	-10.60	2.10	12.40	14.30	20.60	19.20	12.20	2.00	-1.20	-6.90	1.57
1940	-17.10	-13.20	-9.00	1.60	10.50	14.30	19.50	19.00	15.90	8.60	-7.10	-11.40	3.01
1941	-16.00	-16.10	-8.80	4.90	13.00	17.30	19.50	17.10	11.30	4.90	-5.40	-11.10	2.52
1942	-12.10	-15.50	-3.10	4.30	8.70	15.60	17.60	17.30	10.60	6.90	-6.80	-17.60	2.70
1943	-23.10	-15.30	-12.90	3.70	8.60	14.20	20.80	18.00	11.30	7.70	-4.10	-11.00	0.94
1944	-11.20	-17.00	-11.20	4.30	12.80	15.10	18.50	17.10	12.30	6.50	-2.90	-12.80	2.77
1945	-16.20	-14.20	-2.00	-0.40	6.50	14.60	18.20	18.10	10.60	4.40	-7.40	-16.90	1.62
1946	-17.70	-18.00	-1.80	6.10	9.60	15.40	19.70	17.30	11.70	3.50	-7.40	-15.30	1.79
1947	-14.60	-18.60	-9.40	1.30	7.30	15.10	20.50	19.50	11.20	9.40	-7.40	-15.80	1.58
1948	-18.80	-18.00	-11.50	1.20	11.60	15.80	19.40	19.20	16.10	7.60	-4.00	-15.00	1.90
1949	-19.30	-21.70	-9.50	5.30	11.10	16.80	19.40	20.80	11.60	4.60	-1.50	-16.20	1.88
1950	-27.10	-17.70	-11.40	-2.10	8.60	14.50	17.70	15.90	13.20	6.50	-8.20	-17.60	-0.53
1951	-20.00	-14.80	-10.80	1.80	12.90	14.30	18.20	16.10	10.50	3.60	-7.70	-16.00	0.54
1952	-19.50	-10.50	-7.70	8.50	11.40	16.90	18.70	17.80	13.70	3.70	-2.70	-9.00	2.86
1953	-16.40	-14.60	-6.60	1.30	10.40	15.90	18.50	19.70	11.40	9.30	-0.40	-11.20	3.29
1954	-23.50	-7.30	-8.80	0.10	7.50	15.70	19.50	17.00	11.40	5.30	-1.20	-8.70	2.04
1955	-17.40	-17.70	-14.30	8.10	12.50	17.00	21.20	20.70	12.10	6.40	-9.60	-18.40	2.52
1956	-17.30	-17.00	-10.90	-1.40	8.60	19.70	17.80	18.00	10.00	7.60	-3.20	-14.10	1.12
1957	-21.00	-15.50	-6.70	3.60	12.10	14.20	21.70	18.20	11.20	6.70	-4.40	-10.80	2.17
1958	-12.40	-15.00	-2.70	5.30	11.80	14.40	18.00	17.50	12.60	6.70	-5.00	-17.70	3.37
1959	-21.30	-18.20	-6.60	3.00	9.30	17.10	19.70	19.50	12.10	1.80	-9.20	-7.50	0.79
1960	-17.20	-14.40	-11.10	1.70	12.30	15.80	20.20	19.30	13.50	6.40	-4.60	-15.00	2.87
1961	-17.20	-11.50	-4.60	1.10	10.80	19.20	19.80	21.20	10.90	6.20	-3.40	-17.00	3.13
1962	-20.50	-20.00	-8.30	-0.10	10.40	18.00	18.30	18.10	11.80	7.80	-1.90	-12.50	1.38
1963	-20.70	-17.10	-5.80	4.50	9.50	18.60	21.40	19.20	14.30	12.40	-1.90	-16.50	3.49
1964	-15.00	-13.10	-12.40	4.40	12.00	14.90	20.30	16.10	10.60	6.10	-4.80	-19.10	1.88
1965	-22.00	-18.20	-14.20	2.90	9.90	16.50	17.60	16.90	7.60	6.70	-7.70	-10.30	-0.26
1966	-27.10	-19.30	-5.90	0.80	8.40	17.00	20.30	17.50	13.20	4.70	-10.20	-16.10	0.76
1967	-17.70	-21.50	-9.20	0.00	7.70	15.40	18.30	17.10	15.30	4.00	-4.00	-12.10	0.78
1968	-18.80	-17.60	-4.20	3.40	8.90	14.90	17.20	15.10	13.30	5.30	-2.80	-15.10	1.88
1969	-22.30	-14.30	-11.20	5.50	10.10	11.80	18.10	20.50	12.30	2.10	-3.70	-10.50	1.15
1970	-20.20	-16.50	-13.40	1.10	9.00	18.60	20.20	18.60	12.50	5.70	-5.00	-17.60	1.68
1971	-22.70	-14.10	-6.90	2.90	9.90	17.30	16.10	18.50	12.90	6.00	-5.90	-15.40	1.37
1972	-22.30	-19.60	-8.30	2.90	14.30	17.10	16.80	18.20	10.00	2.10	-7.00	-19.50	0.73
1973	-14.30	-14.20	0.10	1.90	10.40	15.90	18.00	19.60	11.70	7.50	-7.70	-16.00	2.45
1974	-22.70	-17.90	-11.40	1.50	8.30	16.90	21.60	16.30	9.50	5.50	-3.60	-8.90	0.67
1975	-16.10	-16.90	-11.00	1.90	11.90	16.60	21.20	16.40	10.60	6.60	-2.20	-14.40	2.51
1976	-18.30	-11.80	-10.10	5.70	11.60	18.00	19.40	19.00	13.00	2.70	-6.10	-18.70	2.39
1977	-21.20	-11.90	-3.10	7.10	17.50	16.40	19.10	14.10	12.00	7.10	-5.10	-17.60	2.78
1978	-21.40	-17.90	-8.40	3.10	14.20	15.80	18.60	17.10	14.20	6.00	-8.60	-18.00	1.26
1979	-22.70	-22.10	-10.00	-0.80	7.10	16.00	20.70	16.20	12.70	4.10	-5.20	-10.00	-0.17
1980	-18.90	-16.10	-10.10	7.70	15.50	16.70	20.20	16.70	11.00	3.80	-2.20	-15.70	2.86
1981	-14.30	-10.30	-1.20	4.40	10.70	15.80	20.10	19.90	12.20	5.10	0.80	-13.10	3.96
1982	-25.40	-14.70	-7.50	2.50	13.20	13.40	19.80	16.60	12.00	6.00	-6.00	-10.10	1.40
1983	-12.60	-10.70	-4.90	3.00	8.10	16.90	22.00	22.30	12.70	5.40	-2.10	-20.50	4.17
1984	-16.90	-7.00	-7.30	7.00	10.00	16.80	19.40	20.80	10.40	6.20	-5.10	-17.80	2.82
1985	-18.00	-17.10	-3.00	6.10	12.90	13.80	18.60	16.10	9.80	4.90	-12.10	-17.90	1.18
1986	-13.30	-15.20	-4.60	4.30	13.80	16.60	19.30	17.30	11.50	5.20	-9.80	-10.30	2.27
1987	-12.00	-6.60	-4.90	8.60	14.60	18.80	19.80	17.10	13.90	3.20	-1.00	-8.30	5.10
1988	-18.30	-15.80	-4.60	5.00	14.50	21.90	21.00	20.00	12.50	3.70	-4.50	-12.90	3.92
1989	-15.90	-18.60	-10.10	2.50	13.60	16.30	22.00	19.40	13.50	5.70	-7.80	-19.90	2.31
1990	-11.70	-14.70	-4.20	2.70	10.20	17.50	19.10	19.90	13.80	5.00	-4.40	-16.50	2.77
1991	-19.00	-10.10	-5.50	7.10	14.40	18.80	19.60	20.80	11.90	1.80	-8.60	-11.00	2.89
1992	-11.60	-10.20	-4.40	2.40	12.40	14.80	15.80	16.30	10.90	4.90	-4.80	-16.70	2.96
1993	-16.70	-14.90	-5.60	4.20	11.10	15.40	17.70	17.80	10.20	3.00	-5.70	-23.20	1.65
1994	-23.20	-17.90	-2.50	3.40	12.30	18.00	18.10	16.50	14.20	8.10	-1.8	-10.7	2.9
1995	-16.10	-16.20	-5.30	0.40	10.6	20.10	19.50	19.90	12.30	4.50	-10.70	-16.70	2.0
1996	-22.60	-15.70	-13.20	-1.70	9.30	18.40	18.90	19.30	12.70	5.30	-12.00	-18.40	0.17
1997	-20.10	-13.80	-10.50	-0.30	8.30	18.80	20.00	18.00	14.20	5.00	-5.70	-5.30	1.29
1998	-14.40	-4.60	-5.50	7.90	12.30	15.60	19.20	20.70	14.40	6.20	-3.10	-12.80	5.28
1999	-17.70	-8.20	-2.40	6.80	12.00	16.10	19.10	18.00	11.00	4.30	0.60	-8.70	3.90
2000	-17.30	-8.90	-0.10	4.00	10.90	14.50	19.40	18.80	11.60	6.40	-5.30	-22.00	3.77
2001	-12.60	-18.30	-6.20	5.10	12.70	16.20	20.40	19.30	13.70	4.3	0.9	-10.5	3.8
2002	-14.6	-10.0	-11.7	1.9	8.0	17.8	20.8	18.2	13.8	-0.5	-5.5	-8.5	2.5
2003	-15.6	-19.4	-8.2	5.4	12.6	16.7	19.4	21.6	12.6	6.6	-7.2	-9.7	2.9
2004	-21.7	-11.7	-5.9	3.6	7.4	14.1	18.2	14.3	14.6	6.0	-0.9	-14.5	2.0
2005	-19.5	-13.7	-8.1	7.4	10.0	17.6	20.1	18.0	14.4	6.9	-2.9	-9.1	3.5
2006	-7.4	-16.0	-6.1	9.4	12.0	18.2	21.5	19.8	13.6	3.5	-4.6	-9.7	4.5
2007	-16.0	-18.8	-5.1	4.2	12.2	17.3	21.3	17.6	13.2	6.5	-4.0	99	99
2008	99	99	99	99	99	99	99	19.5	13.0	6.2	-4.21	-19.3	99
2009	-19.9	-14.6	-7.8	3.3	8.3	15.6	16.5	17.2	17.7	3.3	0.8	-14.9	2.12
2010	-13.76	-14.3	-0.7	8.3	12.1	16.6	20.2	18.9	11.5	8.2	-3.4	-14.3	4.11
2011	-19.2	-14.5	-8.5	4.5	11.3	17.1	21.2	20.3	16.7	7.4	-2.1	-8.1	3.8
2012	-10.8	-10.1	2.2	5.9	12.2	17.8	22.3	19.3	12.6	4.0	-6.0