1926	2.43	3.43	6.93	13.33	17.93	22.33	23.83	22.83	17.13	15.53	11.03	4.63	12.61	
1927	2.43	-1.83	9.13	11.63	18.23	22.63	23.23	25.43	22.53	17.03	9.33	2.33	12.81	
1928	0.37	-0.83	2.93	15.13	18.13	21.23	25.03	24.23	20.33	11.73	10.33	3.33	11.88	
1929	-1.13	-1.83	1.33	11.83	19.63	20.93	23.13	27.03	17.43	14.33	9.93	4.73	11.53	
1930	3.23	2.73	8.43	13.33	16.63	19.33	25.13	24.73	20.03	14.33	8.63	4.93	12.82	
1931	2.23	5.13	7.33	10.53	16.73	20.23	24.83	24.63	20.73	13.43	4.73	0.47	12.27	
1932	-1.13	-1.13	6.53	11.53	16.93	21.53	24.03	22.93	20.43	17.93	7.13	2.03	11.88	
1933	-0.43	3.53	4.13	8.43	15.63	19.13	22.43	23.83	17.03	12.93	9.93	-0.43	10.6	
1934	-1.63	-1.43	9.23	13.73	17.53	20.63	24.03	23.63	19.43	14.43	9.53	4.03	12.05	
1935	-2.53	1.93	5.63	11.43	19.23	22.63	23.93	24.83	20.43	15.03	6.83	6.63	12.51	
1936	4.13	5.03	8.33	13.33	15.13	19.33	24.53	25.43	17.53	14.33	7.83	-1.13	12.25	
1937	-2.53	4.93	10.93	13.83	16.53	20.23	26.53	24.83	23.33	14.73	9.93	5.23	13.3	
1938	-0.93	1.53	4.63	11.33	17.03	21.43	25.73	26.03	18.83	14.33	6.83	5.73	12.22	
1939	4.03	2.13	4.93	12.93	18.93	20.53	24.13	23.43	19.73	15.83	7.13	5.13	12.73	
1940	-1.23	5.03	5.83	13.23	15.43	20.83	25.63	24.23	19.23	15.43	9.33	5.73	12.53	
1941	2.83	5.03	6.03	13.43	18.13	22.63	24.63	23.63	18.03	11.73	4.73	-3.33	11.98	
1942	-2.93	4.13	6.33	11.03	17.83	23.93	23.93	24.23	18.83	13.23	8.03	0.87	11.87	
1943	0.27	-4.53	0.87	10.83	15.33	20.23	22.93	24.73	19.83	16.83	10.63	2.73	10.92	
1944	1.03	4.83	7.53	13.03	16.03	22.23	24.43	23.13	19.93	15.83	8.83	4.73	12.81	
1945	1.93	-1.13	3.13	10.43	19.83	20.53	24.43	25.53	20.83	12.23	8.73	1.63	11.7	
1946	1.53	3.43	5.63	12.83	16.83	20.73	23.83	24.53	21.33	11.13	10.73	4.73	12.29	
1947	-1.23	3.43	10.73	14.03	18.43	23.13	25.33	23.33	19.23	12.43	9.33	5.93	12.98	
1948	6.13	2.53	2.13	11.23	16.73	20.33	24.63	25.63	18.83	13.23	5.53	-1.33	11.76	
1949	-3.23	-3.63	2.83	8.43	18.83	21.63	22.63	22.83	16.13	13.63	10.43	4.93	10.5	
1950	-6.03	-4.23	5.13	15.73	16.63	19.73	23.33	22.73	22.33	11.43	7.33	5.23	11.08	
1951	3.2	4.8	9.0	12.9	17.0	20.2	23.4	24.21	20.2	9.9	8.1	-0.7	12.09	
1952	2.3	3.7	5.8	12.5	15.1	18.8	23.2	25.1	22.6	15.3	9.2	7.2	12.72	
1953	4.3	3.3	1.01	11.5	15.5	20.41	23.9	24.3	18.5	13.6	4.8	-2.2	11.26	
1954	-3.1	-0.8	6.9	9.8	16.9	21.7	26.2	25.6	20.1	14.9	9.9	4.6	11.98	
1955	5.2	7.7	8.0	10.5	17.4	22.7	23.9	22.8	19.3	16.3	8.6	4.0	13.23	
1956	2.3	1.0	2.8	13.1	15.01	21.1	23.8	25.8	17.6	12.1	6.2	1.31	11.41	
1957	-1.2	4.7	6.8	13.9	15.9	22.3	26.0	26.7	21.4	15.3	7.8	3.6	13.03	
1958	2.7	5.7	7.2	11.6	18.1	20.5	23.6	24.1	18.0	12.9	7.8	4.4	12.48	
1959	2.9	-4.0	5.41	12.3	16.8	20.1	24.0	22.6	16.2	10.7	7.0	6.0	11.17	
1960	3.7	0.8	6.2	11.6	18.0	20.1	24.4	22.8	19.3	15.9	10.3	6.2	12.5	
1961	-0.20	1.40	4.70	13.30	16.80	20.00	23.50	23.50	16.20	12.90	9.00	3.60	12.23
1962	2.30	2.00	8.40	11.70	17.50	20.90	24.60	25.50	19.10	14.10	12.10	5.20	13.48
1963	2.80	4.90	4.30	10.90	14.90	19.70	22.90	24.40	19.50	13.90	8.60	3.40	12.67
1964	-3.00	-0.80	7.40	10.20	14.50	19.30	22.80	21.30	17.90	14.40	7.70	4.90	11.26
1965	2.10	-0.20	7.30	9.90	15.30	20.80	22.70	23.20	19.80	10.40	7.60	4.90	11.98
1966	2.70	6.40	7.50	12.60	15.20	19.80	24.20	24.30	18.50	16.40	12.30	4.40	13.73
1967	0.30	-2.20	4.90	10.60	15.30	18.40	21.80	22.80	18.30	14.10	6.10	4.10	11.23
1968	-1.20	1.20	5.30	13.90	18.70	18.90	23.10	21.60	17.90	12.40	8.90	4.20	12.07
1969	0.30	1.10	7.00	8.50	17.30	20.90	21.00	24.20	19.80	12.50	7.70	5.80	12.04
1970	4.60	5.00	7.90	13.80	14.90	19.90	24.20	22.10	18.40	11.40	8.00	1.00	13.00
1971	5.10	3.30	7.50	10.80	16.00	19.50	23.10	22.30	19.50	11.20	7.80	1.90	12.26
1972	-3.50	-2.10	6.40	14.00	16.60	20.30	23.60	22.80	18.90	13.40	6.30	-0.10	11.55
1973	-2.30	5.50	4.60	10.70	16.40	18.90	23.00	21.80	19.70	13.90	5.30	1.90	11.45
1974	-3.70	3.00	8.40	9.50	15.40	21.00	22.60	22.10	17.30	17.10	7.60	1.00	11.85
1975	-0.90	1.30	8.60	13.40	15.10	20.60	24.20	23.10	18.90	12.80	6.10	-1.50	12.02
1976	-3.00	-3.30	4.90	11.20	16.00	18.60	22.00	21.00	17.00	14.50	9.20	2.10	10.55
1977	-0.80	6.70	6.10	11.50	16.50	19.60	23.40	23.30	18.30	10.50	9.60	1.50	12.23
1978	1.50	6.40	7.90	10.30	16.20	19.90	23.50	21.50	17.80	14.10	5.20	3.90	12.15
1979	1.70	5.20	8.80	11.40	16.40	20.70	21.90	24.30	19.90	13.10	8.60	0.50	12.99
1980	-2.70	0.40	5.40	10.00	15.80	20.10	25.10	22.80	17.00	14.40	8.50	4.20	11.44
1981	3.20	3.20	7.90	10.60	13.70	21.00	23.60	22.30	19.80	16.10	6.30	7.00	12.66
1982	2.30	1.00	5.20	11.60	16.60	19.60	20.60	21.70	19.60	13.10	5.50	3.80	11.98
1983	-2.00	1.30	6.70	12.60	16.30	18.70	22.10	20.70	19.20	11.80	7.30	3.60	11.54
1984	3.40	4.90	6.70	9.00	16.60	19.90	21.90	19.60	20.40	14.20	8.00	-0.30	12.35
1985	3.20	-2.70	3.80	12.20	17.90	20.20	20.90	25.20	18.40	11.00	9.30	2.40	11.59
1986	3.50	4.20	8.10	13.70	13.20	19.20	23.10	26.10	20.80	12.90	4.60	1.60	12.65
1987	2.50	5.00	1.30	9.40	15.40	19.20	23.90	21.80	19.90	12.20	6.80	2.90	11.58
1988	2.00	3.20	5.20	11.70	16.00	18.70	23.30	23.00	18.20	11.30	3.90	3.70	11.62
1989	-2.20	0.70	9.00	16.30	15.70	19.60	23.20	24.60	18.40	11.60	6.80	0.70	12.28
1990	-3.80	2.10	7.20	10.50	14.40	19.10	23.70	22.00	17.40	13.10	9.60	3.70	11.33
1991	-0.30	99	99	10.60	13.80	99	99	99	18.00	99	7.20	-0.60	11.44
1992	-4.10	-3.10	3.80	11.30	16.10	18.90	20.40	23.30	16.60	15.00	5.30	0.60	10.24
1993	-4.10	-0.80	5.60	10.30	15.20	19.60	22.80	23.00	99	14.90	3.90	3.90	10.73
1994	3.70	2.10	6.70	6.70	16.90	20.50	24.10	23.40	22.70	15.90	5.50	0.40	12.68
1995	3.20	5.10	6.60	9.80	17.50	21.70	20.70	23.30	18.90	11.50	3.30	2.80	11.83
1996	1.70	4.70	3.80	9.20	17.80	20.10	25.10	23.30	17.00	11.50	8.00	6.50	12.08
1997	2.20	0.60	3.30	7.40	17.30	20.20	22.70	20.80	15.90	12.80	7.20	3.60	11.41
1998	2.10	3.10	3.90	13.50	15.90	20.10	24.60	25.10	19.30	14.50	8.40	4.50	12.84
1999	3.20	3.10	6.50	12.00	16.80	19.90	24.30	23.70	18.70	13.80	6.60	4.90	12.76
2000	-3.50	-1.20	4.40	12.90	15.40	19.70	26.40	22.70	18.80	12.10	8.60	2.10	11.77
2001	2.90	4.00	11.40	12.50	14.70	21.80	26.20	24.60	20.70	13.10	6.80	2.40	13.40
2002	-3.90	4.90	8.50	10.30	16.60	20.70	24.70	22.40	18.20	13.20	7.90	-0.90	12.16
2003	5.30	-0.40	3.10	10.20	18.90	22.50	23.40	24.20	17.90	14.30	7.90	1.80	12.20
2004	0.10	2.30	7.10	11.40	15.70	19.90	23.50	22.80	19.20	14.10	7.10	2.20	12.08
2005	3.40	2.40	6.10	11.50	16.50	19.40	24.90	25.30	18.60	10.70	6.00	2.90	12.25
2006	-1.80	0.30	7.40	13.00	16.50	21.50	23.10	27.10	18.10	13.50	5.50	1.10	12.26
2007	1.30	2.60	7.20	9.10	20.40	22.5	26.7	26.3	20.7	15.3	6.8	1.9	13.33
2008	-4.1	0.0	10.0	13.8	15.4	22.0	24.9	26.6	19.8	13.3	8.7	1.9	12.69
2009	2.3	4.3	5.3	11.0	15.8	21.9	23.5	23.2	18.2	16.7	7.2	5.3	12.61
2010	3.0	6.4	8.2	11.9	17.7	21.2	25.6	22.3