1929	1.50	-3.60	2.40	10.80	20.30	23.40	25.00	27.80	18.90	15.40	11.60	5.30	12.80
1930	3.50	3.80	9.30	13.60	17.50	21.10	24.80	24.30	20.60	14.70	8.90	5.90	13.95
1931	4.50	4.50	8.00	11.30	18.50	23.30	26.00	25.10	19.00	13.80	7.00	1.70	13.91
1932	2.50	-1.90	4.80	13.70	18.70	22.80	25.90	24.20	22.80	20.10	8.70	6.60	13.67
1933	-0.70	3.80	5.90	11.00	15.90	20.40	22.80	23.10	17.20	14.80	12.20	0.70	12.75
1934	2.70	2.30	10.10	15.00	20.10	23.20	25.50	25.50	20.30	15.50	11.40	6.00	14.36
1935	2.00	3.60	5.20	13.10	17.90	22.40	24.30	24.50	20.00	17.30	8.20	7.20	13.71
1936	7.60	4.90	9.90	14.40	16.60	20.70	25.20	23.40	18.80	14.40	9.30	3.20	14.37
1937	0.00	6.00	11.70	12.20	18.40	22.90	26.00	24.40	22.20	14.20	10.20	7.40	14.28
1938	2.40	4.20	8.00	11.60	17.90	22.80	26.60	25.80	19.50	15.60	10.00	4.60	14.32
1939	6.40	4.70	7.10	13.80	18.10	21.00	25.80	23.70	19.20	15.90	7.60	4.60	13.99
1940	-1.10	3.80	4.90	12.00	16.20	21.50	24.90	21.50	18.90	15.00	11.60	-0.70	12.82
1941	4.10	8.70	8.10	14.40	17.90	21.10	23.90	23.30	15.90	12.90	6.10	1.10	12.98
1942	-5.10	2.60	4.90	11.60	19.10	23.80	23.60	23.30	20.90	14.30	6.70	2.70	12.23
1943	-1.30	3.00	5.00	12.70	16.30	20.40	23.60	24.60	21.00	15.00	11.70	5.30	12.89
1944	-0.40	3.80	7.30	12.50	16.40	22.50	23.90	22.50	19.90	16.10	9.80	3.80	13.30
1945	1.30	2.90	6.80	12.40	20.20	22.30	25.00	26.30	20.70	13.00	9.10	3.90	13.65
1946	0.70	4.10	7.60	13.00	18.80	24.20	26.50	26.80	22.70	12.20	10.80	3.10	14.28
1947	-3.10	4.80	12.00	15.60	18.40	23.50	25.70	23.60	19.60	12.30	9.50	7.10	13.75
1948	7.80	2.50	5.90	12.90	17.70	20.70	23.70	24.80	19.60	15.00	7.40	-1.80	13.76
1949	2.80	2.80	4.80	11.20	19.60	21.80	23.80	22.50	18.50	13.90	10.80	6.10	12.56
1950	-2.20	4.30	7.60	16.30	18.60	23.00	26.80	24.60	22.50	14.20	9.20	9.00	14.25
1951	5.10	5.80	9.70	14.10	19.40	22.20	25.10	25.20	20.30	11.60	10.00	3.30	14.79
1952	5.40	5.10	5.60	13.80	16.80	21.50	24.50	27.00	23.10	15.10	10.60	7.80	14.32
1953	3.70	6.00	4.90	12.70	16.40	22.00	25.10	24.20	19.70	14.70	5.10	0.90	13.53
1954	-2.90	-2.70	7.10	11.10	17.90	24.20	25.90	25.00	21.60	14.30	9.00	5.40	12.62
1955	5.80	9.50	7.30	9.90	18.70	21.50	23.80	21.90	19.70	16.10	7.80	6.00	13.95
1956	4.80	-0.10	3.70	13.60	17.20	21.20	24.20	25.30	19.20	13.80	6.90	3.50	12.98
1957	1.90	6.40	6.80	12.30	16.20	23.20	25.20	25.40	20.50	14.80	9.10	3.70	13.78
1958	3.80	8.20	6.80	11.80	20.30	22.10	25.00	24.70	18.60	13.40	9.50	7.90	13.99
1959	2.80	2.20	7.60	12.60	17.50	20.60	24.60	23.80	16.90	11.00	8.40	8.00	12.99
1960	4.80	5.40	6.80	11.60	17.10	20.60	23.20	24.00	18.00	17.60	12.20	9.40	14.11
1961	3.00	3.30	9.20	15.20	17.30	21.50	23.50	23.70	18.70	14.40	12.10	3.90	14.28
1962	3.80	4.20	8.30	13.00	19.50	21.90	24.30	25.70	20.00	14.90	13.50	2.70	14.42
1963	-1.30	4.80	5.90	11.90	18.00	22.30	25.20	25.40	21.10	14.40	11.10	4.20	13.46
1964	0.10	3.10	7.20	12.90	16.30	22.60	23.70	23.00	18.50	15.70	10.00	6.40	13.11
1965	4.20	0.40	7.60	11.00	16.70	22.90	24.80	22.30	20.80	12.60	10.00	7.50	13.31
1966	3.60	9.80	8.20	14.50	17.30	21.00	24.80	25.10	19.40	18.10	11.80	5.70	15.09
1967	0.40	2.40	8.00	12.60	18.40	20.70	23.90	24.60	20.40	14.70	9.50	4.10	13.44
1968	1.50	6.40	7.60	14.90	21.50	22.30	25.10	23.20	20.00	13.00	10.60	3.30	14.18
1969	-2.00	5.80	5.80	11.50	20.50	22.80	22.70	23.90	20.90	14.00	11.00	6.50	13.35
1970	5.50	6.50	8.50	15.00	16.80	22.20	25.30	24.20	19.60	12.50	9.90	5.00	14.38
1971	5.90	4.80	7.00	12.30	19.40	21.90	22.70	24.40	18.60	12.00	9.20	4.80	13.60
1972	2.70	4.30	8.10	15.50	18.60	23.80	25.00	24.40	18.60	12.50	9.70	3.80	14.00
1973	1.70	6.70	6.30	13.10	18.90	21.20	24.60	22.60	20.60	14.70	6.80	4.20	13.42
1974	1.30	5.80	7.50	11.10	16.80	21.70	23.50	23.70	20.50	17.30	8.30	4.40	13.48
1975	2.80	3.10	10.50	14.30	18.60	22.20	24.70	22.50	21.40	14.00	7.30	3.20	13.82
1976	3.20	1.90	6.00	13.30	17.40	21.00	23.40	20.70	18.70	14.10	10.30	4.20	12.77
1977	3.10	9.60	8.80	13.00	18.30	21.90	24.30	24.20	18.80	12.20	11.40	2.60	14.15
1978	2.80	6.20	8.90	12.20	17.20	22.00	23.90	22.60	17.90	14.30	7.40	5.00	13.17
1979	2.90	5.70	10.50	12.00	19.00	24.00	22.90	23.70	20.40	13.00	10.20	6.10	14.11
1980	0.70	2.60	6.90	11.90	16.90	21.50	24.50	22.70	18.50	16.20	9.70	5.90	13.18
1981	1.40	4.10	9.90	12.80	16.00	24.30	23.70	23.60	20.30	16.70	7.10	7.30	13.82
1982	1.90	2.60	6.70	11.30	17.50	22.40	22.90	23.30	21.60	15.20	8.20	7.30	13.41
1983	4.20	4.20	8.60	14.50	19.20	20.10	24.40	22.10	19.80	12.70	6.70	4.30	13.65
1984	5.30	5.60	6.10	11.10	18.30	21.10	22.60	21.30	21.50	16.90	9.20	4.00	13.61
1985	2.80	0.10	6.20	14.10	19.70	21.20	23.20	24.50	19.50	12.00	10.20	6.60	13.13
1986	5.90	3.50	6.80	15.30	17.60	22.50	23.80	25.30	20.60	13.20	6.40	2.20	13.96
1987	1.40	5.50	3.70	10.90	16.70	22.50	25.60	22.40	21.20	12.40	10.50	3.20	12.92
1988	4.70	4.80	8.30	11.60	17.40	22.10	26.50	24.80	20.00	12.60	3.90	3.60	13.33
1989	1.90	6.20	10.20	15.90	16.20	20.40	23.20	24.10	19.60	13.00	7.20	3.20	13.46
1990	0.80	6.40	10.60	13.50	17.10	21.80	24.60	23.70	18.90	14.10	11.90	6.40	13.88
1991	2.10	99	99	11.50	16.00	99	99	99	19.90	99	9.20	0.70	13.36
1992	2.10	2.90	7.60	12.80	16.00	21.40	22.80	25.70	18.80	16.60	9.20	2.20	13.05
1993	1.20	1.20	6.40	12.30	17.20	21.70	23.60	24.20	19.70	16.00	5.50	6.40	12.60
1994	5.40	4.40	9.00	14.60	19.10	22.20	25.00	25.80	24.00	15.40	6.90	4.00	14.85
1995	2.50	7.70	8.10	12.30	17.70	24.00	24.40	23.40	19.60	99	5.70	5.10	13.50
1996	1.20	2.10	3.50	11.50	20.60	23.30	25.30	23.80	18.10	13.20	10.10	6.00	13.15
1997	3.20	4.30	6.10	9.20	99	23.10	24.40	21.60	17.30	12.00	9.30	4.00	12.67
1998	4.00	6.00	5.20	14.60	17.70	23.20	25.10	25.60	18.90	14.80	7.60	0.60	13.89
1999	3.40	3.60	8.60	14.20	18.30	23.50	25.60	24.90	20.60	15.50	8.70	6.70	13.96
2000	0.40	5.60	7.50	15.50	18.40	22.70	26.80	25.20	19.70	13.70	11.60	6.50	14.48
2001	5.40	6.50	12.00	13.00	18.30	22.60	27.30	26.50	21.20	15.80	8.20	-1.40	15.28
2002	1.80	8.20	9.30	11.70	18.40	23.40	26.70	24.20	19.80	14.70	10.40	3.00	13.93
2003	4.70	0.00	5.00	10.40	20.20	24.70	25.30	26.30	19.10	14.10	9.10	3.50	13.49
2004	2.20	4.90	8.60	13.20	17.10	22.10	24.60	24.00	20.60	16.50	9.80	5.50	13.93
2005	4.40	3.40	8.00	13.40	18.60	21.50	24.50	24.80	20.20	13.50	8.40	4.70	13.85
2006	0.30	3.30	8.50	14.00	18.40	22.40	23.80	26.20	19.80	14.70	8.20	3.80	13.69
2007	6.40	6.10	8.80	12.50	19.60	24.80	27.0	26.3	19.4	15.2	8.1	2.7	14.83
2008	1.1	4.4	10.9	14.3	18.1	23.3	25.2	26.4	19.6	14.9	10.1	6.4	14.25
2009	2.8	5.3	8.2	12.7	19.1	23.2	25.8	25.0	19.8	15.1	9.8	7.1	14.43
2010	2.5	5.8	7.6	13.7	19.5	23.0	24.7	27.7	21.0