1951	-1.10	0.00	0.50	6.10	10.70	14.50	15.80	16.80	13.10	4.40	4.80	-0.20	7.18
1952	-3.00	-3.60	-5.10	8.10	8.90	14.20	16.60	17.20	10.30	6.10	0.40	-3.50	5.83
1953	-4.30	-2.70	0.30	6.60	10.60	15.40	17.20	14.40	12.20	7.60	1.40	-2.30	6.27
1954	-10.60	-8.50	2.70	3.30	11.10	15.60	14.60	15.30	12.80	6.40	1.40	0.20	5.15
1955	-5.20	-3.80	-1.90	3.00	9.40	13.40	15.50	14.50	11.50	6.80	0.70	-0.60	5.34
1956	-3.30	-12.60	-2.60	5.00	10.60	13.90	15.70	14.70	11.70	5.90	-3.40	-2.70	4.58
1957	-4.90	-0.30	1.30	5.80	7.70	15.70	16.30	14.30	10.10	6.20	2.00	-2.80	5.96
1958	-4.60	-0.20	-3.80	2.50	14.30	13.00	16.20	15.20	10.90	7.10	2.40	-0.20	5.85
1959	-4.20	-4.20	2.80	5.70	10.50	13.20	17.20	14.90	9.10	5.10	0.70	0.50	5.88
1960	-5.40	-4.80	1.00	4.70	9.80	13.70	14.20	14.70	9.60	8.40	3.70	1.20	5.84
1961	-4.80	-1.80	3.50	8.70	9.10	15.20	14.40	14.70	13.10	8.10	1.90	-5.00	6.94
1962	-2.70	-4.40	-2.70	7.70	9.00	12.00	13.70	16.10	10.50	6.40	2.30	-8.10	5.24
1963	-11.40	-9.60	-1.80	6.10	11.40	14.70	17.10	16.30	13.00	6.40	5.50	-6.80	4.97
1964	-8.40	-4.90	-2.10	6.80	10.80	17.30	15.90	14.10	11.30	6.30	2.50	-2.60	5.23
1965	-3.70	-7.70	-0.20	4.50	9.10	14.30	14.60	12.90	11.30	4.60	-2.10	-2.40	4.58
1966	-6.80	2.50	0.80	8.10	11.50	14.00	15.50	14.40	10.90	10.40	1.60	-3.40	6.71
1967	-6.20	-2.80	2.10	5.70	11.50	13.80	17.10	15.10	13.50	9.20	1.70	-4.30	6.44
1968	-6.20	-1.10	1.30	8.00	11.30	15.50	14.70	14.10	11.60	6.70	2.80	-7.10	6.20
1969	-7.10	-3.30	-2.70	4.80	13.70	13.90	16.00	14.50	11.90	7.30	4.30	-6.80	5.52
1970	-4.40	-5.30	-1.20	5.30	9.90	14.90	15.50	14.90	10.00	5.70	3.40	-2.10	5.16
1971	-3.60	-1.80	-1.70	6.50	12.80	13.20	15.50	16.20	9.00	6.00	1.00	0.80	5.92
1972	-5.90	-0.20	3.20	6.80	11.00	14.90	16.90	14.30	9.10	4.10	2.00	-2.40	6.42
1973	-3.10	-1.20	0.80	4.80	11.70	13.60	15.30	15.10	12.20	5.20	-0.80	-2.40	5.93
1974	-2.10	1.00	3.40	5.30	9.80	12.00	14.70	16.90	11.80	3.60	1.30	-1.20	6.28
1975	0.30	-3.30	2.80	6.00	12.30	14.10	16.40	15.60	13.60	6.50	0.20	-2.20	6.94
1976	-4.60	-5.10	-2.60	6.30	10.80	13.80	16.40	12.60	11.10	8.00	3.20	-3.80	5.64
1977	-3.80	-0.70	3.60	5.20	11.10	14.80	15.30	14.50	9.40	8.20	2.10	-5.70	6.33
1978	-4.20	-4.90	2.10	4.50	9.40	13.30	14.00	12.90	10.00	7.20	-0.90	-2.70	4.81
1979	-6.30	-3.90	2.10	4.80	12.00	16.60	14.00	14.40	12.60	4.50	1.80	-0.10	5.83
1980	-7.80	-2.00	-0.60	3.80	8.10	13.30	14.90	14.50	10.20	7.00	-0.90	-3.40	5.03
1981	-6.30	-2.60	3.70	5.00	11.60	15.50	15.40	14.70	12.00	7.60	0.60	-4.40	6.15
1982	-7.90	-5.70	1.30	3.40	12.00	15.30	16.30	16.40	14.60	7.30	2.30	-1.00	5.91
1983	-0.10	-4.30	2.40	8.00	12.80	14.40	17.10	15.40	12.40	6.30	-0.60	-2.10	6.90
1984	-3.10	-3.90	-0.70	5.50	10.40	12.30	13.70	14.50	11.50	8.60	1.50	-4.40	5.68
1985	-8.70	-8.50	1.30	6.00	11.80	11.70	15.50	15.10	11.30	5.60	-1.50	-0.20	4.60
1986	-4.20	-9.10	0.80	8.00	12.80	13.70	14.90	15.70	11.00	6.30	1.90	-5.10	5.97
1987	-10.00	-3.00	-5.00	5.70	9.80	14.60	17.30	13.60	13.10	6.90	2.30	-2.30	5.02
1988	-0.40	-0.60	-1.20	5.60	11.60	13.50	16.50	15.20	11.70	5.80	-3.70	-1.60	5.98
1989	-3.40	0.20	3.80	8.10	10.90	12.70	15.20	15.20	12.00	7.80	0.20	-1.20	6.76
1990	-3.00	1.90	4.70	5.50	11.20	13.90	15.10	15.60	9.40	6.90	3.10	2.90	6.93
1991	-2.60	-6.50	3.20	4.50	8.40	13.90	17.10	15.40	12.30	99	2.30	-5.80	6.54
1992	99	-3.70	0.80	6.20	10.80	15.10	16.70	19.30	10.50	5.00	2.00	-4.00	5.87
1993	-2.30	99	-0.50	6.00	13.70	14.00	15.20	15.30	10.60	7.70	99	-0.10	6.22
1994	0.30	-3.50	3.30	6.70	10.90	14.70	18.60	16.80	14.00	5.20	1.70	99	7.38
1995	99	1.40	1.10	6.10	10.40	99	17.90	15.30	10.60	8.00	-2.00	-4.10	5.99
1996	-6.60	-6.30	-2.40	6.00	13.20	15.10	14.30	15.30	8.40	6.90	4.60	-8.20	5.37
1997	-7.40	-1.50	1.20	2.90	12.10	15.00	15.10	15.90	11.30	4.40	2.20	-1.30	5.25
1998	-1.90	1.50	-0.40	7.90	11.20	15.80	16.40	16.10	11.60	7.20	-1.80	-6.00	6.86
1999	-2.60	-3.10	2.60	7.90	11.20	15.70	17.30	15.10	14.20	7.00	-0.30	-2.40	6.58
2000	-5.70	-0.90	1.20	9.30	13.20	15.20	14.80	16.90	10.50	10.40	5.80	-0.30	7.36
2001	-3.20	-1.80	2.70	6.30	13.00	13.50	16.90	17.50	10.00	9.70	-0.40	-6.90	6.99
2002	-3.90	1.90	3.40	6.10	14.00	16.00	17.70	16.80	10.40	5.50	3.70	-6.40	7.06
2003	-4.80	-6.40	0.90	5.10	14.40	16.50	17.00	17.90	11.60	4.10	3.60	-2.00	6.13
2004	-6.40	-2.00	1.30	7.00	9.80	14.30	15.60	15.90	11.10	8.20	2.00	-2.20	6.23
2005	-3.80	-6.30	-1.60	7.20	12.10	14.20	17.10	15.20	12.40	7.20	0.10	-3.30	5.97
2006	-10.00	-6.10	-1.40	7.40	11.30	15.00	18.50	15.10	13.40	13.40	4.00	-0.30	6.44
2007	1.40	0.20	3.90	8.30	8.30	16.60	17.90	16.9	10.3	6.0	0.1	-4.0	7.47
2008	-0.8	0.6	1.9	7.2	11.8	16.4	17.0	16.8	11.0	8.4	3.3	-0.9	7.47
2009	-5.0	-2.9	0.8	9.4	12.1	14.5	18.0