1939	99	99	99	99	99	99	99	99	24.50	27.30	28.80	30.50	99
1940	28.70	29.80	29.90	28.00	22.40	21.90	20.30	22.90	25.30	28.60	30.30	30.50	26.55
1941	30.00	31.20	29.80	29.50	24.90	21.90	22.40	22.10	26.20	27.00	28.90	30.70	27.03
1942	28.40	28.20	29.90	28.30	27.00	24.20	22.20	24.40	26.00	27.00	28.70	29.20	27.08
1943	29.50	28.40	28.70	28.00	23.20	99	99	23.20	23.40	26.60	28.90	29.90	25.77
1944	30.20	30.50	29.80	27.80	24.30	21.30	20.20	23.20	26.20	28.40	30.50	29.70	26.86
1945	30.10	29.70	28.70	28.60	25.10	22.90	20.60	24.70	25.40	27.90	29.30	29.70	26.89
1946	29.70	29.20	30.10	26.20	25.20	21.50	23.00	24.20	25.00	28.00	27.60	29.80	26.62
1947	30.30	29.10	28.20	27.50	24.60	23.60	24.10	23.40	25.40	26.80	28.90	29.90	26.81
1948	30.10	29.20	29.50	27.70	25.10	21.20	21.10	22.20	25.00	27.50	28.40	30.30	26.41
1949	31.20	28.30	30.00	27.20	23.90	20.20	19.30	22.70	25.00	26.40	28.20	31.10	26.06
1950	29.00	29.50	29.80	28.20	25.50	22.40	19.00	22.20	25.30	27.60	29.40	29.40	26.58
1951	29.60	29.40	29.40	29.70	24.80	22.40	20.40	22.00	25.10	27.50	29.60	31.60	26.61
1952	30.20	30.30	30.80	29.90	25.70	20.70	23.10	21.40	25.40	26.90	29.10	29.50	27.09
1953	29.70	30.00	30.50	30.30	25.10	23.90	22.40	21.10	24.70	28.00	28.50	30.50	26.98
1954	31.30	31.10	31.10	28.20	25.20	20.40	20.70	21.90	24.70	28.80	30.00	30.90	26.99
1955	29.70	29.70	30.10	28.10	24.10	23.50	20.50	24.80	26.70	27.50	28.80	30.50	27.03
1956	30.50	28.50	29.00	29.50	23.40	22.40	20.60	23.10	24.70	27.10	28.90	30.00	26.52
1957	29.90	28.90	30.20	29.20	25.10	23.10	20.50	21.70	24.60	27.20	29.60	30.20	26.67
1958	30.00	30.40	30.00	30.00	27.80	24.10	22.80	24.60	24.20	27.00	29.70	30.70	27.57
1959	30.90	31.10	31.20	29.00	24.80	23.00	22.20	24.00	25.90	27.40	29.60	30.20	27.48
1960	29.30	29.10	30.00	29.60	23.50	21.90	21.70	22.60	24.80	27.80	29.30	29.90	26.65
1961	30.10	29.20	29.50	29.90	25.10	21.00	19.60	21.50	25.10	28.70	30.10	30.90	26.64
1962	28.20	28.60	29.90	28.50	24.00	24.20	20.90	21.20	25.10	25.80	29.20	30.10	26.38
1963	28.90	28.70	29.90	28.40	24.90	21.90	20.60	21.30	24.50	27.60	29.30	30.20	26.34
1964	28.90	30.20	30.50	28.90	24.90	22.00	20.60	22.10	25.80	26.60	28.50	29.60	26.60
1965	30.30	30.40	28.40	27.20	25.80	23.30	20.00	21.90	25.40	27.30	29.30	30.00	26.57
1966	29.90	28.60	29.20	28.60	24.20	23.10	22.00	21.60	24.20	26.80	28.70	30.40	26.41
1967	29.60	28.40	28.80	28.60	25.70	19.60	19.40	21.40	24.30	27.10	29.60	30.70	26.07
1968	29.90	28.40	29.30	27.90	23.20	23.60	20.30	21.60	25.40	28.00	29.80	30.10	26.51
1969	29.80	29.00	29.10	26.50	25.10	21.00	21.30	21.80	24.20	27.10	29.10	30.00	26.18
1970	31.30	30.40	30.60	28.70	25.40	23.30	21.20	22.40	25.00	28.70	29.00	29.80	27.17
1971	30.00	29.30	29.30	27.90	24.50	21.10	19.90	23.30	25.90	27.70	28.80	29.50	26.46
1972	30.50	30.40	29.30	28.10	24.50	22.20	21.20	23.20	25.60	27.80	29.70	31.20	26.83
1973	28.90	29.90	30.20	29.10	25.80	22.90	24.20	25.30	25.50	28.40	29.50	30.80	27.58
1974	27.80	29.30	29.30	26.40	24.20	20.60	21.60	23.40	25.50	27.50	28.80	30.40	26.27
1975	30.30	29.10	29.90	29.10	25.40	21.60	23.10	22.90	26.00	27.80	30.00	29.60	27.13
1976	28.20	28.70	28.50	27.60	22.50	19.80	20.30	21.70	23.80	26.40	27.90	29.80	25.42
1977	30.60	30.00	29.20	28.90	24.80	21.50	20.20	21.50	24.20	27.80	29.70	30.40	26.52
1978	30.00	29.50	29.60	28.00	25.20	21.80	20.20	22.60	23.50	26.90	30.00	29.90	26.48
1979	30.20	30.00	29.40	29.10	24.40	21.90	21.30	23.50	24.90	28.40	29.90	30.50	26.91
1980	29.90	28.50	29.90	28.10	25.60	23.80	22.50	23.60	25.90	27.80	29.40	31.00	27.12
1981	29.00	28.20	29.90	29.70	25.20	22.00	22.10	23.10	26.10	27.60	29.00	30.10	26.91
1982	29.20	28.90	28.80	27.40	23.90	21.20	20.80	22.20	26.00	27.50	30.40	31.00	26.37
1983	30.00	30.40	29.90	26.20	23.90	21.20	20.50	22.40	25.60	28.10	29.90	29.80	26.59
1984	29.10	29.70	29.10	27.80	26.10	21.50	20.20	22.20	25.10	28.30	30.10	30.00	26.58
1985	30.10	29.70	29.80	28.50	25.40	21.20	20.40	23.30	25.10	26.60	29.50	29.80	26.63
1986	29.50	29.80	30.00	29.70	25.50	23.90	21.30	21.10	24.80	26.40	29.10	30.30	26.74
1987	29.70	28.40	29.90	28.60	26.30	22.80	21.90	22.30	24.30	27.00	28.80	30.30	26.69
1988	31.50	31.50	30.70	28.90	27.10	23.30	22.50	23.40	26.00	29.50	29.10	29.30	27.82
1989	30.20	30.10	28.60	28.60	25.60	23.40	21.80	22.60	26.40	28.00	29.60	30.10	27.02
1990	30.30	30.50	30.70	29.10	25.90	23.40	22.10	22.50	25.90	28.20	30.50	31.10	27.43
1991	29.70	29.20	30.30	28.40	24.30	23.60	21.60	22.20	24.50	28.00	28.50	29.60	26.78
1992	30.30	30.20	30.70	29.70	27.40	24.20	22.60	23.40	24.60	28.10	28.70	29.60	27.46
1993	29.90	28.70	30.90	29.50	99	22.70	19.90	23.50	24.50	26.30	29.10	29.90	26.72
1994	30.10	29.50	28.90	27.30	24.00	99	20.30	21.20	24.50	27.80	29.40	29.60	26.16
1995	99	99	29.90	29.00	24.50	21.70	22.40	22.50	25.40	26.50	30.00	29.20	26.79
1996	30.40	29.10	28.60	27.60	23.30	24.00	21.90	23.60	25.00	28.70	29.70	29.40	26.76
1997	28.40	99	29.10	27.90	24.40	21.60	20.70	22.50	23.90	27.40	28.70	30.40	26.03
1998	30.10	29.90	30.50	28.90	25.50	23.80	22.40	23.50	25.80	29.20	30.10	29.50	27.51
1999	30.10	28.50	29.50	99	23.70	99	20.60	22.90	99	99	99	29.60	26.27
2000	29.00	28.90	28.20	27.80	23.30	19.90	21.60	99	25.40	27.70	28.30	29.10	25.94
2001	29.60	99	28.50	27.60	99	99	99	99	99	26.00	28.20	29.20	25.72
2002	29.90	28.40	30.70	29.80	26.00	21.30	20.50	22.30	23.80	28.70	30.40	31.20	26.75
2003	30.60	29.80	29.20	28.40	25.60	22.80	22.30	22.10	25.00	27.30	29.70	30.00	27.00
2004	29.30	28.70	29.10	28.20	24.60	21.70	21.50	21.10	23.70	28.20	30.00	30.70	26.34
2005	30.70	29.80	30.30	30.70	26.30	21.90	22.90	22.70	24.90	26.90	29.60	29.90	27.28
2006	28.30	29.80	29.00	27.70	23.80	20.50	19.40	22.20	25.00	28.00	30.50	30.50	25.89
2007	29.70	30.90	28.40	28.40	26.70	20.65	20.50	21.85	25.70	27.60	29.70	30.65	26.7
2008	30.2	28.65	29.25	28.55	24.4	22.5	20.35	22.8	27.05	28.7	29.95	30.1	26.88
2009	30.15	29.05	30.15	29.35	24.8	23.5	22.9	21.9	26.4	27.95	30.75	30.25	27.26
2010	29.8	30.95	31.55	30.6	26.2	23.8	23.6	23.65	26.5	28.7	30.4	30.5	28.0
2011	28.7	28.9	29.2	27.3	24.0	20.2	22.7	22.7	24.7	26.9	30.0	31.1	26.4
2012	29.6	29.9	28.6	27.7	23.2	21.4	20.6	22.4	25.5	29.0	30.7