1897	19.60	19.10	18.80	17.90	15.90	14.70	14.60	13.80	14.90	15.00	16.90	18.30	16.60
1898	20.20	20.40	19.70	18.10	16.90	13.50	14.30	14.60	15.70	15.20	16.90	19.40	16.98
1899	19.80	20.40	19.60	17.20	16.20	14.20	13.90	14.00	14.00	15.70	16.90	19.20	16.78
1900	19.00	19.80	17.70	17.40	15.90	14.90	13.70	13.20	13.90	15.90	17.40	19.10	16.50
1901	20.40	20.40	18.70	18.30	15.90	14.00	13.70	14.00	14.60	15.90	17.50	18.00	16.88
1902	18.80	19.40	20.30	19.00	16.80	14.50	13.50	14.70	14.60	15.30	17.10	18.10	16.83
1903	19.80	20.40	18.70	16.10	16.20	14.90	13.10	13.60	13.80	14.40	17.20	18.60	16.36
1904	20.00	20.00	20.90	19.00	15.70	14.50	13.60	14.50	14.90	15.10	17.20	19.00	17.00
1905	19.70	19.40	18.80	18.70	15.90	14.30	14.00	13.00	13.50	15.00	17.30	19.80	16.55
1906	21.00	20.20	19.80	19.00	16.80	15.00	13.10	13.40	13.30	15.70	17.60	19.80	17.06
1907	20.50	20.90	20.20	18.30	17.00	15.00	14.10	14.70	14.10	15.10	16.70	18.40	17.20
1908	19.40	19.40	18.80	18.30	16.10	13.30	13.60	13.10	14.40	15.70	17.70	19.20	16.52
1909	20.50	21.40	19.90	17.90	16.50	14.70	13.70	13.50	15.30	15.40	17.00	21.50	17.08
1910	21.10	21.50	20.90	20.40	15.90	14.10	12.80	14.10	14.50	14.70	16.80	18.40	17.36
1911	21.20	20.80	19.40	18.30	15.40	14.70	13.40	13.40	14.40	15.70	17.90	18.40	16.92
1912	20.50	20.90	19.40	19.00	16.70	14.90	13.60	14.50	13.80	15.30	17.20	18.90	17.02
1913	19.70	20.60	19.40	17.90	16.90	15.60	14.20	13.70	15.20	15.10	17.40	18.30	17.05
1914	19.80	19.80	19.10	17.60	15.50	15.20	13.70	15.20	15.60	17.60	17.90	19.90	17.11
1915	20.40	21.00	19.70	19.40	17.50	15.60	14.70	14.10	13.60	15.00	17.60	19.50	17.38
1916	19.70	20.20	19.80	18.80	16.80	14.30	13.30	13.30	15.10	14.90	17.80	19.20	16.96
1917	19.40	20.10	18.40	17.40	15.40	13.90	13.30	12.40	13.10	14.10	16.70	18.20	16.12
1918	20.80	19.70	19.10	19.40	16.30	15.10	13.90	13.60	15.00	14.90	18.20	18.60	17.02
1919	19.30	19.30	19.70	18.60	16.30	14.60	14.50	13.70	13.60	14.20	16.60	17.60	16.58
1920	21.20	20.10	20.20	18.70	16.10	14.30	12.90	12.60	14.70	15.90	18.20	19.30	16.88
1921	19.80	22.20	20.80	18.80	16.50	15.90	14.90	14.30	14.30	15.20	16.20	18.40	17.35
1922	19.50	19.60	20.30	18.10	15.60	14.40	12.90	13.90	13.80	15.30	17.30	17.20	16.59
1923	19.10	21.10	19.70	18.90	16.60	13.60	14.00	13.80	13.50	14.60	16.40	18.10	16.54
1924	19.20	19.50	18.70	18.70	16.50	14.80	14.60	13.40	14.50	14.40	16.70	19.10	16.59
1925	19.30	19.60	19.60	17.80	16.10	14.80	13.40	13.20	14.70	14.80	18.20	19.80	16.72
1926	21.10	20.00	19.40	18.70	15.80	14.40	13.30	12.80	14.40	14.90	17.20	18.40	16.82
1927	18.60	19.40	18.00	20.00	16.10	13.80	13.20	13.70	14.60	15.50	17.90	19.60	16.60
1928	19.60	19.60	19.50	18.40	16.40	15.00	14.00	13.90	13.80	14.40	16.60	18.50	16.73
1929	18.80	19.80	18.40	17.20	15.20	13.50	12.70	12.80	13.80	15.00	17.10	18.50	16.07
1930	19.90	19.40	20.20	18.60	17.00	15.40	14.00	13.90	14.10	15.10	16.50	18.50	16.88
1931	20.10	19.10	19.60	17.60	14.40	12.90	13.30	13.60	13.80	15.20	17.00	20.60	16.26
1932	21.00	21.50	19.20	18.30	16.50	14.90	13.50	12.70	14.60	15.50	17.00	18.10	17.11
1933	20.10	21.80	19.70	19.20	16.80	15.30	13.60	13.40	15.20	15.50	17.50	19.20	17.18
1934	20.60	21.50	20.70	18.90	17.60	14.80	14.00	14.20	14.50	14.70	16.30	18.20	17.25
1935	19.80	19.90	19.00	18.60	17.00	14.10	13.50	13.60	13.80	14.40	16.10	18.00	16.50
1936	19.90	19.70	19.60	18.40	15.30	13.80	13.30	13.80	15.20	15.10	17.90	19.40	16.67
1937	19.50	20.50	19.70	20.00	16.60	14.70	14.10	13.20	13.90	15.80	17.10	17.90	17.04
1938	19.00	18.90	18.70	17.30	16.20	14.30	13.70	13.80	14.40	15.00	17.00	18.80	16.35
1939	19.30	19.60	19.30	18.60	16.50	14.70	13.80	13.30	14.80	15.60	17.10	18.70	16.78
1940	19.40	20.10	19.70	17.20	15.70	15.40	14.00	14.20	14.60	15.40	16.90	17.90	16.78
1941	19.70	19.90	18.40	17.00	16.30	15.00	14.20	14.30	13.20	15.00	17.00	19.30	16.49
1942	18.70	19.50	18.60	18.00	16.30	14.30	13.80	13.60	13.60	14.30	17.40	19.10	16.45
1943	18.80	19.20	19.00	17.00	15.80	15.10	12.90	13.30	14.10	14.40	16.70	18.20	16.28
1944	19.60	19.40	18.60	17.50	15.30	15.30	13.70	14.20	14.50	17.00	18.20	18.10	16.79
1945	19.10	20.00	19.50	19.50	17.10	14.80	13.60	13.50	13.70	15.60	17.40	18.30	16.83
1946	19.00	18.30	18.30	18.40	16.10	14.30	13.00	13.10	14.30	15.50	16.30	18.10	16.24
1947	19.20	19.10	18.90	18.20	15.90	15.30	14.20	13.80	14.10	15.20	16.30	18.10	16.53
1948	19.80	20.50	21.10	17.80	17.30	15.90	13.90	14.60	14.30	15.50	15.80	17.50	17.05
1949	19.90	20.70	20.20	19.40	16.80	15.60	14.70	14.40	14.80	14.80	17.20	19.60	17.17
1950	20.60	20.60	20.30	19.90	16.60	15.30	14.40	13.90	14.00	14.80	16.30	17.90	17.19
1951	19.30	19.70	19.60	17.70	15.70	14.20	13.60	12.20	14.90	15.30	16.80	18.00	16.41
1952	19.60	20.20	20.30	18.20	16.20	15.40	13.20	13.90	14.10	14.70	16.00	17.30	16.65
1953	19.00	19.40	19.70	18.60	16.30	14.10	13.90	13.70	15.10	14.80	15.90	17.30	16.48
1954	19.60	19.80	19.50	17.00	15.90	14.50	13.70	13.80	15.10	16.30	16.10	18.70	16.55
1955	19.90	20.20	20.20	17.70	15.40	13.50	13.90	13.10	13.70	14.30	16.30	17.80	16.41
1956	21.70	20.70	20.10	17.30	15.10	13.10	13.20	13.30	14.60	14.80	17.30	18.60	16.58
1957	20.50	20.10	19.30	17.80	16.70	15.10	13.30	14.50	14.20	15.80	18.30	18.90	17.02
1958	20.70	20.80	20.20	18.50	16.90	15.20	13.10	13.70	14.10	14.90	17.60	19.30	17.05
1959	20.30	20.00	20.70	18.10	16.60	15.70	14.70	15.50	14.60	15.60	16.20	17.10	17.28
1960	18.50	19.70	17.50	16.60	15.30	14.30	12.40	13.50	14.10	15.70	16.90	19.30	15.97
1961	20.90	22.10	21.20	17.30	17.70	15.10	13.80	13.70	14.90	15.60	17.30	18.50	17.41
1962	20.80	20.70	19.20	19.60	17.60	16.40	14.30	14.60	14.40	14.40	16.90	19.40	17.28
1963	20.00	20.20	20.70	18.50	16.80	14.80	13.20	13.80	14.80	16.40	17.50	20.30	17.18
1964	19.90	19.70	19.30	17.20	16.40	15.00	13.40	13.30	13.80	14.00	16.30	17.00	16.55
1965	20.70	20.40	19.40	18.50	15.50	99	13.70	13.60	14.40	16.00	16.50	19.90	16.69
1966	20.80	19.80	19.70	17.70	16.50	99	13.20	13.60	13.60	15.10	17.60	19.10	16.82
1967	20.50	20.90	19.70	18.40	16.50	15.60	13.50	12.90	14.70	16.60	17.50	19.20	17.16
1968	20.40	19.90	17.90	16.70	14.40	13.80	13.50	12.40	13.20	14.60	16.20	19.00	16.02
1969	19.70	99	19.30	17.50	15.90	14.70	13.90	13.50	13.20	16.70	17.40	18.70	16.75
1970	20.20	20.70	20.60	17.50	16.00	13.90	14.40	13.30	14.20	14.90	16.20	18.20	16.72
1971	19.90	20.00	19.00	17.50	15.80	14.90	13.90	12.80	12.90	14.10	15.00	17.60	16.17
1972	20.20	21.70	19.50	17.50	17.00	14.60	13.30	13.10	14.40	15.40	17.50	20.80	16.82
1973	21.10	19.90	19.10	17.60	16.00	13.10	14.00	13.20	13.60	15.10	16.80	18.10	16.69
1974	20.10	19.60	19.90	17.90	16.00	15.10	13.80	13.90	15.30	15.20	16.60	18.80	16.79
1975	19.60	21.90	19.20	17.60	17.20	15.10	13.90	13.50	13.90	15.70	17.10	19.40	16.96
1976	20.00	21.10	20.40	18.90	17.40	15.20	14.50	14.50	14.80	16.20	16.20	18.60	17.38
1977	19.90	20.70	18.60	18.50	15.90	14.70	14.60	13.80	14.00	15.30	17.60	19.90	16.85
1978	20.70	20.70	21.40	19.40	15.90	14.10	99	14.20	13.70	15.50	18.10	20.00	17.27
1979	20.30	20.20	19.60	18.20	15.70	15.20	14.20	13.40	13.90	15.90	17.60	19.70	17.02
1980	20.50	20.10	20.50	17.80	17.00	14.00	13.80	14.40	14.70	13.80	17.20	18.40	16.96
1981	20.40	19.10	19.30	18.90	16.10	13.10	14.00	13.20	14.70	15.70	16.70	18.10	16.63
1982	19.00	20.00	19.10	17.90	16.60	14.20	13.70	14.60	14.80	16.30	18.80	19.50	16.93
1983	21.30	20.50	21.40	19.40	17.60	16.10	14.40	14.80	15.60	16.40	17.00	19.10	17.83
1984	20.40	21.00	20.00	18.70	16.40	15.30	13.40	13.60	14.50	16.80	99	18.40	17.26
1985	19.80	99	20.70	18.20	16.70	16.30	14.80	14.40	15.20	15.40	17.60	18.30	17.29
1986	21.30	19.70	18.60	17.70	16.20	14.50	13.00	99	14.60	15.00	17.10	17.80	16.61
1987	19.30	19.50	20.10	18.50	16.40	15.30	13.80	14.50	15.50	15.80	16.80	18.70	16.94
1988	19.20	21.40	21.00	19.70	17.30	14.90	13.90	14.20	15.20	16.00	16.70	18.50	17.35
1989	21.00	21.00	20.80	18.70	17.40	15.30	14.10	14.40	14.80	15.10	18.30	18.70	17.45
1990	19.40	21.40	20.30	18.10	16.40	14.20	13.50	13.10	14.90	15.40	17.10	18.80	16.88
1991	19.80	20.50	19.50	19.30	16.90	15.40	14.30	14.40	14.80	16.50	16.40	19.30	17.22
1992	20.50	21.40	20.10	19.10	16.10	15.00	15.00	13.30	13.40	15.70	99	19.00	17.14
1993	20.00	19.80	19.10	17.40	15.80	99	13.70	13.70	14.50	14.70	17.40	18.60	16.64
1994	19.70	19.60	20.60	19.90	17.40	15.10	14.70	14.50	15.20	15.90	18.10	19.80	17.44
1995	20.50	21.10	20.10	18.70	16.20	14.20	14.10	14.60	15.20	16.20	17.20	19.10	17.33
1996	20.00	21.70	20.20	19.50	17.70	15.50	14.10	14.60	15.10	16.40	18.80	18.70	17.73
1997	20.90	20.70	19.40	19.40	16.50	15.70	14.10	13.80	14.90	16.50	17.50	19.80	17.34
1998	20.50	20.30	20.10	18.80	17.40	14.40	13.50	15.20	14.40	15.60	17.60	19.40	17.30
1999	20.10	20.80	20.80	20.60	17.60	15.40	14.90	14.30	14.80	15.50	17.70	19.90	17.66
2000	21.0	21.2	20.0	19.1	17.2	15.7	14.1	13.7	15.3	16.0	18.4	19.3	17.6
2001	20.1	20.2	19.5	18.6	17.1	15.6	14.7	14.3	14.6	14.9	17.4	17.5	17.0
2002	19.2	19.8	19.7	18.6	17.4	15.4	14.3	13.9	14.6	15.8	16.9	19.6	17.1
2003	19.6	20.3	20.6	19.0	18.3	15.1	14.4	13.9	14.4	15.5	17.9	18.5	17.3
2004	19.6	20.7	19.5	19.0	16.9	15.5	13.9	13.6	14.6	15.9	17.3	19.5	17.2
2005	19.9	19.9	21.1	17.6	18.4	14.7	14.4	14.2	14.2	14.4	16.2	17.1	16.8
2006	19.0	19.5	20.1	17.4	16.8	14.9	14.3	15.7	15.4	16.2	19.0	19.5	17.3
2007	19.95	20.35	20.20	18.20	16.70	15.35	15.00	14.95	15.20	15.90	17.70	18.25	17.3
2008	20.25	21.2	19.9	18.65	17.75	15.55	13.9	14.15	15.0	16.55	16.65	18.65	17.35
2009	20.95	20.8	19.7	18.75	17.3	14.95	14.15	14.0	13.7	16.25	17.8	19.1	17.29
2010	20.2	21.05	21.25	18.4	16.6	15.4	14.3	14.35	15.20	16.55	19.1	19.2	17.6
2011	21.0	22.5	22.1	20.1	17.3	16.1	14.1	15.2	15.2	16.5	18.6	20.6	18.3
2012	22.1	21.7	21.6	19.4	17.5	15.7	14.9	14.9	15.3	17.2	17.8