1882	30.00	29.10	29.40	30.10	27.60	24.30	25.10	26.30	29.10	30.30	30.20	29.30	28.49
1883	30.00	28.30	30.20	29.80	27.10	27.30	25.90	27.40	28.20	29.70	30.30	29.10	28.62
1884	28.10	28.00	28.40	29.20	27.40	27.00	24.40	25.90	28.20	29.80	30.00	30.00	27.96
1885	29.10	28.20	28.40	28.80	27.60	25.20	24.40	26.60	28.00	29.60	29.60	29.60	27.96
1886	29.60	28.60	29.60	29.40	27.90	25.40	25.60	26.90	28.90	30.20	30.30	29.80	28.50
1887	29.10	28.20	29.20	27.60	27.00	24.70	24.20	25.60	27.40	29.40	29.60	29.50	27.65
1888	28.20	28.60	29.60	29.70	28.60	26.90	25.70	26.90	28.30	29.80	30.40	29.70	28.52
1889	29.20	30.00	30.70	30.10	28.40	99	24.80	26.80	29.30	30.80	30.70	29.40	28.86
1890	28.90	28.70	29.40	28.30	27.50	26.50	24.10	26.20	28.30	30.00	30.30	30.40	28.13
1891	28.90	28.40	29.70	27.40	27.30	24.60	23.30	24.30	27.30	29.90	29.20	30.50	27.56
1892	30.10	99	29.80	29.30	27.70	27.30	26.00	27.50	29.30	30.60	30.30	30.40	29.01
1893	28.60	28.70	29.20	29.60	28.30	25.40	25.40	26.40	28.60	30.60	30.70	30.30	28.49
1894	28.60	28.40	28.70	28.60	26.10	24.60	23.60	25.40	27.10	29.00	29.20	29.40	27.47
1895	27.70	27.60	28.30	28.90	27.60	25.90	25.50	26.00	27.90	29.10	28.90	30.10	27.73
1896	27.80	27.80	29.00	29.40	27.10	24.30	24.00	25.10	27.00	28.80	29.90	30.00	27.52
1897	29.30	28.80	29.90	30.00	27.40	27.60	26.10	26.70	28.30	29.80	30.60	27.70	28.71
1898	28.80	28.70	27.50	28.30	26.60	26.20	24.60	26.70	28.40	29.80	29.70	29.70	27.75
1899	28.00	29.00	27.50	28.80	27.60	25.60	23.60	25.10	27.80	29.20	30.50	29.60	27.70
1900	29.00	28.80	28.70	30.30	28.90	26.70	25.30	27.30	28.90	29.70	30.40	30.00	28.63
1901	99	27.90	27.80	28.80	27.60	27.10	24.30	25.00	27.40	29.70	29.70	29.80	27.84
1902	28.10	28.40	28.70	29.40	28.00	26.60	25.30	26.20	27.10	28.80	29.70	29.20	28.01
1903	29.20	28.60	28.90	29.20	28.00	25.70	26.00	27.10	28.60	29.70	29.70	28.90	28.32
1904	27.30	27.80	28.10	27.70	28.00	24.70	25.40	26.00	28.10	29.20	29.40	29.10	27.55
1905	28.00	28.00	29.60	29.00	28.70	26.70	26.30	26.40	28.20	29.40	29.90	30.60	28.27
1906	30.10	29.60	29.40	30.70	29.30	28.10	26.90	27.20	28.10	29.40	28.40	29.40	28.98
1907	28.80	28.20	28.70	28.40	27.90	25.80	25.50	26.60	27.90	29.80	29.90	28.90	28.07
1908	29.00	28.60	28.70	29.10	28.30	25.40	25.40	27.00	28.20	29.50	29.90	28.90	28.17
1909	29.30	29.10	28.60	28.30	27.60	26.80	26.00	27.30	27.90	30.10	29.00	29.40	28.24
1910	28.80	28.10	28.20	27.80	27.80	26.00	26.50	27.60	28.90	29.90	29.30	29.20	28.19
1911	29.10	28.80	30.30	28.20	26.80	24.60	24.50	25.30	27.50	29.20	29.80	30.20	27.77
1912	28.90	28.00	28.40	28.70	27.80	26.40	26.20	25.90	28.60	29.70	29.60	29.80	28.20
1913	28.30	28.30	28.20	28.70	25.20	24.00	24.20	25.80	26.90	29.10	30.90	30.40	27.45
1914	28.40	29.50	29.20	29.30	27.70	24.90	23.70	25.70	27.60	28.90	29.40	29.60	27.89
1915	28.50	28.90	29.40	29.80	27.60	26.20	26.80	27.00	29.20	30.00	30.10	28.40	28.59
1916	28.40	28.20	28.60	29.40	28.20	27.50	27.30	27.80	28.90	29.70	29.10	29.10	28.46
1917	27.80	28.00	28.70	28.20	26.70	25.90	26.60	27.40	28.90	29.40	29.70	28.10	28.03
1918	27.40	27.40	28.70	28.30	27.30	25.70	24.80	26.80	27.40	29.80	30.70	29.70	27.70
1919	28.40	29.20	28.80	28.90	27.20	25.20	23.80	25.60	27.50	28.70	29.10	29.70	27.68
1920	28.60	28.20	29.00	29.30	28.20	27.80	99	27.70	28.80	29.70	29.70	29.00	28.63
1921	28.40	28.10	28.00	28.60	28.30	27.80	25.80	26.30	28.40	29.90	30.10	29.60	28.22
1922	28.90	28.40	28.30	29.10	27.30	25.60	24.20	24.80	27.60	29.20	30.30	29.20	27.77
1923	28.60	28.40	28.20	28.60	27.80	25.70	24.10	24.60	27.10	28.90	29.80	29.20	27.58
1924	29.40	28.50	29.30	28.00	28.70	26.40	25.90	26.40	28.50	29.70	30.60	29.00	28.38
1925	28.60	27.60	28.00	27.10	26.70	24.80	24.60	25.70	27.20	28.90	30.00	30.10	27.35
1926	28.90	29.40	30.20	29.40	26.80	25.50	25.00	26.70	28.90	30.20	30.60	29.80	28.47
1927	28.70	99	29.60	28.80	27.60	26.90	25.40	25.70	28.00	29.90	29.70	30.40	28.23
1928	30.40	29.40	28.40	29.50	27.10	24.40	25.00	26.60	28.80	30.10	30.40	29.90	28.38
1929	29.10	28.40	28.50	27.80	26.30	24.40	23.90	26.30	27.60	29.40	31.00	29.50	27.72
1930	29.70	28.10	28.40	29.30	27.90	24.80	25.60	26.30	27.60	29.40	29.70	29.10	28.02
1931	28.60	30.40	28.80	29.00	28.50	27.30	25.90	26.60	28.60	28.70	29.40	30.10	28.41
1932	29.90	29.30	28.60	29.40	27.70	26.40	24.10	25.40	28.10	29.90	29.60	29.10	28.21
1933	29.80	28.30	28.30	29.20	28.00	26.00	24.30	26.40	28.20	29.60	29.30	28.20	28.04
1934	28.20	27.40	27.90	29.00	27.40	26.40	25.70	25.70	27.80	29.30	29.80	30.40	27.73
1935	29.00	28.90	27.90	28.60	27.20	25.20	24.00	26.30	27.90	29.10	29.90	30.20	27.87
1936	28.70	28.90	28.90	29.10	27.90	26.30	26.20	27.40	28.80	29.60	30.00	29.70	28.50
1937	28.00	29.40	28.40	28.80	27.80	26.00	23.90	25.40	28.30	29.30	30.30	29.10	27.94
1938	28.10	28.20	29.40	29.60	28.50	26.60	24.90	26.40	28.10	29.00	28.10	29.20	28.00
1939	27.80	28.10	28.10	27.80	26.90	25.20	25.30	25.20	27.30	28.70	29.20	29.40	27.40
1940	27.70	27.10	27.80	28.20	26.20	25.30	24.60	25.50	27.10	28.30	29.30	29.20	27.21
1941	99	27.80	27.70	28.10	26.30	24.60	23.70	24.20	26.40	27.80	28.10	28.60	26.85
1942	28.10	27.00	29.40	28.80	28.30	26.80	25.10	25.40	28.20	29.00	28.70	28.10	27.78
1943	28.40	27.20	27.60	27.70	25.90	23.40	24.80	25.80	26.40	28.40	28.00	28.00	26.81
1944	27.70	27.70	26.90	27.40	25.70	24.70	23.50	25.10	27.50	28.70	28.60	28.40	26.79
1945	28.60	28.50	27.60	28.00	26.60	25.30	24.40	26.70	28.10	28.20	28.20	27.60	27.38
1946	27.20	99	99	99	99	24.60	24.80	25.60	27.20	28.60	29.30	29.50	26.97
1947	29.10	27.90	27.70	27.40	26.50	25.90	25.70	26.80	27.70	28.70	29.20	29.10	27.68
1948	28.80	28.60	28.30	99	26.90	24.40	25.60	25.70	27.10	29.30	29.40	28.30	27.63
1949	28.70	27.20	27.80	27.30	25.90	22.80	23.80	25.20	27.20	28.90	29.10	28.20	26.85
1950	28.10	27.60	27.90	28.00	26.90	25.00	24.40	25.90	27.20	27.90	28.40	27.50	27.12
1951	27.90	27.50	28.50	28.80	26.70	26.00	24.50	26.10	27.90	29.30	29.40	29.20	27.51
1952	28.90	28.30	28.60	28.80	27.60	25.00	25.10	25.40	28.20	29.40	29.40	29.80	27.82
1953	27.90	27.80	28.60	27.80	25.80	25.00	24.70	24.70	27.60	29.60	29.60	29.90	27.41
1954	28.30	28.10	28.70	28.10	27.10	24.60	24.40	26.40	28.00	27.80	29.10	27.40	27.54
1955	27.90	27.60	27.80	28.00	28.40	26.60	26.20	27.40	28.50	29.40	28.20	29.40	27.78
1956	27.90	27.10	28.10	27.80	27.10	25.00	26.00	26.20	26.80	29.10	29.00	28.20	27.46
1957	27.50	27.10	28.70	28.50	26.60	26.60	25.30	25.10	27.20	28.70	29.40	27.50	27.41
1958	28.70	28.70	28.60	28.80	28.50	26.50	25.30	26.90	27.40	29.30	29.20	29.00	27.95
1959	28.10	28.60	28.80	27.40	26.20	25.20	24.10	24.60	27.50	29.30	29.60	29.20	27.37
1960	28.30	27.50	27.40	28.20	25.30	23.90	24.00	25.40	27.50	29.00	29.40	28.60	27.09
1961	27.90	27.70	28.50	28.60	26.40	24.10	24.10	24.40	27.40	28.90	28.70	29.70	27.11
1962	27.30	27.80	28.70	27.80	27.00	26.90	25.50	25.70	27.80	29.30	29.40	29.00	27.74
1963	27.80	27.20	28.20	27.50	26.10	24.40	23.20	24.70	26.80	28.70	29.60	28.90	26.93
1964	28.30	29.50	27.70	28.20	26.90	24.40	25.20	25.90	28.50	29.30	28.10	28.40	27.57
1965	27.80	28.40	26.70	27.40	27.20	25.30	22.40	24.80	27.30	28.60	29.70	28.20	27.00
1966	28.30	28.20	28.00	28.80	26.70	25.60	24.50	26.00	27.90	28.10	29.10	28.10	27.45
1967	27.80	26.60	27.60	28.20	26.60	23.20	23.90	25.30	26.90	29.40	29.80	29.80	26.95
1968	28.00	26.80	28.20	28.40	26.30	25.40	24.40	25.70	27.70	29.20	29.50	29.40	27.45
1969	28.70	27.50	28.40	28.50	27.70	25.10	26.10	26.40	27.30	28.30	29.90	29.50	27.77
1970	29.40	28.70	29.00	28.60	27.60	26.70	24.30	25.40	28.30	29.20	29.60	29.10	28.02
1971	28.90	28.20	27.60	27.60	26.00	23.80	24.30	26.60	28.80	29.90	29.30	28.50	27.51
1972	28.90	28.10	28.10	28.80	26.10	25.40	24.50	26.40	27.80	29.30	29.60	29.30	27.62
1973	28.80	29.30	28.20	28.80	28.20	26.90	25.60	27.50	28.80	29.90	29.10	28.40	28.37
1974	27.10	28.00	27.30	28.50	26.70	24.00	24.60	26.20	28.50	29.00	29.00	27.60	27.27
1975	28.30	27.50	27.60	27.90	27.30	25.10	26.30	26.80	28.80	28.70	28.60	28.60	27.54
1976	27.40	27.10	27.00	28.60	26.40	24.80	24.60	24.90	27.10	29.10	30.10	29.90	27.14
1977	28.20	28.30	26.70	28.10	26.50	23.80	23.60	25.50	27.20	29.10	29.30	29.10	27.18
1978	28.20	28.10	28.90	28.80	28.70	25.70	25.50	27.10	27.90	28.50	28.80	29.30	27.94
1979	28.20	28.70	28.60	29.10	27.60	26.10	25.00	26.10	28.30	29.30	30.10	29.60	28.03
1980	28.10	27.70	28.80	28.60	27.90	26.60	25.30	26.60	27.90	29.00	29.30	28.80	27.95
1981	27.80	27.70	28.20	28.80	27.30	26.30	26.70	27.20	28.80	28.80	29.10	29.40	27.96
1982	27.80	27.90	28.30	29.30	26.90	25.20	24.00	25.70	26.40	28.30	28.90	29.50	27.34
1983	29.50	29.10	28.30	28.30	26.90	25.60	24.10	26.40	28.50	29.30	29.10	29.50	27.88
1984	27.80	27.30	27.90	28.50	28.00	25.20	24.10	26.20	27.70	29.40	29.70	29.10	27.61
1985	28.70	28.30	28.80	28.70	27.50	23.90	23.60	26.30	27.90	29.10	29.90	30.50	27.65
1986	28.30	28.90	28.50	28.50	28.10	26.30	25.80	25.70	28.10	29.30	29.50	30.00	28.12
1987	28.20	27.30	29.10	29.10	27.90	26.60	25.30	26.00	27.70	30.00	30.00	28.90	28.10
1988	28.90	28.90	28.90	29.00	28.50	25.10	26.30	27.50	28.10	29.70	29.30	27.70	28.26
1989	28.40	28.50	27.10	28.50	27.60	24.90	25.50	24.90	27.90	29.90	30.50	29.50	27.62
1990	28.60	28.90	28.90	30.00	27.10	25.30	26.00	25.30	28.30	29.30	29.40	29.30	28.05
1991	28.00	27.30	28.50	28.30	26.90	26.30	25.30	25.40	27.50	29.10	28.90	30.10	27.57
1992	28.70	28.80	29.10	27.90	28.30	25.50	25.00	26.50	28.80	28.90	29.30	29.10	28.07
1993	28.30	27.90	28.70	29.30	27.90	26.20	25.50	26.40	28.10	29.50	29.70	28.70	28.05
1994	28.70	28.00	28.10	27.90	27.00	99	24.20	25.00	27.10	29.30	29.50	28.30	27.35
1995	99	99	27.80	28.00	27.10	25.30	25.30	26.30	28.50	28.80	29.50	29.00	27.68
1996	28.80	29.00	28.50	28.20	27.00	26.60	25.10	26.50	28.10	29.30	29.60	28.20	27.97
1997	27.70	99	28.20	28.90	27.00	25.60	24.70	25.80	27.80	28.90	29.30	28.60	27.45
1998	28.10	28.90	28.70	29.70	28.60	26.90	27.00	26.80	28.80	29.90	29.80	28.50	28.48
1999	28.00	27.40	27.90	99	25.80	99	24.20	25.70	99	99	99	28.90	27.05
2000	28.00	27.50	27.70	27.90	26.70	23.80	24.70	99	28.20	28.80	30.10	28.70	27.28
2001	28.40	28.20	28.10	28.30	99	99	99	99	99	29.60	29.40	29.10	27.65
2002	29.60	28.20	28.80	28.80	27.70	24.90	24.40	99	27.20	29.70	29.70	29.90	27.80
2003	28.40	27.70	28.20	29.20	27.90	25.90	25.80	26.40	28.20	29.60	29.40	29.00	28.05
2004	28.40	27.90	28.30	29.10	27.40	24.20	24.10	24.90	26.90	29.20	30.00	29.60	27.45
2005	28.80	29.00	29.00	29.00	27.10	26.00	26.20	26.20	27.80	29.80	29.40	29.30	28.16
2006	27.80	28.60	99	99	99	24.20	23.80	25.15	26.95	28.40	29.70	28.50	27.00
2007	29.00	28.25	27.90	28.70	28.50	24.95	23.70	25.40	27.50	29.60	29.40	29.45	27.7
2008	28.80	27.75	28.3	27.95	26.65	25.75	24.65	26.05	28.25	29.75	30.2	28.75	27.74
2009	28.80	27.85	29.0	29.1	27.6	25.8	25.15	25.6	28.75	27.9	29.45	29.15	27.85
2010	28.15	29.2	29.3	28.6	28.3	25.65	27.45	27.1	29.2	29.1	28.9	28.2	26.6
2011	27.7	27.5	27.9	27.5	25.4	22.6	25.3	25.3	27.4	28.9	28.8	29.5	27.0
2012	28.8	28.7	28.3	28.2	26.2	23.6	24.7	24.6	27.8	29.1	29.7