1907	28.3	27.3	25.8	26.1	22.31	20.8	20.1	20.6	24	29.1	28.3	28.5	25.1
1908	27.6	28.5	27.5	26.1	23.8	19.8	20.3	22.3	24.8	26.3	28	29.3	25.36
1909	28.1	28.6	27.1	25.8	23.5	21.3	21.1	22.8	23.8	28.1	28.6	27	25.48
1910	28	27.3	26.1	25.1	23.5	20.5	20.8	22.8	25.1	27.8	28.1	28.1	25.27
1911	26.8	27	27.3	23.8	21.6	19.1	19	20	23.5	28.1	28.3	29.6	24.51
1912	29.3	27.8	26.8	25.6	22.6	23.1	20.1	20.8	25.3	27.8	30	29.6	25.73
1913	28.3	26.6	26.8	24.8	20.8	20.1	19.6	20	23.3	26.5	29.8	29.3	24.66
1914	27.8	27.8	26.6	26.6	23.6	19.3	18.3	20.3	23.1	26.1	27.51	29.3	24.69
1915	29.1	30.3	28.1	27.6	23.6	20	22.1	21.3	27.6	28.3	30.3	28.1	26.37
1916	28.1	27	27.8	25.8	22.8	21.8	22.3	22.3	24	28.1	28	27.5	25.46
1917	27.3	26.6	26.8	25.8	21.6	19.3	20.6	22	25.3	27.3	27.6	27.6	24.82
1918	26.6	26.8	25.8	24.8	21.3	19.3	17.8	21.5	23.5	26.5	29.3	29.6	24.4
1919	28.8	28.3	27.3	26.8	23.3	21.1	18.3	19.6	22.3	27.3	28.6	30.1	25.15
1920	27.6	26.8	26.6	25.3	22.8	20.6	20.3	22.8	25.3	26.8	29.1	28.1	25.18
1921	27.8	27.3	26.6	23.8	23.1	22.8	19.8	20.8	25.8	27.1	29.1	28.8	25.23
1922	28.3	26.8	26.1	25.8	21.5	20.5	18	19.1	23.8	28	29.3	29.3	24.71
1923	28.6	28.8	28.5	26.1	23.8	19.1	17.6	19.8	22.3	27	29.8	29.8	25.1
1924	28.8	28.6	25.8	25	22.8	20.5	20.1	21.8	24.8	27.3	29.6	28.6	25.31
1925	28.1	28.1	26.6	24.3	20.8	19.3	18.1	21.1	24.1	27	28.6	30.1	24.68
1926	29.8	30.1	29.1	28.1	23.1	21.3	20	22.6	24.6	27.5	29.6	29.3	26.26
1927	28.6	26.5	27.8	24.8	23	21.1	21.1	22.3	25.3	27.8	29.6	29.3	25.6
1928	29.3	30.8	27.3	26.6	20.1	17.6	19.6	23	25.5	29.6	29.3	29.3	25.67
1929	28.3	28	27.3	22.8	20.1	19.3	17.6	20.6	22.8	27.3	29.6	29	24.39
1930	27.6	27.3	25.6	24.6	23.6	18.6	19.3	21.1	24.3	27	28.6	28.3	24.66
1931	30	29.8	29.3	27.6	25.6	23.8	20.3	22.3	25.5	26.3	28.1	29.1	26.48
1932	28.8	28.8	27.5	26.8	24.3	21.8	17.6	20	22.8	29.1	30.1	30.1	25.64
1933	28.8	26.6	28.6	26.8	23.6	21.1	20	99	24.8	99	99	28.1	99
1934	26.8	99	26.3	25.8	23.1	99	20.8	21.1	24.8	28.5	29.3	30	99
1935	29.8	30	27.5	25.6	22.8	20.5	19.8	21.3	25	28.8	29.8	31.3	26.02
1936	29.8	29.1	26.8	25.3	23.6	20.5	21.3	22	25.3	27.8	29.3	27.5	25.69
1937	28.3	27.3	26.3	23.1	22	19.1	20	20.5	25	26.8	29.5	30	24.83
1938	28.8	27.1	27.6	25.8	25.1	22	20.3	22.1	24.1	27.3	28.6	30.1	25.74
1939	28.3	27.3	27.1	25.8	22.6	19.8	18.6	17.3	22	26.3	29	29	24.43
1940	27.1	27.1	26.1	25.3	22.1	21.5	19.6	21.1	23.3	26.5	29	29.8	24.88
1941	27.3	27.6	28.1	24.3	23.3	19	18.1	18.5	23.8	27.5	29	29.8	24.69
1942	30.8	28.3	28.8	27.3	23.8	22.3	21.3	22.1	25.8	27.3	28.5	28.1	26.2
1943	29.3	26.8	26.6	26.8	23.3	19.1	20.8	22.8	25.1	29.3	29.3	30	25.77
1944	29.8	27.8	26.5	25.6	21	21.3	20.8	20.8	24.1	26.3	29.3	29.3	25.22
1945	28.8	28.6	26.6	25.3	21.3	20.8	19.8	23.1	23.8	27.1	29.3	29.3	25.32
1946	28.3	27.6	99	24.5	23.3	17.8	18.8	20.3	23.8	25.8	29.5	30.3	99
1947	29.8	27.5	27.6	24.1	23.8	21.5	20.5	22.8	25.6	26.8	28.6	29.1	25.64
1948	27.3	28.3	28	26.1	23.3	20.5	21.8	21.1	23.3	28.1	29	28.8	25.47
1949	27	27.6	27.3	24.3	22.1	17.8	17.8	21.1	24.6	28.8	28.3	28.8	24.63
1950	27.6	27.3	26.8	25	21.5	19	21.8	20.8	24.6	27.1	28.1	27.6	24.77
1951	26.6	27.1	27	25.3	22.8	18.8	20.1	21.1	21.1	27.8	30	29.8	24.79
1952	29.6	29.33	28.83	27.1	24.3	20.1	21.8	22.3	25.3	28.8	28.8	31	26.44
1953	27.8	26.53	27.33	25.8	20.8	19.8	19.3	18.8	24.3	28.1	30.1	30.8	24.96
1954	28.5	27.53	26.53	25.6	22.6	19.3	19.6	20.6	22.1	26.8	28.1	28.1	24.61
1955	27.8	27.1	26	25.8	23.1	21.3	21.8	22.6	23.8	28.3	28.3	29	25.41
1956	27.8	26.83	24.13	24.4	22.6	19.1	19	20.3	22.5	27.3	28.3	26.8	24.09
1957	26.5	27.6	26	24.8	22.3	20.3	20.6	20	22.1	26.8	27.11	29.3	24.45
1958	28.3	27.3	28.1	26.5	26.1	99	99	99	23.1	27.3	28.8	28.8	99
1959	27.3	27.8	27.3	27.1	24.8	21.1	19.3	19.1	23.8	27.3	29.6	30.6	25.43
1960	28.8	28	26.6	26.3	22.3	20.3	19.6	20	25.1	27.8	29.1	29.6	25.29
1961	28.5	29.6	27.13	26.8	22.83	18.1	19	19.1	23.1	27.6	29.3	29.5	25.05
1962	30.1	28.1	27.33	26.6	24.33	99	21.6	19.6	24.6	99	99	99	99
1963	99	99	99	99	99	99	99	99	99	99	99	99	99
1964	29.1	27.8	27.1	25.3	22.6	19.8	19.6	22	26.1	28.8	28.3	26.8	25.28
1965	28.1	28	25.3	24.3	22.8	19.3	17.1	22.1	24.3	26.8	29.1	28.1	24.61
1966	27.6	28.3	27.3	25.8	23.1	21.5	20.1	23.8	25.8	27.1	28.8	30.1	25.78
1967	30.8	27.8	26.3	25.8	23	20.6	19.3	21.5	22.8	27.8	29.5	29.8	25.42
1968	28.8	27.6	27.3	26.8	24.1	20.6	21.3	21.6	25.8	27.8	30.5	28.8	25.92
1969	28.3	28.8	28.6	26.6	24.6	21.3	22.1	23.5	22.8	27.8	29.8	99	99
1970	99	28.5	27.8	26.6	23.8	21.8	99	22	25.8	28.6	29.6	29.8	99
1971	29.5	27.8	27.1	24.6	21.8	20.1	20	24.5	26.1	29.6	29.3	29.1	25.79
1972	27.8	27.3	26.3	24.8	22.1	99	99	99	23.8	27.3	29.3	29.3	99
1973	30.1	27.8	99	26.5	25.1	23.6	21.3	23.8	25.1	27.6	27.8	28.6	99
1974	25.8	27.5	27.1	25.8	22.6	19.3	18.3	21	24.8	27	28.8	29.1	24.76
1975	27.8	27.6	28.3	25.8	23.3	20.1	22	22.3	26.1	27.6	28.8	28.3	25.67
1976	27.1	27.6	27.8	24.3	22.8	19.8	19.6	19.8	22.8	26.1	29.3	29.1	24.68
1977	28.8	27.8	27.1	26.3	22.6	18.8	19.8	21.1	23.8	26.8	29.8	28.6	25.11
1978	28.8	28.6	28.3	25.3	24.5	19.8	20.3	22.8	24.5	26.8	29.1	29	25.65
1979	27.3	27.3	26.6	24.1	23.3	20.8	19.8	20.3	25.1	27.3	29.6	30.8	25.19
1980	29	28.6	26.8	25.5	23.6	20.8	19.1	22.1	23.3	27.8	29.3	30.1	25.5
1981	26.8	28	27.1	25.5	23.1	19	21.6	21.8	24.1	26.6	29.3	29.6	25.21
1982	28.6	28.1	28.3	26.1	22.6	18.1	18	21.1	23.3	24.8	28.6	30.1	24.81
1983	29.6	30.8	27.8	27.1	24.1	20.3	19.3	22.1	25.6	28.1	29.6	29.1	26.13
1984	28.1	27.3	27.6	25.6	23.3	20.1	19.1	21.1	24.5	27.3	29.6	30.6	25.35
1985	30.3	29.6	28.3	27.8	24.5	20.1	19	23.3	24.3	28.1	28.8	30.1	26.18
1986	29.3	28.3	28.1	26.6	24.1	21.8	23.1	22.6	26.6	28.5	28.3	30.8	26.51
1987	29.8	28.5	27.5	26.6	24.3	22.8	19.8	21.8	24.6	28.8	30.8	30.8	26.34
1988	31.3	29.1	29.1	27.3	24.8	20.3	22.5	23.8	25.6	29.5	30.3	29.5	26.93
1989	29.3	28	27.6	25.3	24	19.6	21	21.3	25.1	28.8	28.3	28.3	25.55
1990	29.7	29.0	28.8	25.9	24.6	20.8	21.4	20.3	23.3	28.7	30.5	30.7	26.1
1991	28.0	27.5	28.1	26.5	22.7	20.9	19.7	21.5	24.6	28.1	30.1	30.6	25.7
1992	30.6	29.2	28.5	26.7	25.3	20.0	20.6	23.6	27.4	27.9	30.3	29.4	26.6
1993	28.9	28.0	27.8	26.1	24.4	22.3	21.8	22.4	26.3	29.3	30.4	31.0	26.6
1994	32.3	30.0	27.5	26.3	24.7	21.5	21.3	22.1	24.8	29.0	30.3	30.6	26.7
1995	30.4	28.2	27.2	26.2	24.9	21.4	21.0	22.4	26.6	28.6	30.8	31.6	26.6
1996	29.1	29.5	28.5	28.3	24.4	23.4	19.6	23.2	24.4	28.4	30.6	31.0	26.7
1997	28.8	29.0	27.6	25.2	99.0	21.1	21.5	21.3	26.3	28.6	30.4	29.7	99.0
1998	28.5	29.7	27.2	28.1	24.7	22.3	22.7	23.2	28.1	30.6	99.0	30.2	99.0
1999	29.2	28.5	28.6	26.0	23.0	21.7	19.9	22.2	25.3	29.7	28.5	28.7	25.9
2000	29.4	28.1	27.9	26.6	23.8	19.7	18.5	21.5	25.2	27.7	28.7	27.4	25.4
2001	29.0	27.6	28.8	26.3	21.0	22.6	19.6	21.0	25.9	28.6	30.8	31.2	26.0
2002	29.2	28.8	27.3	26.3	23.1	20.6	19.7	21.4	24.5	28.5	29.9	30.8	25.8
2003	29.6	29.8	27.7	27.1	24.2	22.3	21.2	23.4	25.7	29.0	30.1	30.3	26.7
2004	29.4	29.1	28.6	26.3	25.2	19.7	20.7	20.5	25.1	28.8	30.5	29.7	26.1
2005	28.5	29.0	28.9	27.4	22.4	23.7	22.5	22.4	25.3	29.9	30.6	32.5	26.9
2006	29.9	29.8	28.5	26.9	23.4	21.4	20.3	19.9	24.6	27.1	29.6	30.2	26.0
2007	28.9	28.2	28.9	26.5	26.4	20.4	19.2	23.2	25.3	28.6	30.05	30.7	26.4
2008	28.0	27.6	27.3	23.45	21.4	21.7	19.75	22.05	25.8	28.1	29.65	29.9	25.39
2009	27.0	26.95	26.9	25.2	22.25	20.7	19.9	22.45	25.5	27.5	29.3	30.05	25.31
2010	28.2	27.8	27.7	27.35	24.65	22.20	24.10	24.4	28.15	27.45	27.7	28.1	26.5
2011	27.9	27.5	27.0	25.0	20.3	18.6	20.0	20.4	23.9	27.5	29.4	28.6	24.7
2012	28.5	28.0	26.6	24.7	22.9	19.0	20.6	21.6	24.9	27.4	30.1	