1956	99	99	99	99	99	99	99	99	17.50	22.50	25.70	29.40	99
1957	31.70	28.30	27.30	25.50	18.00	16.60	10.30	15.80	20.90	26.00	28.60	27.60	23.20
1958	29.60	30.10	26.80	24.20	20.00	14.50	13.80	14.40	17.30	23.30	27.10	28.10	22.39
1959	31.60	28.80	27.30	23.50	16.50	14.60	13.50	16.30	20.70	25.40	29.30	27.00	22.97
1960	30.60	29.50	28.20	23.30	14.00	13.50	14.90	15.00	18.70	24.20	26.70	27.80	22.13
1961	30.40	29.40	29.60	24.20	17.20	15.20	11.00	14.70	22.10	25.30	25.90	29.80	22.73
1962	29.70	29.40	26.80	22.60	16.00	16.10	12.90	14.70	19.70	23.70	28.10	29.50	22.46
1963	30.80	31.00	29.20	21.90	17.80	13.90	14.30	15.00	20.60	24.60	27.60	28.90	23.02
1964	29.60	27.70	27.90	23.00	16.90	14.90	15.90	16.30	20.00	21.10	25.80	28.60	22.33
1965	30.70	32.20	27.20	22.20	19.00	14.10	13.10	16.50	21.30	25.30	27.50	30.30	23.14
1966	30.00	31.10	27.40	24.40	15.60	15.50	12.10	12.90	18.30	21.40	25.70	26.20	22.06
1967	29.10	25.10	24.30	22.40	17.80	12.70	11.80	15.00	19.60	27.60	27.60	28.70	21.60
1968	30.60	29.80	27.10	23.40	14.90	15.40	11.50	12.00	16.70	22.40	26.30	26.80	21.57
1969	31.50	25.40	24.80	22.00	17.90	12.40	12.50	15.50	17.90	25.30	28.00	28.40	21.67
1970	30.70	31.10	27.60	22.20	16.30	16.30	13.60	14.20	17.30	25.50	25.80	28.20	22.42
1971	31.70	29.60	28.70	21.30	17.20	12.60	13.50	14.60	20.60	24.60	25.80	28.10	22.37
1972	28.30	28.90	25.80	21.40	17.50	15.10	13.60	14.90	22.20	25.10	28.00	31.50	22.41
1973	30.00	27.60	27.30	24.60	19.40	14.00	15.70	15.40	18.60	22.60	26.60	28.70	22.77
1974	28.30	25.10	24.80	18.80	15.80	12.70	15.10	15.20	17.90	22.10	23.90	27.50	20.70
1975	29.80	28.70	26.80	22.60	18.20	13.40	15.10	14.30	19.90	18.70	25.50	27.50	21.71
1976	27.40	28.50	26.10	22.20	16.40	12.70	12.80	15.80	19.50	21.50	24.50	30.60	21.24
1977	30.50	30.10	27.10	21.40	17.00	13.90	12.90	18.20	18.60	25.90	27.80	30.10	22.83
1978	29.60	30.80	28.70	23.30	17.80	13.10	11.80	13.80	16.00	23.60	26.20	27.90	22.07
1979	32.80	29.60	30.00	23.20	14.50	15.30	13.50	15.80	19.00	23.40	28.90	29.70	22.82
1980	31.40	30.30	30.30	23.30	18.90	14.60	13.80	16.60	23.00	23.70	28.60	30.20	23.68
1981	31.60	28.40	25.50	25.60	17.50	12.40	13.10	16.80	22.50	24.40	25.00	29.60	22.75
1982	31.10	28.10	24.00	21.30	17.40	12.60	12.40	17.50	19.30	24.10	28.70	29.50	22.18
1983	28.60	30.60	24.20	19.30	17.20	14.60	11.10	17.00	21.50	25.30	28.10	29.70	22.25
1984	26.80	30.50	25.10	22.40	19.10	13.50	11.50	15.20	17.90	24.40	28.30	29.30	22.03
1985	31.50	31.00	27.90	23.50	18.10	13.30	14.80	16.90	19.80	23.40	27.90	29.40	23.12
1986	30.70	31.30	31.20	22.80	19.00	15.30	11.20	14.00	21.00	23.00	27.90	30.40	23.07
1987	29.80	27.70	25.70	24.80	15.90	14.70	13.60	14.50	19.50	26.30	28.40	28.30	22.61
1988	31.10	28.20	27.50	22.70	17.40	14.80	14.10	15.70	20.90	27.20	25.80	28.50	22.81
1989	29.70	31.50	24.20	20.90	16.90	12.10	12.10	13.90	20.60	25.00	25.10	29.30	21.71
1990	30.60	27.20	28.80	23.00	18.60	12.80	13.30	16.40	19.90	24.90	30.10	31.00	22.91
1991	31.90	32.50	28.70	24.30	18.80	16.20	15.20	16.90	20.40	27.70	26.30	28.30	24.16
1992	29.00	29.30	30.10	23.60	17.10	14.90	14.30	14.90	18.50	21.80	25.30	27.10	22.26
1993	30.70	28.50	28.80	25.40	17.90	13.10	13.50	15.70	19.20	23.90	28.70	27.30	22.71
1994	31.60	29.70	26.50	22.10	18.80	99	14.10	15.90	21.90	25.70	26.70	29.60	22.92
1995	99	99	25.40	23.40	15.90	14.90	14.20	17.00	22.10	24.20	27.50	29.10	22.82
1996	30.70	30.60	99	24.00	17.70	17.80	14.80	16.60	21.70	25.50	28.40	29.60	23.72
1997	30.20	99	28.20	24.10	16.50	13.60	11.90	15.80	21.90	25.10	27.90	29.40	22.87
1998	31.30	31.50	27.70	22.60	20.40	14.80	11.50	17.60	21.20	26.00	27.40	28.60	23.45
1999	31.50	26.90	27.60	99	99	99	13.90	99	99	99	99	25.70	99
2000	27.80	27.10	26.10	99	13.50	12.20	14.60	99	22.00	22.20	27.10	28.80	21.17
2001	31.50	30.10	22.30	20.80	17.00	12.80	12.60	15.30	99	20.90	25.00	26.10	21.20
2002	28.10	99	25.30	24.70	20.00	14.10	14.50	16.70	21.50	26.10	27.60	29.90	22.63
2003	30.60	30.50	26.50	23.10	17.80	14.60	14.90	16.40	20.50	23.60	26.40	27.90	22.90
2004	30.10	29.30	26.90	23.70	16.70	14.80	14.00	15.00	19.20	27.40	27.10	28.80	22.68
2005	30.40	30.50	28.70	26.80	20.50	13.70	13.30	15.20	21.60	24.80	27.10	28.70	23.45
2006	30.60	28.30	99	99	99	12.20	12.95	17.65	22.00	26.10	30.30	28.70	99
2007	30.05	33.6	20.95	23.25	17.65	11.60	15.05	16.5	22.20	25.30	26.45	27.25	22.5
2008	32.2	28.7	28.15	23.85	19.2	14.9	15.0	13.75	21.25	27.1	26.45	27.95	23.21
2009	30.95	31.45	27.9	22.8	16.2	14.05	14.05	18.9	21.35	24.5	29.0	29.5	23.39
2020	30.2	30.8	26.65	25.5	17.7	14.5	13.5	14.65	17.3	22.1	25.5	29.8	22.3
2011	33.4	28.9	24.1	22.1	15.6	13.3	14.6	17.4	19.9	24.4	25.4	27.6	22.2
2012	28.0	27.7	24.8	22.8	17.1	13.1	11.1	17.2	22.2	25.8	29.2	29.8	22.40