1949	-1.0	1.5	-0.2	-1	1.4	6.5	8.6	8.3	8.2	4.3	3.6	0.4	3.47	
1950	3.6	-0.2	1.2	-0.1	4.2	6.4	7.9	8.6	6.9	4.8	1.8	-0.7	3.7	
1951	0.4	0.9	-2.3	-1.4	4.5	5.1	8.4	8.4	7.6	5.5	2	0.9	3.33	
1952	-0.8	0.6	0	2.4	3.3	4.7	8	7.3	6.5	5.7	2.5	1.5	3.48	
1953	1.3	2	3.2	-1	3.8	7.3	8.5	9.1	8.8	6.2	3.4	4.5	4.76	
1954	2.9	1.6	0.6	2.8	3.9	6.5	7.9	8.3	5	4.2	3.8	0.5	4	
1955	-1.2	-1.3	0.6	2.9	2.5	5.5	10.2	10.9	8.4	3.6	4	-0.7	3.78	
1956	-1.1	2.8	2.8	1.2	5.1	6.2	8	7.4	7.6	5.4	5.5	3	4.49	
1957	3.1	-0.5	0.7	4.2	3.9	5.9	7.3	8.9	6.6	5.2	3.7	1.4	4.2	
1958	-0.1	-1.6	-0.3	3.2	1.7	5.8	7.8	8.2	8.6	6.8	5.5	1.2	3.9	
1959	-1.5	3.8	3.7	0.9	4.8	6.7	7.9	8.9	9	7.2	3	2.5	4.74	
1960	1.9	-0.1	2.5	3.5	5	7.6	8.6	8.7	8.7	5.5	4.5	2.3	4.89	
1961	2.9	2.4	1.1	0.3	5.8	6.5	8	8.7	8.3	6.3	4.1	-0.7	4.48	
1962	2.6	0.7	-2.6	2.5	3.8	5.8	7.9	8	7.2	5.4	2.1	1.6	3.75	
1963	0.2	1	3.1	1.6	3.9	6.6	7.7	7.1	6.4	5.5	0.5	1.6	3.77	
1964	2.8	2.4	4.7	2.8	4.3	6.5	8.8	8.2	5.7	5.9	2.4	-0.7	4.48	
1965	-0.3	3.3	-2.6	0.5	1.8	4.8	6.4	7.2	5.6	6.6	0.8	-1.4	2.73	
1966	-0.7	-1.8	-1.3	1.8	3.2	6.9	8.8	8	6.8	3.6	1.2	-0.2	3.03	
1967	1.1	2	-2.8	1	1.3	5.7	6.6	6.7	7.5	3.2	1.6	-0.2	2.81	
1968	-1.6	-1.9	-2	-0.4	0.3	4.4	7.2	8.9	6.5	2	3.9	0.5	2.32	
1969	-1.1	-2.9	-2.2	0.9	1.9	6.2	7.2	7.9	6.1	4.8	-1.1	0.8	2.38	
1970	0.5	-1.6	-3.1	0	3.4	7.1	6.5	7.6	6.1	3.8	1.7	2.3	2.86	
1971	-2.6	1.6	0.4	1.2	3.9	5.6	8.1	8.4	7	4.3	0.8	0.9	3.3	
1972	3	2.3	2.6	2.1	5.2	6.5	8.7	9.1	7.8	5.4	1.8	2.9	4.78	
1973	3.6	-2	2.5	0.8	2.9	5.6	7.6	8.3	7.8	4.8	-2	-2.3	3.13	
1974	2.3	0.5	3.6	5.4	4.7	6.4	8.7	8	5.9	4.4	3.7	-1.4	4.35	
1975	-1	2.8	-0.3	0.3	4.1	5.2	8.5	8.6	5.2	5	3	0.3	3.48	
1976	-1.7	2	2.1	1.4	2.9	6.2	8.3	11	7.8	6.6	3.6	-0.5	4.14	
1977	-0.1	0.9	1.3	0.1	4	6.8	7.8	7.6	6.8	5.1	0.3	2	3.55	
1978	-0.9	-1.1	0.8	1.6	4.5	6.5	7.9	8.6	6.5	5	1.9	1.9	3.6	
1979	-2.9	0	-3.6	0	-0.7	6.4	6.5	6.8	4.4	4	1.2	1.2	1.94	
1980	0.5	1.4	0.9	3.7	4.6	6.2	7.3	8.9	7.4	2.4	1.3	-1.2	3.62	
1981	-1.2	-0.7	-1.1	2.4	2.1	4.8	7	8.8	6.1	1.5	0.6	-0.7	2.47	
1982	-0.3	2.2	1.2	2.7	1.6	4.8	8.9	7.8	5.6	4.8	1.3	0.2	3.4	
1983	-0.4	1.6	-0.4	-1.1	2.4	6.2	8.1	8.9	5.5	3.2	1.6	0.6	3.02	
1984	-1	2.3	1	3.5	4.9	7.2	10	10.3	7	4.3	2.6	3	4.59	
1985	0.4	0.9	-0.2	1.4	4.5	6.2	7.7	7.2	5.5	6.2	0.7	-0.8	3.31	
1986	1.1	1	1.5	1.9	2.5	7.8	9.2	8.4	6.6	4	1.9	1.1	3.92	
1987	2.6	0.1	0.7	3.4	5.3	5.9	8.7	9	7.1	3.9	4.7	2.1	4.46	
1988	-2	-0.7	-1.4	-1.1	3.1	7.5	7.7	8.5	7.1	4.1	2.3	1.3	3.03	
1989	1.7	-0.9	-0.1	1.2	3.6	6.1	9.3	8.6	7.8	4.9	3	1.6	3.9	
1990	2.1	0.3	-0.9	1	4.4	6.3	8.1	8.8	7.2	4.5	2.9	1.4	3.84	
1991	2.7	2	2.5	0.7	6	6	9.7	9.9	7.3	5.1	1.7	2.3	4.66	
1992	3.5	1	0	1.2	4.1	7.7	7.8	7.7	6.8	4.5	2.5	1.2	4	
1993	-1.1	1	1.8	2.1	3.4	4.9	6.8	7.7	7.5	4.2	5.3	-0.3	3.61	
1994	-0.9	1.5	-0.4	1.2	4.7	6.2	8.9	9.5	7	3.6	4.1	1.1	3.88	
1995	-0.1	-1.1	-0.7	0.2	1.9	7.9	7.7	9.6	6.5	4	2.2	0	3.18	
1996	2.7	0.1	2.7	2	3.3	6.8	8.8	8.7	9.8	4.5	-0.9	-0.2	4.03	
1997	1.4	-0.1	0.6	1.9	2.8	5.2	8	9	7.9	4.1	3.9	2.9	3.97	
1998	0.9	-0.6	-0.9	0.6	4.7	4.8	6.9	8.1	6.4	3.3	2.7	1.9	3.23	
1999	0.6	-0.2	-1	0.8	4.4	7.3	9.6	9.9	7.9	5.8	3.1	0.1	4.03	
2000	2.2	0.4	0.1	-0.6	5.4	5.4	8.8	9.8	8.2	5.6	2.8	1.2	4.11	
2001	2.9	0.8	-1.2	1.3	4.8	5.5	8.4	8.5	8.1	6	2.7	2.5	4.19	
2002	2	-1.5	-0.4	3.3	3.7	6.5	8.6	9	7.9	4.7	4.5	4.2	4.38	
2003	0.7	3.5	4	4.4	3.8	7.3	9.2	10.6	8.7	4.8	4.2	1	5.18	
2004	0.3	1.1	3.6	3.6	4.7	7.1	9.4	10.2	9.1	5.2	2.6	0.7	4.8	
2005	1.4	1.6	1.9	1.8	2.9	6.8	9.4	8.9	5.7	3.5	1.8	3.2	4.08	
2006	3.2	2.4	0.1	2.4	3.5	8.4	9.2	9.6	8.7	5.2	1.3	4	4.83	
2007	0.4	0.9	2.6	4.2	3.5	7.4	8.3	8.9	7.1	6.4	2.3	2.9	4.58	
2008	1	1.5	0	1.4	5.5	6.9	9.4	9.5	9.3	3.6	2.8	2.4	4.44	
2009	2.7	0.4	0.7	3.3	5.7	6.9	8.9	9.5	8.5	5.1	3.7	2	4.78	
2010	2.5	0.1	1.7	1.1	4.2	7.2	8.6	8.7	8.4	5.6	2.4	0.9	4.28	
2011	2	2.8	0.8	5.5	3.8	5.4	8	8.1	8	5.5	5.2	-0.3	4.6
2012	2.4	3.8	3.5	0.9	3.8	5.5