1889	20.93	22.33	20.23	19.63	17.93	14.4	13.8	13.4	16.3	17.7	20.3	20.63	18.1	
1890	20.9	20.9	19.5	18.13	14.2	11.92	12.3	13.3	15.3	17.13	18.6	18.33	16.7	
1891	19.2	20.4	18.5	18.5	16.1	14.7	12.9	13.3	16.2	18.5	19.5	20.63	17.4	
1892	20.0	19.7	19.7	19.3	16.0	13.7	13.2	15.4	15.1	19.0	20.2	20.03	17.6	
1893	19.8	19.9	19.4	18.0	16.2	13.0	12.9	13.0	16.2	18.5	19.4	20.43	17.2	
1894	19.5	20.2	20.3	18.5	16.7	13.4	14.0	14.4	17.0	19.7	20.8	20.33	17.9	
1895	20.0	20.6	20.1	19.3	16.0	13.7	14.3	14.3	99.0	99.0	99.0	99.0	99.0	
1896	21.03	20.53	21.03	99.0	99.0	99.0	13.23	13.73	17.23	19.23	18.73	20.33	99.0	
1897	20.33	19.83	20.73	18.53	16.83	15.13	15.13	14.83	16.53	18.93	21.03	19.93	18.1	
1898	20.03	20.43	19.93	18.63	17.23	14.03	13.73	14.23	17.23	20.23	21.83	20.73	18.2	
1899	21.13	19.83	19.83	19.43	15.83	13.53	13.03	13.03	16.13	19.43	21.23	20.53	17.7	
1900	20.73	20.83	20.73	19.33	16.83	14.73	13.63	15.23	17.53	19.83	21.83	21.23	18.5	
1901	21.7	20.8	20.9	19.0	16.9	15.1	14.4	14.0	16.2	19.2	22.4	20.43	18.4	
1902	21.9	21.0	20.1	20.1	17.6	15.1	15.1	16.7	18.7	19.9	21.6	21.13	19.1	
1903	21.1	20.7	21.0	19.9	18.1	16.2	14.3	15.2	15.63	18.7	20.8	20.83	18.5	
1904	20.3	20.6	20.5	19.0	17.7	14.8	13.8	15.2	15.9	20.33	22.23	21.43	18.5	
1905	21.33	20.83	20.23	18.53	17.93	16.63	14.33	15.53	19.23	20.53	20.53	20.83	18.9	
1906	22.23	21.23	21.53	19.93	17.43	15.13	14.33	14.6	16.6	19.1	20.7	20.83	18.6	
1907	21.0	20.93	20.03	19.4	17.4	15.3	13.2	15.0	17.31	21.11	21.2	20.33	18.5	
1908	21.3	20.6	21.1	19.6	16.6	15.9	14.4	15.7	18.01	21.11	21.81	20.63	18.9	
1909	20.7	20.8	20.5	19.4	16.7	14.0	15.31	15.0	18.01	18.7	21.41	22.33	18.6	
1910	21.2	21.0	20.5	19.8	16.8	14.3	14.1	15.2	17.43	20.23	19.53	20.13	18.4	
1911	20.83	20.13	20.13	18.13	16.63	14.73	14.73	15.03	17.33	20.23	20.83	22.13	18.4	
1912	21.73	20.53	21.53	19.93	18.03	15.5	14.5	15.6	18.6	20.3	22.3	21.13	19.1	
1913	20.4	20.5	21.3	18.5	18.3	14.9	13.9	16.0	17.6	20.9	20.93	20.53	18.6	
1914	20.63	21.53	20.73	19.83	17.53	15.93	14.23	15.63	17.83	19.93	20.33	22.03	18.8	
1915	21.33	21.23	20.83	20.33	17.73	15.13	15.23	14.43	16.83	21.03	21.23	21.03	18.9	
1916	21.23	20.63	20.93	19.73	17.03	15.03	13.03	15.33	17.03	19.83	19.83	19.53	18.3	
1917	20.33	19.53	19.93	19.13	18.13	15.63	15.13	15.13	16.63	17.83	20.53	19.73	18.1	
1918	21.33	20.33	20.33	18.73	16.93	15.53	14.03	14.63	17.13	20.33	21.03	21.23	18.5	
1919	21.23	21.13	20.93	18.53	16.03	15.03	13.43	16.33	18.63	19.83	22.03	21.63	18.7	
1920	20.93	20.63	20.43	18.43	17.43	14.03	13.23	15.33	18.63	21.03	20.63	20.33	18.4	
1921	20.63	20.63	19.93	18.53	17.03	14.93	14.33	15.13	17.43	20.53	20.83	20.23	18.3	
1922	20.13	20.53	20.53	17.63	16.83	14.43	13.33	15.03	16.43	19.33	21.13	21.43	18.1	
1923	21.63	21.13	21.23	20.03	18.03	15.23	15.23	14.53	18.03	20.23	21.83	21.23	19.0	
1924	21.23	20.83	21.43	19.13	17.83	15.33	15.03	15.63	17.63	19.63	20.93	20.63	18.8	
1925	20.83	20.83	20.33	19.93	19.53	16.63	15.63	14.83	19.03	20.43	20.93	21.23	19.2	
1926	22.03	21.63	22.03	20.93	18.23	16.83	15.23	16.03	18.73	20.63	22.33	21.53	19.7	
1927	21.13	21.23	20.33	19.63	17.53	15.43	13.83	15.73	17.63	20.33	21.13	21.93	18.8	
1928	22.33	21.33	21.23	20.63	18.33	15.03	14.53	15.43	17.43	20.53	21.53	21.03	19.1	
1929	21.73	19.73	21.73	20.13	17.43	16.03	15.33	15.53	17.63	21.33	21.73	20.63	19.1	
1930	20.33	21.43	20.53	19.53	16.23	14.73	14.13	14.33	18.83	19.63	21.63	21.33	18.6	
1931	99.0	99.0	99.0	99.0	99.0	99.0	99.0	99.0	99.0	99.0	99.0	99.0	99.0	
1932	21.23	20.53	20.83	18.63	16.03	14.93	14.43	15.13	16.43	19.03	21.53	20.73	18.3	
1933	21.03	20.23	19.93	19.23	17.03	14.73	14.33	15.03	15.83	19.73	21.63	20.83	18.3	
1934	20.63	20.63	20.93	19.43	17.33	13.63	14.23	13.73	16.13	19.13	20.73	20.13	18.1	
1935	20.83	20.53	21.03	18.93	17.83	15.23	12.93	15.43	17.93	20.03	20.33	20.63	18.5	
1936	20.73	21.83	21.13	19.53	17.63	14.63	14.13	14.53	17.03	20.73	21.23	20.63	18.6	
1937	20.63	21.03	20.23	19.43	16.83	15.83	14.23	14.83	18.33	19.33	22.43	21.23	18.7	
1938	21.33	21.03	21.13	19.93	17.83	14.63	15.03	15.63	17.23	19.53	19.93	21.53	18.7	
1939	21.33	21.33	20.63	19.53	17.73	15.53	14.83	14.63	17.63	19.93	21.23	99.0	99.0	
1940	99.0	99.0	99.0	99.0	99.0	99.0	99.0	99.0	99.0	99.0	99.0	99.0	99.0	
1941	19.7	21.0	21.1	19.8	17.1	15.6	14.23	15.23	17.73	19.63	20.53	21.3	18.6	
1942	21.2	21.4	21.3	19.5	16.7	14.9	13.93	15.23	17.53	18.03	20.63	20.9	18.4	
1943	20.5	20.2	20.2	19.7	16.8	14.6	13.63	15.03	14.93	18.53	20.43	20.8	17.9	
1944	20.6	21.1	20.2	18.8	17.1	16.6	13.93	15.03	17.43	18.53	21.13	20.8	18.4	
1945	21.8	20.5	21.2	20.3	16.9	14.6	13.93	14.93	17.23	21.03	20.53	20.7	18.6	
1946	21.1	21.6	20.5	19.3	17.3	14.9	14.83	15.33	15.63	19.83	20.33	21.2	18.5	
1947	21.6	21.7	20.1	19.9	17.4	15.1	15.63	14.33	16.93	19.13	20.33	21.5	18.6	
1948	21.2	21.2	20.9	20.4	18.7	15.6	14.83	15.03	16.83	19.13	20.73	20.3	18.7	
1949	21.6	21.4	20.8	19.1	17.3	15.1	14.53	15.83	17.73	20.23	21.23	21.6	18.9	
1950	21.6	20.3	20.2	19.2	16.0	14.7	13.53	14.93	15.63	18.93	20.73	20.8	18.0	
1951	19.4	18.9	19.6	18.8	16.9	14.4	14.8	15.9	16.2	18.6	19.3	20.0	17.7	
1952	19.80	20.40	20.40	18.80	17.10	13.80	13.80	14.40	16.00	17.40	18.20	19.50	17.49
1953	19.80	19.80	20.10	18.80	16.60	16.30	14.50	13.90	15.60	17.30	20.20	20.40	17.70
1954	19.90	20.70	19.80	18.80	17.00	15.00	14.40	14.60	15.60	19.00	19.30	20.20	17.88
1955	20.60	20.60	19.90	18.00	16.50	14.20	14.40	15.10	16.30	18.90	20.00	20.10	17.89
1956	19.60	19.20	19.80	18.40	15.50	14.10	13.90	14.50	16.30	18.50	20.50	20.50	17.53
1957	21.00	19.80	19.80	18.40	16.30	15.10	13.90	14.80	16.60	18.50	20.70	20.50	17.95
1958	20.60	20.80	20.80	19.60	16.00	14.40	14.30	15.10	17.10	17.80	19.90	20.20	18.08
1959	20.40	20.50	19.90	18.20	16.70	14.90	13.40	14.40	16.20	17.50	20.30	20.90	17.72
1960	20.80	20.20	19.10	18.40	17.10	15.20	13.90	14.10	15.10	16.90	18.30	19.40	17.50
1961	20.70	21.40	20.60	20.20	18.70	16.00	15.00	14.80	15.70	19.20	20.60	20.50	18.53
1962	21.20	20.80	20.20	18.90	16.00	14.50	13.70	14.40	15.90	17.10	19.80	20.60	17.75
1963	20.40	20.50	20.00	19.70	16.10	14.90	14.40	13.80	15.70	19.30	19.00	20.20	17.87
1964	20.60	21.40	20.20	18.80	15.90	14.90	13.50	13.90	15.50	17.20	20.00	19.60	17.68
1965	19.50	20.20	19.00	18.40	15.70	14.50	14.00	14.70	16.10	17.50	19.10	20.00	17.36
1966	20.40	20.40	19.30	19.60	18.10	15.00	13.90	14.50	17.20	17.60	19.80	20.50	17.98
1967	20.80	20.90	20.90	19.50	17.40	15.30	15.20	14.60	16.60	18.80	19.40	20.10	18.33
1968	20.00	20.30	20.10	18.90	16.90	14.90	13.80	14.40	16.10	18.20	19.50	20.00	17.77
1969	20.70	21.50	21.20	21.00	18.30	14.80	14.80	14.10	17.40	20.10	21.00	21.60	18.74
1970	21.00	22.30	21.20	19.30	17.30	15.20	14.90	14.40	15.90	19.00	20.60	20.20	18.56
1971	19.80	20.60	19.80	19.10	17.50	13.90	13.90	13.40	15.70	18.50	19.10	19.60	17.62
1972	19.70	19.40	19.70	18.90	17.30	14.00	14.60	15.50	16.20	18.20	19.80	20.20	17.74
1973	19.80	20.10	20.00	18.30	16.80	14.80	13.80	13.80	16.60	18.20	20.00	19.10	17.70
1974	19.40	19.20	18.70	18.80	17.20	14.10	13.50	14.10	15.50	17.60	19.60	19.70	17.23
1975	20.10	19.60	19.40	19.10	16.60	14.30	13.90	13.20	14.90	17.40	18.70	19.30	17.24
1976	18.60	19.70	19.30	19.00	17.00	14.50	14.50	15.30	16.30	18.20	19.50	19.80	17.60
1977	20.20	19.70	20.00	18.70	17.50	15.10	13.90	15.50	15.90	19.30	19.50	20.40	17.93
1978	21.20	21.00	19.10	18.80	16.50	14.10	14.10	14.00	17.60	18.90	19.10	19.80	17.90
1979	20.20	19.80	19.90	18.30	16.30	13.80	13.60	14.60	17.10	18.90	19.50	20.20	17.65
1980	20.30	20.50	20.30	19.50	16.60	14.90	13.90	13.70	16.00	18.60	19.80	19.90	17.86
1981	20.70	20.60	20.30	18.70	16.40	14.80	13.50	15.40	16.30	18.90	19.80	20.30	17.94
1982	20.00	20.50	20.10	19.30	16.80	15.40	15.40	15.00	16.30	18.10	19.70	19.80	18.08
1983	20.30	21.40	20.80	19.20	17.40	15.40	14.50	14.60	16.00	18.60	20.50	19.90	18.21
1984	20.30	20.30	19.70	18.40	16.60	14.10	12.80	13.90	16.70	17.90	19.40	20.30	17.50
1985	20.60	20.30	19.80	18.40	16.40	14.50	14.20	14.30	15.80	16.70	19.10	20.00	17.53
1986	20.40	20.50	19.60	19.30	16.50	12.90	13.10	14.40	16.00	18.00	19.30	20.20	17.50
1987	20.50	21.00	20.90	19.50	16.90	14.20	15.40	14.80	16.70	19.20	19.40	21.60	18.23
1988	21.00	20.40	20.30	19.60	16.00	15.50	14.40	14.80	15.80	18.70	19.40	20.00	18.12
1989	20.30	20.00	20.20	18.60	16.50	15.00	14.50	14.20	16.40	18.70	19.50	20.20	17.82
1990	20.90	21.20	20.80	20.10	17.20	15.20	13.50	15.40	17.30	19.40	19.60	21.10	18.40
1991	21.50	21.00	20.60	19.40	17.90	15.10	13.60	99	99	99	99	99	18.36
1992	21.10	99	21.90	19.70	17.70	99	99	99	99	99	99	99	99
1993	99	99	99	99	99	16.00	99	99	16.00	99	99	99	99
1994	99	99	99	99	99	99	13.00	99	99	19.20	20.40	21.10	99
1995	20.70	99	21.10	19.90	17.50	15.50	14.40	15.10	17.40	99	99	20.90	18.55
1996	20.70	20.40	20.90	20.10	17.50	15.30	14.30	99	99	18.00	20.90	20.50	18.38
1997	20.30	20.60	21.00	20.00	17.60	15.30	14.10	15.40	99	18.00	99	20.90	18.37
1998	99	21.60	21.50	19.60	17.60	15.40	13.70	15.10	16.60	18.60	19.90	20.30	18.48
1999	20.30	21.10	99	18.80	17.50	14.90	99	14.60	16.80	18.20	19.10	99	18.01
2000	20.80	19.90	19.60	19.60	17.70	14.70	14.30	99	15.90	18.80	99	20.50	17.99
2001	20.90	99	22.00	19.70	17.50	99	99	99	99	18.50	99	99	99
2002	99	99	20.70	99	17.30	14.50	14.70	16.10	16.80	18.50	99	20.60	18.39
2003	20.40	20.70	20.80	19.70	18.90	14.90	99	14.60	16.50	19.40	20.30	20.30	18.41
2004	99	20.60	20.00	19.30	16.40	14.10	14.00	15.10	18.60	99	19.50	99	18.15
2005	21.30	99	21.20	99	99	15.60	14.00	99	99	99	99	99	99