1905	99	99	99	99	99	30.00	28.80	27.80	27.90	28.30	99	99	99
1906	20.40	24.50	22.50	99	29.80	27.90	25.40	25.00	25.30	26.10	23.20	22.00	24.97
1907	20.10	22.70	24.70	30.20	31.10	31.10	28.90	99	99	31.40	26.30	99	27.13
1908	99	99	99	32.50	32.00	32.10	28.50	28.40	28.40	29.10	25.80	22.80	27.92
1909	22.70	25.90	27.50	29.30	31.10	29.40	27.00	26.20	26.80	27.60	25.80	21.10	26.84
1910	19.90	23.30	23.50	29.60	31.70	30.80	27.00	26.60	26.90	28.00	24.40	20.10	26.07
1911	22.70	20.90	25.30	28.70	29.30	30.50	28.70	26.70	29.00	28.40	25.00	20.30	26.28
1912	19.60	21.50	25.10	28.20	31.00	30.60	28.10	26.80	27.50	27.70	25.20	20.30	25.97
1913	19.70	21.50	22.40	28.90	30.40	29.50	29.20	23.70	28.50	28.20	22.80	19.80	25.43
1914	23.00	22.80	27.00	28.60	30.70	31.30	28.30	26.80	27.70	99	25.90	22.00	26.74
1915	22.10	23.20	26.40	29.20	30.80	30.00	28.60	27.00	27.80	28.60	26.00	21.10	26.81
1916	17.60	22.10	25.60	30.00	29.90	29.40	27.20	26.40	26.70	26.30	25.00	20.30	25.61
1917	20.30	22.30	24.90	27.80	28.10	29.20	28.50	26.20	25.80	25.30	23.90	20.40	25.22
1918	18.70	20.20	22.90	26.50	30.00	29.50	28.70	26.50	28.10	28.80	25.60	22.00	25.49
1919	23.70	24.30	26.90	27.80	99	99	28.80	28.60	28.70	29.50	25.20	21.50	27.30
1920	19.30	20.10	24.10	27.70	30.30	29.60	28.40	99	99	27.60	24.10	19.90	25.48
1921	18.40	19.20	22.70	30.70	31.10	30.90	29.00	26.20	27.70	28.60	25.40	24.10	25.82
1922	21.50	22.50	99	29.80	30.50	31.60	27.60	26.30	26.90	28.30	26.90	21.90	26.85
1923	23.80	21.50	27.10	28.90	30.20	30.10	27.60	26.20	28.00	28.30	24.50	21.50	26.51
1924	22.10	23.80	28.30	29.90	30.40	99	99	99	99	29.30	25.40	23.10	27.04
1925	17.30	19.50	99	29.60	30.30	29.40	28.70	26.90	29.10	29.20	26.10	22.90	26.26
1926	20.00	22.10	24.70	28.60	31.70	99	28.20	28.60	29.60	28.90	24.40	21.70	26.76
1927	22.40	21.70	25.90	27.80	31.40	30.80	28.30	27.10	27.70	30.30	26.10	25.00	26.77
1928	24.30	23.20	28.50	30.00	30.80	99	99	26.80	28.80	29.00	25.00	22.60	27.71
1929	21.10	24.50	26.50	30.10	30.10	29.90	26.20	26.10	27.50	28.10	25.20	19.40	26.49
1930	18.10	23.10	24.50	28.70	30.70	28.30	27.10	26.30	28.20	28.30	22.80	22.00	25.46
1931	22.70	23.90	25.80	29.00	30.40	30.40	27.50	26.40	26.70	28.80	25.50	22.00	26.59
1932	20.50	22.60	25.90	29.40	29.90	29.90	26.90	26.10	27.70	29.10	25.70	21.20	26.31
1933	23.10	24.90	27.90	28.60	31.50	30.10	28.00	26.40	27.70	29.40	28.10	23.70	27.24
1934	21.40	21.40	27.00	30.40	30.70	29.40	26.90	26.70	27.80	29.20	26.20	20.80	26.73
1935	23.10	22.20	28.20	28.80	30.50	29.40	28.40	26.50	27.50	28.60	24.60	99	26.55
1936	19.80	24.30	28.00	29.40	32.60	30.00	27.00	26.10	27.10	28.80	27.00	22.60	26.85
1937	19.00	24.10	25.90	29.70	30.70	30.80	27.80	26.10	27.60	29.10	24.70	23.70	26.51
1938	22.00	24.20	24.30	31.20	31.00	30.50	27.00	25.60	26.80	28.30	25.50	23.00	26.68
1939	21.60	22.90	26.60	29.40	31.10	30.20	27.60	26.80	27.30	29.10	25.00	23.60	26.72
1940	21.60	22.70	24.10	29.80	31.00	30.90	27.50	26.90	29.00	29.70	24.70	23.40	26.79
1941	22.60	24.10	26.80	30.20	31.20	31.50	29.30	27.10	28.90	29.30	25.90	20.00	27.53
1942	22.30	25.50	27.30	29.50	31.10	31.50	27.40	27.40	28.60	28.60	26.30	23.40	27.12
1943	21.70	21.30	25.40	27.10	31.30	30.30	27.60	26.30	26.80	28.10	27.50	23.90	26.40
1944	21.20	22.70	28.00	29.10	30.20	30.40	27.50	27.10	27.40	29.50	24.20	21.30	26.77
1945	22.40	20.60	25.30	29.40	29.90	29.90	28.50	26.50	27.60	28.20	26.10	22.20	26.31
1946	22.50	23.00	26.00	29.30	31.20	28.90	26.50	25.30	26.40	27.60	25.80	23.10	26.23
1947	21.10	23.20	25.10	30.00	30.20	30.10	28.40	26.50	27.00	28.80	25.30	24.10	26.57
1948	20.60	20.50	24.90	31.20	30.50	28.80	30.40	26.00	27.50	28.10	24.50	20.80	26.43
1949	21.10	20.60	26.60	28.40	30.70	30.40	28.90	28.50	26.90	29.10	26.80	19.90	26.57
1950	21.40	22.00	26.40	30.50	31.50	30.80	26.20	25.50	26.60	27.90	25.90	23.20	26.22
1951	21.90	21.80	26.90	27.30	30.80	30.30	28.20	26.60	26.60	28.70	24.40	17.70	26.39
1952	21.80	23.60	25.70	29.50	31.80	30.70	28.80	25.40	25.80	27.50	25.20	24.10	26.12
1953	22.90	24.00	26.10	28.30	30.80	29.20	26.50	25.70	26.80	27.90	25.60	19.30	26.49
1954	20.90	25.20	27.40	29.20	30.60	30.20	26.40	24.90	25.90	27.70	26.30	21.20	26.17
1955	21.00	23.30	28.00	30.00	31.10	29.40	27.30	25.90	25.80	28.00	25.00	20.30	26.33
1956	19.40	25.10	28.30	28.60	30.20	29.60	25.70	24.40	24.70	25.80	25.70	21.40	25.65
1957	19.70	20.00	26.50	27.70	30.30	29.80	27.80	25.80	27.50	28.80	26.90	23.10	26.02
1958	21.50	21.20	26.90	31.80	31.20	29.20	26.60	25.60	27.80	28.80	26.90	23.90	26.72
1959	20.70	20.30	25.70	29.60	30.80	30.70	27.50	25.30	26.50	27.30	25.70	22.10	26.17
1960	20.40	23.90	25.60	30.30	31.00	31.10	27.80	27.00	27.20	28.50	24.80	25.50	26.64
1961	22.80	20.60	25.50	29.00	31.20	29.60	26.00	25.10	26.40	27.10	23.70	19.60	26.04
1962	19.20	22.50	27.80	28.80	31.10	29.40	27.70	24.90	26.20	27.70	26.50	22.60	25.95
1963	22.80	24.20	25.90	28.70	31.30	30.70	27.40	26.30	27.00	28.30	25.20	21.70	26.70
1964	19.90	21.70	26.90	29.90	31.10	30.30	25.80	24.40	26.10	26.90	24.70	20.30	25.78
1965	20.90	23.50	27.20	28.90	30.30	30.50	28.10	25.00	26.60	26.90	24.30	20.90	26.04
1966	21.40	21.30	27.30	29.70	30.90	29.60	29.10	26.70	28.60	29.10	26.60	22.20	26.77
1967	20.50	22.70	24.90	29.00	30.90	29.50	27.40	26.00	27.60	27.90	23.40	22.60	26.00
1968	21.30	21.30	25.80	27.50	30.50	28.60	26.20	27.70	28.40	29.40	26.00	22.20	26.28
1969	20.20	23.80	29.30	30.00	31.70	30.70	28.90	26.50	28.30	29.10	26.90	23.70	27.30
1970	20.90	23.40	26.00	29.90	31.40	31.20	27.70	26.60	26.30	28.10	26.30	21.30	26.79
1971	21.00	22.50	27.40	28.60	31.60	29.70	27.30	25.80	27.10	28.20	25.40	21.10	26.33
1972	21.70	22.60	26.60	30.00	31.10	30.30	28.10	27.00	27.90	29.00	24.20	20.90	26.63
1973	21.40	25.60	26.70	31.30	31.50	30.80	28.30	28.00	28.30	29.20	23.60	22.70	27.13
1974	19.50	23.60	25.30	31.30	31.00	29.50	26.00	26.60	27.10	29.10	25.70	19.90	26.45
1975	19.80	24.60	27.00	29.60	31.40	29.70	27.60	26.20	26.50	28.60	25.90	20.90	26.40
1976	21.00	22.80	28.40	29.70	31.70	30.20	27.00	26.50	27.20	28.80	26.30	24.10	26.71
1977	20.20	22.80	26.30	29.10	30.50	29.20	27.30	25.80	28.00	27.40	24.40	21.40	26.26
1978	20.60	24.10	26.30	30.60	31.60	30.80	26.80	26.10	27.90	29.00	23.30	22.70	26.54
1979	21.80	26.00	27.10	31.40	31.20	29.50	28.40	27.40	28.40	29.60	27.30	20.40	27.57
1980	21.50	23.40	27.80	31.10	32.00	30.50	27.20	27.30	28.70	29.80	26.70	22.80	27.20
1981	21.10	21.70	27.30	29.70	32.20	30.50	26.70	28.10	27.60	29.70	24.20	23.80	26.80
1982	22.90	22.90	26.80	29.90	31.60	31.20	29.50	27.20	29.10	28.60	23.00	21.10	27.21
1983	17.00	22.80	24.80	29.10	32.50	30.40	28.10	27.70	28.10	29.00	26.20	23.30	26.40
1984	20.00	24.60	28.40	30.80	32.50	31.00	29.10	29.80	28.50	30.80	24.80	21.20	27.80
1985	23.90	21.20	27.80	29.50	31.40	30.40	27.40	27.40	27.10	29.50	26.40	22.70	26.93
1986	21.30	24.50	28.00	29.80	31.00	30.50	27.70	27.40	27.20	29.30	25.90	20.40	27.11
1987	20.90	23.50	27.50	29.40	30.70	30.90	30.60	28.30	29.90	28.00	26.10	21.80	27.18
1988	21.30	23.20	28.20	29.20	32.50	29.90	26.70	26.40	27.20	27.10	25.00	24.10	26.54
1989	17.10	19.80	25.80	30.50	30.80	30.10	29.10	27.80	28.20	28.60	26.00	21.10	26.49
1990	21.40	20.00	20.10	31.60	33.00	29.10	28.20	30.00	30.10	30.40	28.40	26.70	26.95
1991	99	99	26.90	99	30.80	31.90	29.00	27.70	30.20	30.20	26.30	20.30	27.66
1992	19.10	20.70	27.00	31.50	31.00	30.70	99	99	99	99	99	99	99
1993	99	99	99	99	99	99	99	28.40	99	31.40	99	99	99
1994	99	99	99	99	99	99	99	99	27.80	29.50	99	99	99
1995	99	99	28.60	99	99	99	99	99	99	99	99	99	99
1996	22.20	99	99	99	99	30.10	28.30	27.30	28.70	31.10	25.70	23.10	99
1997	99	20.20	28.00	99	99	99	27.50	26.30	29.50	30.30	99	22.10	26.83
1998	20.50	26.90	25.80	30.70	33.60	33.50	99	26.20	27.50	28.50	27.40	24.50	27.66
1999	23.00	28.00	27.60	29.70	30.50	30.30	27.30	26.10	26.30	27.40	26.10	99	27.23
2000	22.10	23.00	25.50	31.00	31.40	31.50	27.00	99	29.00	99	23.10	99	26.77
2001	20.80	23.40	27.70	99	99	99	99	26.20	27.20	99	24.60	23.50	99
2002	19.80	24.70	27.70	31.90	31.80	99	99	28.30	99	28.90	27.50	22.30	27.70
2003	22.70	25.30	27.00	31.60	32.20	30.70	27.60	27.10	28.20	30.40	27.30	22.90	27.70
2004	22.50	22.80	27.20	31.80	33.10	31.50	28.30	27.30	28.70	30.40	26.20	22.60	27.73
2005	20.30	28.20	99	31.60	31.30	31.30	28.60	27.40	28.10	29.50	25.10	25.30	27.62
2006	25.30	26.00	28.30	30.00	32.40	30.70	28.60	26.60	27.20	29.10	24.30	20.30	27.72
2007	19.50	23.70	27.80	31.50	33.4	30.1	26.5	25.7	26.7	29.3	27.7	23.4	26.85
2008	21.8	22.3	29.1	31.1	31.6	30.2	28.2	26.2	99	28.2	26.5	24.6	27.20
2009	23.7	26.1	27.0	33.1	32.2	32.6	28.3	28.0	28.9	30.3	26.8	22.7	28.47
2010	24.3	26.7	28.2	31.9	33.3	30.9	27.5	26.3	28.0	29.7	28.8	23.9	28.19
2011	21.1	25.9	27.1	30.9	31.3	32.4	29.9	26.8	27.7	99	99	99	27.90