1901	-8.9	-14.87	-9.56	-2.87	0.36	5.2	6.92	6.84	3.71	-0.97	-5.15	-8.06	-2.28
1902	-5.86	-8.6	-6.1	-1.3	-3.47	2.66	7.29	5.94	3.99	-1.6	-5.46	-7.68	-1.68
1903	-7.87	-5.04	-6.23	-7.42	0.23	2.83	5.48	7.21	3.61	-0.14	-4.91	-9.27	-1.79
1904	-8.92	-10.12	-7.32	-1.76	2.27	5.21	9.02	7.77	1.8	0.06	-5.1	-5.74	-1.07
1905	-10.69	-9.79	-6.33	-3.47	-0.36	3.84	9.15	6.35	3.74	-4.97	-7.29	-4.71	-2.04
1906	-7.95	-11.38	-7.25	-5.04	0.47	3.87	6.86	8.51	4.02	1.83	-3.0	-12.24	-1.77
1907	-8.57	-10.95	-7.91	-5.74	0.64	4.37	5.19	8.25	5.15	-0.54	-3.98	-6.66	-1.73
1908	-7.06	-8.8	-9.62	-6.43	2.73	4.96	5.95	6.05	4.02	1.44	-4.02	-8.39	-1.6
1909	-8.89	-11.66	-10.56	-1.56	0.5	1.52	4.76	6.65	2.03	0.43	-6.33	-7.08	-2.52
1910	-8.01	-9.74	-6.93	-5.14	-1.79	3.82	4.45	5.87	1.44	-0.03	-7.53	-6.98	-2.55
1911	-7.92	-7.21	-7.89	-4.44	0.33	3.39	9.04	9.85	6.11	-0.89	-3.92	-6.33	-0.82
1912	-6.5	-5.63	-5.35	-5.19	1.67	3.58	5.7	3.25	-0.85	-1.12	-7.84	-4.4	-1.89
1913	-7.19	-8.11	-4.62	-4.55	-0.01	3.35	3.97	6.25	2.66	0.99	-2.99	-7.44	-1.47
1914	-9.48	-5.33	-6.45	-1.05	-0.25	2.59	4.08	6.64	3.13	-1.08	-6.2	-7.43	-1.74
1915	-11.49	-10.63	-7.28	-4.98	2.78	5.01	6.28	5.66	2.58	-3.18	-7.56	-5.06	-2.32
1916	-5.29	-9.72	-7.23	-3.68	1.3	2.33	5.45	6.14	1.92	-0.25	-5.65	-7.78	-1.87
1917	-11.32	-10.01	-9.46	-6.96	2.22	5.47	7.04	5.82	6.37	-3.19	-4.34	-10.62	-2.41
1918	-7.58	-6.49	-7.38	-4.58	1.61	2.11	6.62	6.64	5.1	-1.96	-5.06	-5.01	-1.33
1919	-10.11	-9.21	-7.7	-5.6	0.43	4.45	3.19	8.31	5.0	-4.33	-8.59	-7.42	-2.63
1920	-6.39	-5.39	-3.95	-3.14	3.92	4.01	6.96	5.38	3.69	-0.31	-3.66	-6.73	-0.47
1921	-5.47	-8.31	-5.43	-4.97	1.84	4.78	8.91	6.7	6.68	4.11	-5.46	-6.18	-0.23
1922	-10.16	-6.7	-5.63	-5.64	2.83	4.52	5.81	7.73	1.94	-1.21	-5.97	-7.64	-1.68
1923	-9.48	-6.96	-6.66	-3.74	0.99	1.19	9.0	9.31	3.64	1.88	-5.49	-9.37	-1.31
1924	-8.1	-10.71	-6.27	-3.32	2.59	4.76	7.19	3.82	4.07	-0.43	-2.7	-6.1	-1.27
1925	-5.18	-8.64	-9.42	-4.05	0.66	5.29	5.9	99	99	99	99	99	99
1926	99	99	99	99	99	99	99	99	99	99	99	99	99
1927	99	99	99	99	99	99	99	99	99	99	99	99	99
1928	99	99	99	99	99	99	99	99	99	99	99	99	99
1929	99	99	99	99	99	99	99	99	99	99	99	99	99
1930	99	99	99	99	99	99	99	99	99	99	99	99	99
1931	99	99	99	99	99	99	99	99	99	99	99	99	99
1932	99	99	99	99	99	99	99	99	99	99	99	99	99
1933	99	99	99	99	99	99	99	99	99	99	99	99	99
1934	-8.14	-5.53	-6.82	-1.85	2.83	4.32	8.65	5.81	5.68	0.23	-5.02	-4.9	-0.4
1935	-11.16	-8.29	-8.67	-5.03	-1.6	6.37	8.03	6.28	5.52	-0.84	-4.46	-9.63	-1.96
1936	-6.67	-8.78	-6.25	-4.34	0.91	3.05	6.25	7.45	3.59	-3.35	-4.59	-5.88	-1.55
1937	-6.2	-7.07	-8.74	-4.63	1.46	4.37	7.68	6.84	3.33	0.21	-4.19	-9.77	-1.39
1938	-7.87	-8.15	-3.02	-6.02	-1.42	6.52	6.63	6.43	3.64	1.45	-0.93	-8.83	-0.96
1939	-8.15	-5.85	-10.49	-2.24	-2.21	4.04	6.01	6.99	3.47	-1.93	-2.67	-8.54	-1.8
1940	-9.51	-6.98	-6.07	-4.39	0.22	3.29	5.26	6.57	4.71	-1.05	-4.71	-10.89	-1.96
1941	-9.72	-8.95	-5.86	-4.87	-2.8	4.45	7.45	5.34	4.76	-1.95	-6.34	-7.36	-2.16
1942	-12.33	-11.38	-3.95	-2.76	0.71	5.81	7.1	7.25	5.85	2.75	-5.27	-6.65	-1.07
1943	-7.92	-6.93	-4.91	-1.61	2.51	4.17	7.42	9.04	5.76	1.63	-6.36	-7.08	-0.36
1944	-5.18	-11.92	-9.44	-2.06	1.21	3.62	6.61	9.67	3.88	-2.96	-6.17	-9.5	-1.85
1945	-13.81	-4.21	-4.92	-1.08	2.63	6.18	8.98	6.61	4.96	0.61	-5.4	-8.17	-0.63
1946	-9.03	-7.82	-5.03	-0.65	0.63	3.53	7.96	6.98	6.39	-0.31	-4.39	-10.01	-0.98
1947	-10.56	-10.22	-5.31	0.02	2.72	7.1	9.9	9.38	6.29	1.66	-2.55	-8.75	-0.03
1948	-6.74	-8.12	-1.72	-2.94	1.51	3.2	4.38	7.06	5.11	1.77	-0.33	-6.16	-0.25
1949	-6.33	-5.32	-8.13	0.24	-0.16	4.67	8.66	7.94	6.67	2.23	-6.55	-5.58	-0.14
1950	-7.49	-7.0	-4.84	-5.06	1.95	7.13	10.01	7.49	3.68	0.49	-5.47	-10.94	-0.84
1951	-8.96	-10.28	-8.89	-4.46	-0.48	3.77	7.36	6.5	5.41	-0.81	-4.32	-4.88	-1.67
1952	-10.43	-10.15	-5.39	-1.07	1.19	6.33	9.96	7.73	0.47	-1.29	-7.88	-8.39	-1.58
1953	-9.81	-9.22	-5.55	-2.54	1.92	2.1	7.05	7.23	4.76	1.0	-1.41	-5.95	-0.87
1954	-11.17	-9.49	-6.15	-4.67	-0.38	4.32	4.4	4.97	4.22	0.65	-3.76	-5.12	-1.85
1955	-6.34	-9.99	-7.37	-3.18	0.03	3.89	6.68	5.7	3.4	-0.91	-4.17	-4.7	-1.41
1956	-6.89	-16.2	-7.61	-5.5	1.0	1.67	6.97	6.17	5.4	-1.11	-6.16	-6.78	-2.42
1957	-7.4	-6.37	-1.58	-3.17	-1.77	4.69	6.9	6.28	3.92	1.66	-2.74	-7.22	-0.57
1958	-8.38	-6.28	-9.15	-6.42	2.97	3.52	7.32	8.48	6.79	-0.32	-3.81	-6.76	-1.0
1959	-8.65	-5.42	-4.8	-2.8	0.34	4.42	8.66	6.16	5.52	-0.1	-5.56	-7.83	-0.84
1960	-9.18	-7.18	-6.75	-3.78	1.75	5.11	4.73	5.83	2.1	-2.8	-2.4	-5.36	-1.5
1961	-5.32	-4.29	-4.22	-1.26	-0.73	5.2	5.31	7.22	7.38	0.35	-4.97	-5.68	-0.08
1962	-7.9	-9.1	-10.82	-5.35	-1.01	3.22	6.28	9.57	4.37	1.47	-7.04	-9.49	-2.15
1963	-13.02	-12.75	-6.63	-3.12	-0.25	3.97	8.25	5.59	4.06	1.59	-3.31	-7.95	-1.97
1964	-6.15	-6.88	-6.69	-2.64	2.67	5.8	8.53	6.49	5.41	-2.89	-2.66	-7.61	-0.55
1965	-8.94	-12.6	-7.51	-5.79	0.15	5.25	6.06	5.79	1.69	2.67	-5.69	-6.46	-2.12
1966	-8.24	-3.89	-7.71	-1.89	1.56	5.44	5.78	6.56	7.5	1.39	-8.17	-7.14	-0.73
1967	-8.07	-7.7	-5.46	-4.42	0.28	3.64	9.15	8.06	4.53	3.84	-2.13	-7.58	-0.49
1968	-8.74	-7.29	-5.77	-1.85	0.04	4.67	7.41	5.39	3.94	4.0	-2.98	-8.83	-0.83
1969	-6.49	-12.09	-6.69	-4.52	2.06	2.78	8.22	6.19	5.39	4.1	-4.67	-10.29	-1.34
1970	-7.15	-9.79	-9.49	-5.58	-0.49	5.3	7.18	7.53	7.12	1.11	-2.19	-7.83	-1.19
1971	-8.54	-8.12	-10.27	-1.48	1.65	3.21	8.96	9.4	4.89	3.56	-4.88	-2.87	-0.37
1972	-8.52	-7.35	-4.94	-3.98	-0.07	3.77	6.79	6.25	1.66	0.79	-3.16	-5.74	-1.21
1973	-7.49	-10.27	-7.65	-7.02	1.6	5.26	6.26	8.93	5.97	-0.35	-3.33	-7.74	-1.32
1974	-5.06	-6.91	-4.49	-3.08	0.85	4.01	7.79	9.14	3.95	-6.42	-4.4	-4.25	-0.74
1975	-3.89	-5.37	-7.39	-2.45	2.43	4.27	9.04	8.6	6.97	1.51	-4.11	-4.01	0.47
1976	-6.89	-5.41	-5.27	-2.91	3.25	8.05	8.54	6.77	3.39	1.45	-5.55	-8.35	-0.24
1977	-8.14	-6.35	-3.35	-3.74	0.34	3.87	6.96	5.87	4.28	2.36	-5.35	-4.54	-0.65
1978	-8.1	-8.48	-5.75	-4.95	0.55	3.84	6.82	7.01	5.71	2.54	-1.71	-5.55	-0.67
1979	-10.25	-6.82	-5.78	-5.45	1.08	6.66	7.96	6.9	6.03	2.27	-4.05	-5.61	-0.59
1980	-9.62	-5.84	-6.09	-6.46	-0.13	3.44	5.65	8.5	6.78	1.12	-2.94	-7.26	-1.07
1981	-8.42	-8.18	-2.69	-0.69	1.35	6.18	7.17	9.7	4.79	-0.34	-3.86	-10.31	-0.44
1982	-6.14	-7.21	-8.61	-4.24	0.9	5.3	9.15	6.81	6.12	-0.89	-3.62	-6.28	-0.73
1983	-4.34	-9.97	-5.02	-4.16	-1.57	4.41	11.25	6.64	5.71	1.58	-1.53	-5.72	-0.23
1984	-9.1	-10.73	-9.24	-4.91	-2.44	3.26	7.29	5.79	2.02	0.66	-2.34	-5.8	-2.13
1985	-13.35	-5.65	-8.45	-3.78	0.15	3.08	9.04	7.57	7.22	2.75	-6.67	-3.83	-0.99
1986	-9.81	-12.02	-6.26	-4.91	2.44	4.97	7.05	6.98	5.71	2.22	-2.91	-6.82	-1.12
1987	-8.65	-7.14	-9.45	-2.78	-1.69	2.98	7.45	8.1	8.46	0.97	-3.93	-3.11	-0.73
1988	-6.74	-8.9	-8.38	-2.56	1.2	3.73	8.02	8.46	4.78	2.76	-2.93	-4.98	-0.46
1989	-3.34	-4.65	-3.11	-5.3	1.86	3.75	7.82	7.35	3.73	2.3	-3.64	-3.48	0.27
1990	-5.95	-3.63	-3.8	-4.67	2.56	4.32	8.2	8.18	4.1	1.88	-5.24	-8.24	-0.19
1991	-6.14	-10.01	-4.0	-5.41	-2.63	3.59	9.18	9.67	6.33	-0.88	-4.5	-6.0	-0.9
1992	-5.15	-6.0	-5.43	-3.35	2.7	3.12	8.26	10.24	4.37	-2.29	-1.2	-5.38	-0.01
1993	-4.06	-6.9	-6.51	-3.04	1.64	5.3	6.17	8.53	2.41	-1.48	-6.06	-6.14	-0.85
1994	-6.94	-8.38	-2.22	-4.86	1.6	5.15	10.44	9.43	3.01	1.02	-0.26	-4.82	0.26
1995	-9.27	-4.96	-8.13	-2.57	0.36	2.88	9.63	6.26	1.15	4.24	-4.76	-7.18	-1.03
1996	-6.07	-10.32	-7.31	-2.99	0.96	6.07	6.76	5.96	1.24	0.14	-4.94	-6.61	-1.43
1997	-6.16	-4.58	-3.29	-3.78	1.81	4.12	5.95	8.75	7.36	1.5	-3.76	-6.88	0.09
1998	-6.73	-2.67	-5.06	-4.33	2.1	6.0	8.21	8.76	3.18	-0.38	-7.43	-6.3	-0.39
1999	-6.59	-9.1	-5.56	-3.93	3.05	4.42	7.9	8.18	5.64	1.18	-6.06	-7.03	-0.66
2000	-7.42	-5.81	-5.05	-2.74	2.84	6.87	5.35	8.72	5.5	0.24	-5.2	-5.52	-0.19
2001	-7.92	-7.26	-3.59	-4.98	2.82	4.45	7.77	9.23	0.57	4.16	-4.07	-7.87	-0.56
2002	-5.1	-5.62	-4.49	-3.17	0.51	8.01	7.31	6.4	2.7	0.9	-3.54	-5.11	-0.1
2003	-9.23	-10.65	-3.64	-3.27	2.69	10.65	9.23	11.65	4.75	-2.18	-1.98	-6.27	0.15
2004	-8.11	-6.67	-6.75	-3.65	0.22	5.69	7.11	7.73	5.65	1.99	-3.85	-5.76	-0.53
2005	99	99	99	99	99	99	99	99	99	99	99	99	99
2006	99	99	99	99	99	99	99	99	99	99	99	99	99