1753	-3.37	2.99	7.79	8.69	14.49	19.09	20.29	16.59	14.39	9.59	3.69	4.29	9.86	
1754	0.13	0.89	2.19	8.49	15.29	17.49	18.29	19.59	14.89	11.09	6.79	2.39	9.76	
1755	-4.87	-0.57	4.99	13.69	13.39	18.99	19.39	17.19	13.69	8.79	4.59	1.79	9.26	
1756	1.99	3.49	5.49	8.69	12.99	18.79	19.19	17.09	14.99	8.89	2.59	-1.27	9.46	
1757	-2.27	0.89	4.39	9.89	15.29	18.59	22.09	17.79	12.39	5.49	4.99	0.63	9.16	
1758	-3.27	1.19	5.69	8.59	14.89	17.79	15.19	17.29	12.39	7.09	3.09	1.49	8.46	
1759	0.13	2.79	5.19	10.89	14.99	16.69	21.59	17.79	15.19	10.89	0.99	0.03	9.76	
1760	-0.87	1.99	3.69	13.09	14.99	18.09	19.89	17.39	14.89	9.29	4.69	3.49	10.06	
1761	-2.77	3.99	7.29	9.39	15.79	17.39	20.49	20.09	15.69	7.99	4.29	-1.07	9.86	
1762	1.89	0.73	2.19	12.89	17.09	17.69	22.19	18.29	14.39	7.69	3.59	-2.77	9.66	
1763	-3.27	5.69	4.09	9.79	13.49	17.79	19.49	20.59	13.29	7.89	3.59	2.99	9.66	
1764	3.69	4.29	3.19	8.29	16.29	18.59	20.29	16.79	13.09	6.89	3.39	2.19	9.76	
1765	1.89	0.33	6.59	9.09	14.79	19.19	18.19	17.99	13.69	9.79	3.79	-0.07	9.56	
1766	-5.57	-0.37	4.79	10.99	14.99	18.79	18.99	20.19	16.19	10.29	4.99	0.13	9.56	
1767	-4.07	5.89	5.59	8.69	13.99	17.69	20.09	19.19	14.69	9.39	7.19	-0.87	9.76	
1768	-1.97	2.89	2.99	10.39	15.19	16.49	19.69	18.99	13.89	10.49	5.69	1.69	9.66	
1769	1.19	2.69	3.69	10.39	15.09	16.69	19.59	18.49	14.39	5.99	6.89	2.19	9.76	
1770	-1.67	1.19	3.39	7.09	14.69	16.79	16.99	19.49	15.89	8.49	5.09	2.09	9.16	
1771	1.09	1.99	5.59	6.69	16.29	16.19	20.89	18.19	14.89	9.69	2.69	3.69	9.86	
1772	0.63	5.39	7.29	9.49	13.19	19.19	19.69	19.49	16.19	11.59	6.89	3.29	11.06	
1773	2.09	0.03	4.09	8.79	13.79	17.49	18.69	17.99	14.99	9.49	4.99	3.59	9.66	
1774	1.99	3.59	8.19	10.89	13.99	17.19	18.79	20.29	13.39	7.59	2.59	-0.77	9.86	
1775	1.39	4.99	6.29	8.09	12.79	18.29	18.99	17.99	14.69	9.19	4.69	0.89	9.86	
1776	-2.27	4.59	7.49	10.29	12.99	17.89	20.39	19.69	12.99	9.59	4.39	1.69	9.96	
1777	-0.37	1.39	8.29	8.59	13.19	17.19	18.59	20.19	14.49	11.09	5.29	-0.27	9.76	
1778	0.03	1.29	6.09	11.19	15.59	17.09	21.89	20.39	12.89	9.49	5.69	3.79	10.46	
1779	-4.37	2.49	5.49	12.19	16.09	15.99	19.39	18.69	15.39	11.79	5.49	5.19	10.36	
1780	-1.87	0.03	7.89	8.69	16.29	18.49	20.99	20.49	15.09	9.69	3.59	0.23	9.96	
1781	1.39	3.79	6.09	12.59	17.29	18.29	21.19	20.19	15.29	8.09	6.09	4.39	11.26	
1782	2.59	-2.67	4.49	8.79	12.99	19.89	22.39	18.49	13.39	7.19	1.69	-0.87	9.06	
1783	2.79	4.39	4.89	9.39	15.29	16.79	22.09	18.59	15.09	10.39	5.69	2.89	10.66	
1784	-1.27	-0.17	4.99	6.89	17.19	18.89	20.79	17.39	16.29	6.19	4.39	-2.57	9.06	
1785	0.43	-1.77	-2.78	5.19	15.59	18.09	19.09	17.09	16.09	8.69	4.49	2.39	8.56	
1786	0.73	2.49	3.29	10.49	14.49	19.39	18.39	17.19	14.19	6.99	3.19	1.79	9.36	
1787	-2.37	1.09	7.39	9.29	12.29	18.69	19.29	19.49	14.49	9.89	5.39	5.09	9.96	
1788	1.19	4.79	7.49	10.09	15.89	18.39	21.39	18.69	15.29	7.99	1.89	-4.97	9.86	
1789	-1.37	3.49	2.09	10.79	16.69	15.69	18.69	18.99	13.69	8.19	3.09	1.79	9.36	
1790	0.63	2.99	6.29	8.69	15.79	18.19	18.59	19.89	13.39	11.19	5.79	2.69	10.36	
1791	2.99	2.39	5.59	12.99	14.99	18.09	19.99	21.19	15.39	9.69	2.99	2.79	10.76	
1792	0.89	1.99	7.29	11.99	14.19	18.19	19.99	19.49	13.49	10.79	5.19	2.19	10.46	
1793	-1.17	3.69	6.49	9.29	13.89	17.19	22.69	21.69	13.99	10.59	5.19	3.29	10.56	
1794	0.23	5.69	8.19	13.39	14.69	18.29	23.29	18.59	13.09	8.99	5.89	-0.67	10.76	
1795	-5.97	2.79	5.19	11.79	15.69	18.29	17.89	19.99	16.39	11.89	3.39	3.29	10.06	
1796	2.09	2.79	2.79	9.89	14.69	17.29	18.99	19.49	16.09	9.39	4.49	-0.77	9.76	
1797	-0.07	1.79	4.29	11.39	16.79	14.99	21.59	19.99	14.49	8.69	5.59	3.49	10.26	
1798	0.33	1.19	4.59	10.99	15.39	18.29	19.29	19.39	14.79	8.89	4.79	0.13	9.86	
1799	-2.07	4.69	4.99	7.79	13.09	16.49	18.39	18.99	14.89	8.59	3.19	-2.37	8.86	
1800	2.29	2.09	2.89	12.79	16.59	15.79	20.79	19.29	14.79	6.99	5.99	0.99	10.06	
1801	1.89	2.69	6.69	10.49	15.19	16.39	19.19	18.49	15.29	9.29	5.49	2.79	10.36	
1802	-5.57	1.69	6.09	11.09	15.29	18.99	18.49	21.69	16.49	11.69	5.39	2.39	10.36	
1803	-0.87	-1.17	5.29	12.29	12.99	17.99	21.39	21.09	13.29	7.89	5.99	3.89	9.96	
1804	5.29	0.03	4.69	9.89	16.59	19.39	18.69	18.89	14.99	8.89	6.39	0.73	10.36	
1805	-1.07	1.89	4.39	7.89	13.19	16.19	18.39	17.39	14.49	6.69	1.89	-0.67	8.36	
1806	3.59	4.49	5.09	7.29	16.19	18.99	18.59	17.89	14.39	9.99	6.29	4.59	10.66	
1807	-1.87	2.49	1.59	7.79	16.49	17.49	22.09	21.99	13.59	10.39	5.09	-1.57	9.66	
1808	-1.07	-1.67	1.79	7.19	16.49	15.29	19.69	18.99	13.99	5.59	4.49	-2.37	8.16	
1809	2.39	4.59	5.19	4.99	14.69	17.09	18.09	17.99	13.09	7.29	2.49	2.49	9.16	
1810	-4.47	-1.97	8.79	9.19	15.09	16.29	17.49	17.39	15.99	10.19	5.99	2.79	9.36	
1811	-3.27	4.69	6.79	11.39	16.19	19.19	20.69	18.19	14.99	11.39	5.49	0.53	10.56	
1812	-5.47	3.89	4.89	7.39	15.09	16.89	18.19	17.39	13.59	8.79	2.39	-1.97	8.46	
1813	-2.47	3.99	3.99	10.19	15.29	15.79	15.89	16.99	12.79	9.59	3.99	1.89	8.96	
1814	-2.27	-2.87	3.09	10.79	12.29	16.59	19.09	17.39	11.99	7.39	5.79	4.49	8.66	
1815	-3.27	3.89	7.59	10.19	15.69	16.89	18.89	17.49	14.89	10.39	2.69	1.09	9.66	
1816	0.33	0.43	4.49	8.99	14.29	15.09	15.69	15.59	13.39	9.39	3.29	1.49	8.56	
1817	2.69	4.99	5.29	6.89	13.09	18.49	18.29	17.39	16.99	6.59	5.69	0.89	9.76	
1818	0.13	2.99	4.79	9.39	13.19	17.49	20.39	17.79	12.99	8.19	6.59	1.09	9.56	
1819	1.79	3.39	5.99	10.79	14.49	16.69	18.79	17.79	14.79	8.69	3.89	2.69	9.96	
1820	-0.47	2.79	3.39	12.19	15.09	16.09	17.89	19.29	11.69	8.19	1.89	1.49	9.16	
1821	1.99	0.33	6.09	10.39	13.19	14.89	17.09	18.79	14.59	8.99	7.49	5.69	9.96	
1822	0.13	3.69	8.79	9.59	16.49	21.69	19.69	17.99	14.99	10.29	7.49	-0.87	10.86	
1823	-1.97	4.09	4.89	9.29	15.39	15.49	17.89	18.49	14.99	7.39	2.69	3.19	9.36	
1824	-0.97	2.49	3.59	7.59	13.79	15.49	20.49	18.59	15.09	8.79	6.99	4.19	9.66	
1825	-0.47	1.59	3.79	11.59	14.09	17.49	18.99	18.99	16.19	9.59	6.29	5.49	10.26	
1826	-5.27	2.99	6.89	9.39	12.59	17.29	20.49	21.19	15.59	9.99	3.49	2.29	9.76	
1827	-0.97	-1.37	6.79	10.59	15.19	16.99	22.09	18.59	14.39	10.19	2.29	5.69	10.06	
1828	2.59	2.89	6.29	10.19	15.59	18.49	19.59	16.99	15.09	9.89	5.49	3.59	10.56	
1829	-1.87	0.53	5.79	9.29	14.09	16.09	18.99	16.99	12.59	6.99	3.09	-2.77	8.36	
1830	-6.27	-0.87	7.59	12.19	14.69	16.29	19.49	18.59	12.39	7.99	5.49	1.09	9.06	
1831	-2.27	1.59	7.59	11.09	14.49	15.89	19.19	18.19	13.19	10.99	5.69	3.29	9.96	
1832	-0.87	1.99	5.09	9.19	13.29	16.09	20.49	21.09	13.79	8.99	4.69	2.89	9.76	
1833	-1.07	5.79	4.79	7.69	17.59	18.89	17.29	16.99	12.99	9.59	5.19	6.29	10.16	
1834	5.39	3.39	6.49	8.19	16.99	19.29	21.69	19.79	17.99	10.19	5.69	0.43	11.26	
1835	0.73	3.49	4.89	9.09	14.69	17.79	21.89	18.69	14.39	7.59	1.89	-1.27	9.46	
1836	-0.47	1.19	7.49	7.79	11.49	17.29	20.49	18.79	12.99	8.79	4.89	2.69	9.46	
1837	-0.07	2.39	1.99	6.49	11.29	19.29	18.89	20.19	12.39	8.59	3.09	1.59	8.86	
1838	-5.47	0.63	5.59	6.49	14.09	16.29	18.69	16.99	13.59	8.39	6.09	1.29	8.56	
1839	-0.27	1.49	4.59	6.99	12.59	18.69	19.69	16.79	12.99	10.29	6.79	5.69	9.66	
1840	2.19	1.39	1.29	10.39	13.79	17.49	16.89	18.39	12.69	6.39	6.19	-2.17	8.76	
1841	-1.07	0.99	6.29	8.59	16.49	15.49	16.79	16.89	14.59	9.79	5.29	3.29	9.46	
1842	-2.37	-2.27	5.99	8.49	14.49	19.49	18.69	19.49	12.89	6.29	3.69	1.19	8.86	
1843	1.39	4.19	5.09	9.39	12.09	14.39	16.99	17.89	15.09	8.99	4.99	1.59	9.36	
1844	-0.17	0.99	4.89	11.19	13.09	18.69	18.29	15.59	15.39	9.19	5.29	-0.17	9.36	
1845	1.39	-2.07	3.19	9.69	11.49	17.19	18.89	15.79	14.99	9.19	6.49	4.29	9.26	
1846	0.53	4.19	6.69	9.29	14.49	19.39	20.09	19.39	14.89	9.39	5.09	-1.37	10.16	
1847	-0.47	0.73	3.59	6.79	15.99	14.69	19.39	17.59	11.99	8.59	3.69	-0.17	8.56	
1848	-4.27	3.69	4.79	9.99	14.49	16.69	18.99	17.89	13.19	8.79	2.89	1.49	9.06	
1849	1.99	3.09	3.69	6.39	13.69	18.69	19.49	17.19	14.19	9.69	2.69	0.23	9.26	
1850	-2.47	4.49	2.79	8.39	11.69	17.09	18.49	17.39	12.39	6.59	5.99	1.89	8.76	
1851	0.73	1.59	3.99	9.39	10.69	18.09	17.29	17.59	10.59	8.69	0.03	-2.97	7.96	
1852	2.39	2.79	3.19	8.39	13.79	15.89	19.89	16.79	13.39	8.19	7.29	3.89	9.66	
1853	3.19	-0.07	0.73	7.59	11.89	15.89	19.09	18.59	13.19	8.99	5.29	-1.37	8.56	
1854	-0.07	-0.77	4.99	10.39	13.89	15.89	18.69	16.99	14.39	9.59	3.29	3.09	9.16	
1855	-1.57	2.19	4.79	8.19	11.79	16.09	18.29	19.39	14.79	10.39	3.69	-2.37	8.76	
1856	2.39	3.59	4.99	10.19	11.49	17.19	18.49	20.29	12.79	9.19	2.09	1.59	9.56	
1857	-0.27	0.23	4.49	7.79	13.59	16.59	21.29	18.59	15.49	9.99	4.79	1.09	9.46	
1858	-2.47	0.99	4.09	11.39	11.89	19.69	17.49	16.49	15.59	9.59	2.69	2.49	9.16	
1859	0.03	2.39	7.39	9.59	13.39	16.59	23.09	20.99	14.39	10.39	4.29	-0.37	10.16	
1860	3.19	-1.07	3.49	7.19	14.79	16.19	17.29	16.69	12.59	8.39	3.29	2.09	8.66	
1861	-2.57	3.39	5.79	9.09	14.09	16.79	17.99	20.49	14.59	10.99	5.49	0.99	9.76	
1862	0.99	1.79	7.19	11.79	16.19	16.69	20.69	17.99	14.99	11.19	5.59	2.79	10.66	
1863	2.49	2.29	5.09	10.69	15.19	17.79	20.09	19.99	13.09	9.79	5.39	2.29	10.36	
1864	-3.27	0.73	6.59	9.29	14.79	16.19	20.29	18.39	13.79	8.09	4.49	-0.57	9.06	
1865	2.69	0.53	1.29	13.29	16.89	18.39	20.69	17.79	16.39	9.99	6.19	0.89	10.46	
1866	3.69	6.29	5.19	10.39	12.19	18.09	19.19	16.69	15.29	10.29	4.79	3.59	10.46	
1867	0.99	6.29	5.69	9.99	14.09	17.29	18.59	19.39	15.59	7.49	3.19	0.13	9.86	
1868	-0.57	3.89	4.59	8.99	18.69	18.19	20.09	18.99	16.29	9.49	3.39	7.59	10.76	
1869	0.99	5.79	2.49	10.79	15.49	15.29	21.59	18.09	15.19	7.49	4.99	1.09	9.96	
1870	0.23	0.43	3.99	9.99	16.19	19.39	22.29	16.99	13.39	8.99	4.39	-1.57	9.56	
1871	-2.77	2.39	5.49	10.49	14.09	14.29	19.99	19.19	16.99	8.19	1.99	-3.87	8.86	
1872	1.09	2.39	6.49	9.89	12.89	16.79	20.39	17.69	15.49	9.19	7.29	4.09	10.26	
1873	2.19	1.89	7.39	9.09	12.59	17.19	21.49	20.29	13.99	9.79	5.29	0.73	10.16	
1874	0.23	1.89	5.49	10.99	11.19	18.09	21.49	17.39	15.89	9.19	3.39	0.03	9.56	
1875	2.59	-0.27	4.49	9.49	16.49	18.19	17.99	19.69	16.59	8.39	5.19	-0.17	9.86	
1876	-1.37	3.79	5.69	8.89	11.49	16.89	20.79	19.69	13.39	11.39	3.69	5.49	9.96	
1877	3.99	4.79	4.59	9.09	11.99	19.69	19.39	19.99	13.19	7.29	6.49	3.29	10.36	
1878	-0.57	2.39	4.79	9.09	15.09	16.59	19.19	18.59	14.49	9.79	3.39	-0.77	9.36	
1879	-0.07	3.69	6.39	6.99	10.29	17.59	16.89	20.09	14.39	7.79	1.99	-5.57	8.36	
1880	-3.77	2.29	7.89	9.99	12.99	15.59	20.79	17.79	15.19	10.59	6.09	6.29	10.16	
1881	-1.50	3.50	6.90	9.20	13.10	17.20	22.60	19.60	13.10	6.90	5.90	0.70	10.18
1882	0.00	1.90	7.30	9.30	13.70	16.00	17.40	17.20	13.10	10.50	6.20	2.20	9.44
1883	1.90	4.20	2.20	8.50	13.90	16.40	17.90	17.90	14.10	8.70	5.70	0.70	9.47
1884	2.90	4.10	7.00	8.80	14.90	15.00	20.20	19.40	15.20	9.10	2.90	2.70	10.02
1885	-1.80	5.10	5.80	9.90	11.90	18.40	20.80	19.00	14.20	8.70	6.00	2.20	10.06
1886	-0.60	0.10	4.80	10.80	13.80	16.40	20.10	18.90	17.30	10.80	6.00	2.60	10.05
1887	-2.20	-0.50	2.70	9.00	11.30	18.40	21.60	18.80	14.20	6.70	3.80	1.00	8.87
1888	-1.20	-0.60	4.40	7.50	15.00	17.90	17.30	17.40	15.80	7.10	5.90	0.90	8.96
1889	-0.30	0.20	3.20	8.40	14.60	18.20	18.90	17.90	13.80	9.20	4.70	-1.00	9.14
1890	1.50	-0.80	4.90	8.60	14.30	17.00	18.10	18.10	13.90	8.00	4.00	-3.10	8.88
1891	-4.40	-1.00	4.80	7.60	13.40	17.10	18.60	17.70	15.20	10.80	4.70	2.50	8.45
1892	0.20	2.60	2.70	9.90	13.80	18.30	18.70	19.60	15.80	9.40	6.70	-0.40	10.02
1893	-3.70	3.20	6.80	12.70	14.20	18.10	19.70	20.40	15.50	11.20	4.70	1.00	10.20
1894	-0.40	2.50	6.00	11.40	13.00	16.70	19.70	18.00	14.10	10.50	6.20	1.00	9.89
1895	-3.30	-4.60	3.10	10.20	13.50	17.50	20.10	18.50	17.60	9.80	7.90	2.60	9.28
1896	-0.80	-0.50	8.30	8.00	12.10	16.60	19.30	15.80	14.30	8.60	3.50	1.90	8.98
1897	-0.50	5.00	8.20	9.60	12.50	18.90	20.10	18.40	13.70	8.40	3.70	1.30	9.99
1898	1.50	2.30	4.30	9.90	12.90	16.10	18.60	19.60	16.80	11.40	7.20	2.00	10.16
1899	4.20	4.10	6.10	9.30	13.10	17.20	19.20	19.90	15.60	10.60	5.60	0.40	10.58
1900	2.90	4.30	2.30	8.90	12.80	18.10	21.10	18.20	16.80	11.00	5.90	3.30	10.23
1901	0.10	-2.20	4.00	10.20	14.20	18.10	19.70	17.90	15.30	9.40	3.10	1.70	9.43
1902	1.20	1.50	6.10	11.50	10.40	16.30	20.00	18.00	14.50	9.50	3.80	1.20	9.54
1903	1.20	3.10	6.50	6.80	13.40	15.60	18.40	18.30	15.20	10.90	5.20	0.90	9.65
1904	0.10	3.50	5.10	11.40	14.90	18.00	22.00	20.40	13.50	9.90	4.10	1.90	10.32
1905	-1.70	1.60	7.00	10.40	12.30	18.00	22.10	18.90	15.20	6.10	4.80	1.30	9.72
1906	2.00	0.60	4.50	9.00	13.80	17.40	19.80	20.20	15.20	11.70	6.30	-1.10	10.15
1907	0.30	-1.00	4.20	8.10	13.60	16.80	17.90	19.50	15.50	10.60	6.50	4.10	9.24
1908	-1.50	2.00	4.80	7.60	15.40	18.70	19.10	17.80	14.50	9.80	3.70	1.30	9.67
1909	-1.10	-0.80	2.90	10.40	13.40	15.40	17.30	18.10	13.90	11.10	3.80	4.40	8.81
1910	2.20	3.60	5.20	8.50	12.20	17.40	17.30	17.80	13.30	10.80	4.80	4.10	9.79
1911	-1.50	2.60	5.60	8.70	14.10	16.80	22.10	21.80	17.30	10.30	7.30	3.90	10.77
1912	2.60	5.00	7.90	8.90	14.90	17.10	18.40	15.90	10.80	9.10	3.20	2.00	9.81
1913	3.50	2.00	7.30	9.60	13.40	17.20	16.60	17.80	14.40	10.50	7.90	2.10	10.18
1914	-2.60	2.80	6.70	11.30	12.50	16.30	17.70	18.10	14.90	9.50	4.80	4.80	9.51
1915	2.10	1.80	4.80	8.40	16.00	18.90	18.70	17.90	13.40	8.30	3.50	6.40	9.88
1916	3.20	3.00	5.40	9.40	14.40	15.30	18.30	18.30	13.10	10.10	5.50	2.80	10.20
1917	-0.70	-0.90	3.40	7.00	16.40	19.20	19.30	17.50	17.00	8.40	4.70	-1.90	9.51
1918	1.20	2.00	5.00	8.90	15.30	15.70	19.10	19.00	15.60	8.40	5.50	4.60	9.48
1919	1.80	2.10	5.60	6.80	13.90	17.80	16.50	20.80	17.10	7.20	3.70	3.50	9.83
1920	4.10	3.70	7.20	10.20	16.80	17.50	19.30	17.50	15.20	10.50	4.90	2.20	10.87
1921	4.30	2.20	6.90	8.70	14.90	18.80	22.20	19.20	16.70	12.30	3.20	2.50	10.97
1922	1.00	2.80	6.20	8.00	16.40	18.40	18.10	18.20	13.20	8.70	3.90	1.90	9.78
1923	1.30	4.30	6.50	9.60	13.70	14.80	22.00	20.30	15.10	12.10	4.90	2.70	10.54
1924	0.90	0.10	5.80	10.20	15.50	17.70	19.50	16.20	15.30	10.30	6.10	1.90	10.03
1925	2.80	4.60	4.20	9.70	14.00	18.60	19.00	18.40	13.70	11.10	4.30	2.70	10.19
1926	1.50	6.10	6.40	10.70	12.30	15.30	19.00	19.10	17.60	11.50	7.60	0.60	10.82
1927	2.20	2.20	6.80	10.70	15.40	17.70	19.50	17.90	15.20	9.80	5.70	2.30	10.31
1928	3.00	4.00	7.10	9.40	12.30	18.20	23.50	21.40	15.70	10.00	7.10	2.10	11.17
1929	-2.30	-3.30	5.30	8.20	14.60	18.80	20.70	19.00	18.00	11.20	5.70	5.20	9.83
1930	3.20	2.60	7.00	10.40	12.80	20.10	18.70	19.10	16.60	10.40	8.10	3.30	11.18
1931	2.60	1.60	4.40	9.20	16.00	20.30	18.90	17.20	11.80	9.40	7.20	1.20	10.16
1932	1.80	-0.80	4.50	8.30	12.80	17.10	18.50	21.30	18.50	11.10	6.30	2.30	10.05
1933	-1.00	2.80	6.30	11.00	13.30	15.50	20.90	20.70	16.40	10.90	4.70	-1.60	10.32
1934	1.40	1.50	5.90	11.50	16.10	18.60	21.20	18.10	16.90	10.50	4.40	5.60	10.38
1935	0.00	4.20	5.30	9.40	12.90	19.60	21.40	18.50	16.50	10.70	6.70	1.80	10.90
1936	5.60	3.10	7.30	9.00	14.90	17.50	18.40	18.70	15.90	7.60	6.20	3.00	10.50
1937	3.30	5.90	4.80	10.10	15.70	18.90	21.00	19.90	15.30	10.80	5.50	1.60	11.18
1938	3.00	1.80	8.20	8.10	12.90	18.90	19.10	18.90	16.10	11.00	7.60	0.60	10.60
1939	3.80	2.90	3.70	10.90	11.30	17.70	18.80	18.90	15.10	10.10	7.80	1.60	10.13
1940	-2.40	2.70	6.40	10.00	14.20	17.20	18.60	18.30	16.10	10.40	6.90	-1.50	10.00
1941	0.30	3.00	6.60	8.80	10.90	18.00	21.10	18.00	14.90	9.60	5.30	1.50	9.58
1942	-1.80	-1.40	6.90	10.50	14.80	18.40	20.50	20.20	17.90	12.40	4.80	1.70	10.39
1943	2.20	3.90	7.50	11.40	15.50	17.50	20.40	21.10	16.70	12.80	5.20	2.90	11.33
1944	2.20	0.20	4.40	12.00	15.10	17.80	20.10	23.20	15.50	9.50	6.10	1.80	10.75
1945	-2.50	4.90	7.60	12.60	16.30	20.90	22.20	19.10	17.20	11.10	4.80	2.80	11.33
1946	0.20	5.80	7.40	12.70	15.20	17.60	21.30	19.40	16.20	10.10	5.60	1.20	11.19
1947	-0.70	1.10	7.10	13.10	16.50	19.90	21.90	22.10	18.30	11.40	7.90	3.00	11.65
1948	4.50	3.30	9.80	10.50	15.40	16.80	17.60	19.10	15.00	11.50	5.80	1.90	11.03
1949	2.00	2.70	4.40	12.80	12.80	18.10	22.00	20.90	19.00	12.20	5.70	4.80	11.21
1950	1.20	4.80	7.00	8.90	16.00	20.60	22.80	20.10	16.00	10.80	7.30	0.70	11.69
1951	3.20	4.10	6.00	10.50	13.70	17.80	20.50	19.70	16.90	11.00	7.40	1.80	10.96
1952	1.10	0.90	8.10	12.20	16.00	20.40	23.90	20.50	13.70	11.20	5.20	3.10	11.25
1953	-0.30	1.20	7.20	11.40	16.60	17.00	21.00	20.10	17.30	12.70	5.10	4.10	11.03
1954	0.50	1.70	7.60	8.90	13.90	19.20	18.80	18.70	16.90	11.30	7.60	4.70	10.77
1955	3.40	3.20	5.10	11.40	14.70	18.30	20.50	19.70	16.00	10.40	5.30	5.90	11.06
1956	4.30	-5.60	6.40	9.00	15.80	17.00	20.00	17.80	17.10	9.50	4.70	3.30	10.16
1957	0.30	6.30	9.50	10.40	12.40	17.80	20.00	18.50	15.70	10.30	6.90	2.50	10.95
1958	2.00	5.90	4.20	8.00	16.30	17.10	20.10	19.80	18.00	10.00	6.00	4.90	10.83
1959	2.90	3.10	8.70	10.90	15.40	18.60	22.30	19.50	17.70	10.90	4.70	4.80	11.63
1960	2.10	4.60	7.90	10.60	16.10	19.40	18.50	18.60	14.20	10.50	8.10	3.00	11.28
1961	2.20	5.40	7.50	12.10	13.00	17.80	18.10	17.80	18.10	11.00	5.10	3.50	10.93
1962	3.30	1.80	3.30	9.20	12.30	16.60	18.60	20.80	15.40	10.50	3.60	-0.60	9.91
1963	-3.60	-2.10	4.60	10.40	13.20	16.50	20.10	16.90	15.10	9.40	8.00	-0.40	8.99
1964	-1.00	3.70	5.00	10.30	15.10	18.20	21.40	18.50	15.60	9.40	6.40	1.10	10.18
1965	1.10	-0.60	4.50	8.20	13.40	17.60	17.80	17.20	12.90	10.20	5.60	4.00	9.08
1966	0.20	6.00	4.80	10.80	14.50	18.80	17.90	17.90	16.20	12.60	3.60	3.00	10.61
1967	1.20	3.40	7.00	8.60	13.00	16.60	20.90	18.50	14.70	12.20	5.70	0.40	10.40
1968	0.00	3.20	5.90	10.30	12.80	17.00	18.90	16.60	14.00	12.10	5.20	2.20	9.70
1969	1.80	0.20	5.60	9.30	14.30	15.00	20.00	18.30	15.60	10.40	6.00	-1.10	9.89
1970	1.00	3.40	3.20	7.20	12.80	18.40	19.40	19.10	15.80	9.30	6.70	1.70	9.60
1971	-0.70	2.20	1.90	11.40	14.50	15.80	20.80	20.30	14.50	10.80	4.20	1.80	9.78
1972	1.80	4.00	6.70	8.90	13.10	15.80	18.80	18.10	12.20	8.70	6.60	1.80	9.71
1973	0.90	1.60	4.70	7.00	14.40	17.60	18.80	19.90	15.70	9.10	4.70	1.50	9.68
1974	4.00	5.00	7.80	9.40	12.80	15.80	18.80	19.40	14.60	6.10	5.80	4.40	10.08
1975	4.20	3.00	5.10	9.50	13.40	15.90	19.60	19.00	16.40	8.80	6.60	2.00	10.49
1976	1.80	2.40	5.10	9.20	15.20	20.10	21.00	17.60	13.50	11.10	6.10	1.60	10.43
1977	2.30	6.10	8.10	8.70	12.80	16.20	18.90	17.40	14.10	11.50	6.10	3.30	10.32
1978	1.90	2.60	6.20	8.30	12.70	16.30	18.20	17.00	14.70	9.20	4.40	3.90	9.57
1979	-0.40	4.70	6.80	8.00	13.40	17.60	19.80	17.50	15.50	11.50	5.30	4.30	10.30
1980	1.30	4.90	5.80	8.00	12.00	15.30	16.90	19.20	15.70	9.40	4.50	0.50	9.78
1981	0.00	0.30	8.60	11.20	13.20	17.20	18.00	19.20	15.90	10.70	5.10	2.70	9.99
1982	3.70	3.10	5.70	9.50	14.10	18.00	20.90	18.60	16.70	10.40	6.90	4.40	10.86
1983	2.80	1.10	6.60	9.60	11.90	18.40	23.40	20.10	16.60	11.10	5.90	2.90	10.99
1984	2.50	2.20	4.20	9.00	11.10	16.80	20.30	19.10	14.60	11.30	7.10	3.50	10.09
1985	-2.70	0.80	3.80	10.10	13.10	16.00	21.00	19.00	17.10	11.90	3.60	3.40	9.77
1986	2.20	-1.10	5.40	7.60	16.10	17.90	20.50	19.10	16.20	12.50	5.70	3.00	10.46
1987	-1.20	3.10	4.30	10.60	11.80	16.00	20.10	19.50	18.20	12.30	6.90	4.10	10.38
1988	5.10	3.50	5.90	10.20	14.70	17.70	19.70	20.30	15.80	12.40	5.40	3.70	11.23
1989	2.30	3.90	8.80	8.90	16.10	18.10	21.80	20.70	16.50	12.00	5.10	4.60	11.49
1990	2.30	7.60	8.40	9.10	16.50	17.30	20.70	21.00	16.00	12.80	6.40	2.00	11.89
1991	3.30	0.80	8.50	9.20	12.00	17.30	21.90	22.00	18.60	10.50	6.40	2.10	11.04
1992	0.90	3.50	7.40	10.70	16.20	17.20	20.80	22.60	16.30	10.10	7.80	3.20	11.30
1993	3.90	1.50	6.00	11.20	15.40	18.50	19.40	20.50	14.60	9.80	4.50	5.20	10.71
1994	4.00	4.40	10.60	8.70	15.30	18.50	23.10	21.60	15.60	11.70	9.30	5.30	12.33
1995	2.30	6.50	5.60	10.60	14.20	16.80	22.70	20.10	13.90	14.40	6.10	2.90	11.54
1996	3.10	1.90	5.20	10.50	14.10	18.90	19.20	18.60	13.20	11.10	6.20	2.70	10.41
1997	1.10	5.60	8.30	10.10	14.90	17.30	18.70	21.30	17.10	11.20	6.50	4.00	11.23
1998	3.60	4.40	7.50	9.70	16.20	18.80	21.50	20.40	15.30	11.70	3.80	1.70	11.41
1999	2.90	2.00	7.40	10.00	17.00	17.40	21.30	20.20	18.50	11.70	4.70	3.80	11.23
2000	1.60	5.20	7.40	11.10	16.80	20.20	99	21.00	17.10	12.50	7.60	5.50	12.20
2001	3.60	5.00	9.20	8.70	16.50	17.40	20.30	20.60	13.30	14.30	4.50	1.80	11.58
2002	1.60	6.50	8.00	10.70	13.60	20.70	20.10	18.80	15.30	11.80	8.00	5.70	11.41
2003	1.70	0.50	8.30	11.00	16.00	24.20	22.60	24.10	16.00	8.90	6.10	3.10	12.09
2004	2.80	3.50	5.60	10.70	13.90	18.90	20.10	20.20	16.90	99	6.00	2.90	11.08
2005	1.30	0.60	6.80	10.50	15.30	20.50	20.90	18.60	16.90	11.70	4.80	0.40	10.90
2006	0.30	1.40	5.10	10.20	14.50	19.50	23.70	16.80	18.00	13.60	7.70	3.40	10.93
2007	4.30	5.60	6.70	14.30	15.30	18.60	18.9	18.7	14.7	10.8	4.2	2.3	11.29
2008	3.8	3.9	6.0	9.2	15.8	18.5	20.0	19.3	14.1	11.2	6.3	1.6	10.87
2009	-0.2	1.8	6.3	12.4	17.0	18.3	20.5