1949	6.10	5.50	6.50	10.70	17.70	23.10	25.10	23.10	16.90	16.00	6.80	4.00	13.68
1950	7.50	3.20	4.40	10.20	17.80	20.80	22.10	21.60	18.30	15.90	4.80	0.30	12.55
1951	3.30	3.40	7.20	11.70	17.50	22.00	23.90	22.50	18.80	14.90	4.60	4.30	12.51
1952	4.80	4.40	6.50	12.40	16.90	23.80	24.60	22.90	18.90	10.50	7.60	3.80	13.13
1953	5.00	4.30	8.00	11.20	20.00	22.90	24.30	23.20	19.40	15.10	7.10	2.60	13.69
1954	2.90	5.90	5.90	16.40	14.90	22.00	23.40	22.40	20.90	13.80	6.00	1.50	13.09
1955	0.00	2.70	7.90	14.60	18.20	18.30	25.10	24.60	21.10	13.40	5.50	0.40	12.74
1956	-1.20	5.00	6.30	10.70	17.50	20.60	22.60	22.30	17.30	15.10	6.90	7.80	11.96
1957	-0.20	4.70	6.20	14.30	18.00	23.00	23.60	22.50	20.60	10.90	7.80	4.10	13.27
1958	-1.00	-3.10	3.60	11.90	16.90	19.80	23.90	21.90	18.90	12.70	8.50	-0.80	11.51
1959	0.00	3.60	5.60	12.80	19.70	21.00	23.80	24.70	20.80	14.10	6.10	3.90	12.62
1960	2.60	0.60	-0.10	14.80	15.60	20.90	22.30	23.90	20.50	14.00	8.00	-1.60	12.25
1961	-3.00	4.00	8.40	9.30	14.70	19.40	22.00	22.70	21.20	12.90	7.50	2.40	11.46
1962	0.40	4.00	5.90	10.40	20.50	22.30	22.30	23.00	17.90	13.60	5.60	-1.20	12.36
1963	-2.80	-2.20	9.20	12.90	15.80	20.10	21.70	20.80	17.60	14.60	7.40	-3.80	11.16
1964	1.60	0.20	7.70	14.20	18.90	22.20	23.40	22.40	19.20	11.30	8.90	3.50	12.18
1965	0.30	1.50	3.70	12.30	20.20	20.60	22.40	22.00	20.30	11.00	7.30	3.90	12.09
1966	-3.20	2.10	8.20	11.80	16.20	21.70	24.70	22.60	18.70	12.30	8.50	1.40	12.29
1967	3.10	-0.80	8.70	13.00	14.10	21.50	21.20	20.70	16.20	12.80	4.60	3.30	11.38
1968	-2.10	-3.30	8.10	13.10	15.60	20.90	23.00	22.90	18.60	12.80	7.80	0.80	11.73
1969	-0.10	1.30	3.20	13.00	17.30	22.70	24.30	21.80	17.30	11.70	4.70	-0.30	11.50
1970	-2.50	1.80	5.80	14.00	18.90	22.40	23.20	22.60	20.70	13.60	7.30	3.10	12.29
1971	-2.00	1.30	3.80	10.60	15.00	22.60	22.00	21.70	21.00	17.20	7.20	8.00	11.96
1972	3.20	1.30	6.10	12.00	17.10	17.80	22.50	22.10	19.90	10.90	5.90	5.20	12.23
1973	0.80	1.20	10.80	11.60	15.50	22.40	23.10	23.10	20.70	14.40	7.70	2.90	13.04
1974	5.90	2.40	9.00	13.40	17.40	19.40	22.90	22.60	16.90	10.90	6.80	2.20	12.54
1975	1.60	2.80	3.90	9.60	18.50	21.60	23.00	24.40	17.20	13.80	9.60	3.20	12.35
1976	-0.70	7.20	10.40	12.40	16.10	21.70	22.00	20.70	16.90	9.20	2.60	-1.10	11.81
1977	-8.00	0.20	9.40	14.20	18.90	19.80	24.40	22.60	20.70	11.40	9.00	1.20	11.79
1978	-4.80	-4.80	5.40	13.20	16.80	21.10	22.70	23.30	21.20	11.60	9.20	3.40	11.34
1979	-2.70	-2.80	9.80	12.40	16.70	19.90	22.20	22.50	19.00	12.10	8.10	3.00	11.72
1980	0.70	-1.80	5.00	11.40	17.10	19.90	24.30	24.20	20.50	11.50	5.70	1.90	11.79
1981	-2.70	2.40	4.80	14.60	15.30	22.40	23.80	22.20	18.70	11.80	6.90	1.00	11.84
1982	-1.80	1.80	7.90	10.30	19.80	19.90	24.10	21.20	18.40	13.80	8.90	6.60	12.11
1983	0.60	2.70	7.90	10.60	15.70	21.50	24.50	25.00	19.70	14.00	8.00	-0.60	13.07
1984	-1.30	4.80	4.60	11.80	15.80	23.50	22.40	23.30	18.10	17.50	6.50	7.80	12.20
1985	-3.20	0.70	9.10	15.50	18.60	21.20	23.80	22.80	20.40	16.30	12.60	0.50	13.80
1986	0.60	4.20	7.90	13.90	18.00	21.80	24.60	21.70	20.40	13.90	7.50	1.90	12.92
1987	0.00	2.40	7.80	11.00	19.70	22.60	24.50	24.50	19.00	9.70	9.00	3.80	12.68
1988	-1.00	1.30	7.40	11.80	16.90	21.20	25.40	24.70	18.70	9.10	7.80	2.50	12.26
1989	4.60	1.10	8.30	11.10	14.70	21.60	23.80	22.40	19.00	13.20	7.50	-3.80	12.48
1990	5.20	6.80	10.50	12.30	16.70	21.90	23.80	22.80	19.80	14.10	9.90	6.00	13.33
1991	2.00	4.10	8.00	15.20	21.60	22.80	25.00	23.50	19.70	14.60	7.20	4.70	14.14
1992	1.50	4.90	7.00	12.70	15.70	19.90	24.00	21.20	19.10	11.80	8.10	2.90	12.55
1993	4.20	0.70	5.10	12.40	17.90	21.50	25.70	24.30	18.80	12.40	8.00	2.20	12.83
1994	-2.60	3.30	7.00	15.40	15.00	23.00	24.10	22.10	17.90	12.40	9.90	4.90	12.48
1995	1.00	0.80	8.00	12.40	16.30	21.60	24.30	25.20	17.90	13.50	4.60	0.00	12.54
1996	-0.30	1.70	3.90	12.00	17.80	21.70	21.70	22.20	18.60	13.00	4.40	5.00	11.39
1997	1.70	6.40	8.00	10.00	14.70	20.90	23.30	21.10	18.00	12.50	5.60	2.30	12.27
1998	5.10	5.40	7.30	12.90	18.40	21.20	22.90	23.10	21.20	13.20	7.90	4.50	13.41
1999	3.20	4.00	4.30	14.60	17.60	22.60	25.90	22.00	18.40	12.60	9.30	3.50	13.25
2000	-0.10	6.10	9.40	12.20	18.80	22.20	21.90	22.10	18.80	14.10	6.10	-2.10	12.93
2001	0.50	4.70	4.60	14.90	17.70	21.30	22.40	23.50	18.00	13.00	10.20	5.60	12.39
2002	3.60	3.30	7.80	14.20	15.90	22.50	24.70	24.50	22.00	13.90	6.50	3.00	13.71
2003	-2.00	1.10	9.20	14.20	17.00	19.70	22.80	23.30	18.30	12.80	9.70	2.50	12.43
2004	-0.90	2.80	8.90	13.10	20.60	21.40	23.60	21.90	20.20	14.80	9.90	3.10	13.23
2005	3.50	4.20	5.30	13.40	15.30	23.20	25.00	25.30	21.30	14.20	9.00	0.70	13.57
2006	6.20	2.20	7.20	15.40	16.40	21.10	24.30	24.90	18.10	12.60	8.90	5.70	13.17
2007	3.70	-2.20	10.70	12.20	19.40	23.10	23.30	26.3	21.5	16.9	7.7	5.0	14.02
2008	1.4	3.2	8.0	13.9	16.2	23.0	23.5	22.6	21.6	13.1	6.3	3.4	13.15
2009	-0.5	3.3	8.8	13.7	17.8	21.9	21.7	23.2	20.1	12.5	9.7	2.2	12.96
2010	-1.0	-0.7	8.1	15.5	19.7	24.3	25.4	25.0	20.6	14.3	8.2	-1.6	13.47
2011	-0.6	5.4	8.0	15.7	18.3	23.0	26.2	24.1	19.9	12.8	10.5	5.9	13.47
2012	3.8	4.4	13.6	13.0	20.8	22.5	25.8	23.6	19.5	99	99