1881	1.9	5.9	8.1	12.5	20.8	25.1	27.0	26.2	24.8	18.3	10.1	7.8	15.26				
1882	6.0	9.1	11.4	15.6	17.8	24.5	24.8	24.0	20.7	16.9	8.3	2.6	15.57				
1883	3.3	8.7	7.5	14.3	19.3	24.3	26.0	24.1	20.0	16.1	10.9	7.6	14.76				
1884	2.9	10.1	11.4	13.2	20.1	20.8	24.4	23.3	22.0	18.4	9.7	5.9	15.32				
1885	3.9	3.1	7.0	14.5	19.0	23.5	25.1	24.1	20.4	13.1	8.8	5.0	14.03				
1886	1.2	3.7	8.5	14.5	19.3	21.7	23.9	23.4	21.6	14.9	9.5	3.3	13.93				
1887	2.7	8.9	8.4	14.6	21.0	23.3	26.4	23.6	20.5	13.6	9.5	4.8	14.65				
1888	5.2	7.3	9.0	16.5	19.6	24.3	25.3	25.3	19.8	13.3	10.3	5.2	15.06				
1889	5.9	3.3	9.8	15.4	20.3	22.2	25.2	22.5	20.4	13.9	10.2	11.8	14.52				
1890	9.6	10.8	9.0	15.1	20.2	26.0	24.4	23.3	20.8	14.6	12.2	5.3	16.48				
1891	5.4	8.6	6.9	15.4	17.8	24.0	22.9	23.9	21.6	13.0	8.0	7.4	14.40				
1892	2.6	6.8	7.9	12.9	19.3	23.8	24.1	24.7	20.1	14.9	8.5	4.8	14.42				
1893	-0.5	6.2	9.0	16.4	18.5	22.6	26.2	23.3	21.0	15.0	8.6	6.6	14.26				
1894	6.3	6.4	12.9	14.5	20.0	23.8	24.1	23.6	21.9	15.3	8.4	5.8	15.32				
1895	3.1	-0.3	8.8	13.9	17.9	23.8	24.2	24.5	23.8	13.8	9.8	5.0	14.09				
1896	3.7	6.0	8.2	17.4	23.2	22.6	24.8	25.5	21.8	14.2	12.3	4.5	15.39				
1897	2.0	7.2	10.4	14.5	18.4	24.0	25.0	23.5	21.8	17.1	10.0	6.0	14.87				
1898	6.4	4.5	12.0	12.4	21.4	24.4	25.0	24.3	22.1	15.0	7.9	5.3	15.12				
1899	3.8	2.3	9.5	13.3	20.9	24.9	25.1	25.5	20.5	15.5	10.3	4.3	14.74				
1900	4.4	3.4	8.1	14.5	19.8	23.0	25.5	26.9	23.9	17.6	10.3	5.1	15.14				
1901	4.5	3.5	9.6	11.2	19.6	23.4	25.9	24.0	20.4	15.2	6.9	3.6	14.11				
1902	2.8	1.8	10.1	13.5	21.6	23.9	26.0	24.1	20.3	16.1	13.5	5.0	14.77				
1903	3.5	7.1	13.3	14.1	20.2	21.3	25.7	25.2	20.5	15.2	7.9	2.9	14.92				
1904	2.1	3.4	10.3	12.3	19.6	23.1	24.5	23.5	21.5	14.8	9.2	4.1	13.93				
1905	2.0	0.7	12.4	14.9	20.8	24.5	25.0	23.3	22.5	15.3	10.0	4.1	14.62				
1906	6.1	5.5	7.4	16.5	19.1	23.6	23.9	25.1	22.8	13.5	10.5	6.3	14.84				
1907	8.9	4.3	13.5	10.8	18.5	21.8	25.6	24.3	22.3	13.9	8.3	5.1	14.87				
1908	3.9	2.8	13.4	16.6	19.6	22.8	24.7	23.4	20.1	14.5	11.0	6.9	14.82				
1909	6.5	8.6	9.1	15.6	18.5	24.0	23.8	23.6	19.8	14.1	12.6	3.2	15.26				
1910	4.5	4.3	13.5	15.5	18.3	21.5	24.5	24.0	22.0	16.8	8.1	2.8	14.68				
1911	6.5	7.9	9.0	13.1	20.9	25.3	25.2	25.3	23.9	16.6	7.1	6.6	15.30				
1912	0.6	2.9	8.7	15.4	19.9	22.0	24.5	23.8	23.0	16.0	9.0	6.5	14.37				
1913	8.4	6.0	11.1	14.2	20.2	23.0	26.0	24.2	19.4	15.2	10.1	6.1	15.36				
1914	5.7	3.3	7.0	15.0	20.5	25.7	24.9	24.5	19.8	15.9	9.4	2.7	14.82				
1915	4.4	6.7	5.3	15.7	19.8	21.9	25.4	23.5	22.0	17.1	10.9	4.3	14.62				
1916	7.8	5.5	9.0	14.1	21.6	22.5	23.5	24.4	20.2	15.2	10.8	5.4	14.91				
1917	6.9	5.2	9.3	15.9	16.7	23.1	24.3	24.0	18.9	13.0	8.7	-0.1	14.28				
1918	-0.7	8.3	12.3	13.2	21.5	23.1	23.5	25.1	18.5	16.9	9.5	7.5	14.26				
1919	6.3	5.1	10.2	14.7	19.7	23.4	25.0	24.1	21.7	20.2	10.7	4.4	15.72				
1920	3.4	3.4	9.0	13.4	17.8	23.3	24.5	22.9	21.7	16.2	8.8	5.2	14.07				
1921	4.8	6.6	14.4	15.5	18.0	24.7	25.5	23.6	25.3	15.1	11.3	7.5	15.83				
1922	3.7	8.2	10.9	15.2	19.9	24.4	25.1	22.9	22.2	16.2	9.9	7.2	15.51				
1923	6.1	4.8	10.5	14.1	18.1	24.1	25.0	24.9	22.3	15.4	8.5	9.2	15.08				
1924	3.5	3.9	8.3	14.0	18.0	24.1	24.1	25.8	18.9	15.2	10.3	5.8	14.61				
1925	3.8	9.4	11.4	16.8	18.1	26.0	26.5	24.8	26.0	14.3	7.9	4.8	15.90				
1926	4.1	7.0	6.3	13.9	20.2	23.2	25.8	26.2	23.7	16.7	7.9	6.0	14.98				
1927	5.1	11.0	11.1	15.4	20.5	22.0	24.9	22.9	22.7	16.9	11.9	5.4	15.87				
1928	4.5	5.6	9.6	13.1	18.7	23.2	26.1	25.7	19.5	17.2	9.9	5.9	14.87				
1929	5.3	4.9	12.3	16.7	19.5	23.0	24.4	23.9	20.9	14.1	10.0	5.5	15.07				
1930	5.8	9.4	8.4	15.9	21.3	23.1	26.7	23.9	23.7	14.2	8.4	2.8	15.52				
1931	4.9	7.0	7.2	13.8	18.7	24.5	27.2	24.2	24.1	17.4	14.0	9.4	15.48				
1932	10.2	9.9	8.5	14.8	19.4	24.4	26.7	25.0	21.3	16.1	8.0	7.2	16.14				
1933	8.7	6.0	9.8	14.5	21.9	24.8	24.4	23.9	23.9	15.7	9.7	8.0	15.87				
1934	6.3	1.3	7.8	14.5	18.9	24.5	25.7	25.0	22.9	15.5	11.1	4.8	15.12				
1935	4.6	5.8	13.0	14.2	19.1	24.4	25.4	25.1	21.3	16.0	11.4	1.3	15.42				
1936	2.3	3.7	11.9	13.2	21.7	24.3	26.3	25.4	22.7	16.8	8.9	6.4	14.88				
1937	8.8	5.5	9.3	14.2	20.1	24.8	25.2	25.2	20.0	13.8	8.0	4.7	15.11				
1938	4.9	8.7	13.2	15.3	20.3	22.7	24.8	25.9	21.9	16.2	11.7	5.3	15.86				
1939	6.8	8.9	12.1	14.7	19.7	26.2	25.4	25.0	23.4	17.7	8.8	6.4	16.17				
1940	-1.2	5.7	8.3	14.2	19.0	24.8	25.1	24.4	21.0	16.3	10.2	7.4	14.52				
1941	4.9	3.5	7.0	16.9	21.3	24.1	25.7	25.6	23.6	19.8	10.7	7.5	15.87				
1942	4.8	3.7	10.9	16.9	20.5	25.0	26.4	24.5	22.0	16.5	10.9	4.4	15.80				
1943	5.8	7.3	8.9	14.5	21.0	26.5	25.3	26.1	20.1	15.1	9.8	5.7	15.40				
1944	5.3	7.4	9.7	14.7	22.2	26.2	24.3	23.9	22.0	15.5	9.0	3.2	15.49				
1945	4.7	7.1	15.5	16.8	18.3	24.8	25.2	24.3	23.2	15.3	10.7	2.3	15.76				
1946	5.4	7.4	14.1	16.1	19.0	24.0	24.5	23.4	21.0	16.0	12.9	7.8	15.51				
1947	7.3	2.3	5.9	16.4	20.3	23.6	23.7	25.5	22.2	17.9	8.2	5.5	15.09				
1948	1.6	6.0	11.8	16.8	20.0	24.3	26.2	24.4	20.5	14.1	12.1	7.3	15.27				
1949	9.7	9.5	10.5	13.8	20.1	24.4	26.2	24.2	20.0	17.7	9.0	6.2	16.03				
1950	10.8	7.9	8.1	14.1	20.7	24.2	24.3	23.9	20.6	17.4	8.1	3.0	15.52				
1951	4.8	6.4	9.9	14.4	19.1	23.8	25.4	25.6	21.4	17.2	6.9	6.0	14.82				
1952	7.9	6.7	9.4	14.5	20.2	26.1	25.8	23.8	20.4	13.1	9.7	4.8	15.30				
1953	7.3	7.4	10.6	14.4	22.5	24.0	25.6	24.6	20.8	16.7	9.8	5.3	15.71				
1954	5.3	8.2	9.0	16.7	16.9	24.2	26.0	26.2	24.3	16.8	8.2	4.5	15.59				
1955	4.2	6.8	11.2	17.3	21.4	21.9	26.5	26.4	22.5	15.2	9.3	4.0	15.60				
1956	4.1	7.9	9.8	13.9	20.2	24.0	25.6	25.7	20.2	16.5	9.2	10.8	15.09				
1957	5.9	9.0	9.4	16.9	20.4	24.1	25.8	24.7	22.1	13.3	10.8	6.4	16.10				
1958	2.0	1.8	7.3	15.0	20.3	23.7	25.5	25.0	21.6	14.6	11.5	3.3	14.56				
1959	4.0	6.8	8.7	15.8	21.3	24.1	25.2	25.7	21.9	16.4	9.6	6.0	15.23				
1960	4.9	5.0	3.4	16.4	19.0	23.8	25.2	25.6	22.2	16.7	10.1	2.8	14.86				
1961	2.5	7.1	10.7	10.8	16.7	21.8	24.3	24.0	23.2	15.8	12.6	5.0	14.36				
1962	3.2	7.3	8.1	13.8	22.7	22.8	25.0	24.1	20.9	16.1	8.0	2.4	14.75				
1963	2.0	2.2	11.4	16.3	19.5	23.2	24.6	25.2	20.3	16.7	10.6	1.1	14.53				
1964	4.4	3.6	9.7	15.0	20.1	24.5	24.0	23.0	20.7	12.3	11.8	6.4	14.18				
1965	4.3	6.0	7.2	15.9	22.0	21.9	24.4	24.5	21.8	14.3	9.8	5.7	14.87				
1966	1.2	4.7	9.1	13.8	18.8	22.3	25.4	24.1	20.5	13.4	9.2	4.3	14.02				
1967	5.3	3.4	11.2	16.1	16.6	21.8	23.6	23.0	18.4	14.6	7.8	6.9	13.84				
1968	2.3	2.7	9.9	14.0	17.2	22.2	24.0	25.3	20.9	14.9	8.7	2.7	14.08				
1969	2.4	3.3	6.3	15.0	18.9	24.2	26.1	23.2	19.6	14.8	7.7	3.2	13.68				
1970	0.5	4.0	8.2	15.2	19.1	22.6	25.4	25.1	23.4	16.5	8.8	6.0	14.33				
1971	3.4	4.2	6.9	13.6	17.3	23.7	23.6	23.3	21.8	17.2	8.4	9.3	14.12				
1972	6.0	3.7	8.8	13.7	17.2	20.8	24.0	24.1	21.6	14.0	8.3	7.1	14.29				
1973	3.2	3.4	11.3	13.2	17.2	22.7	24.8	23.9	22.7	15.7	10.5	4.4	14.64				
1974	8.9	5.7	11.9	14.6	19.3	21.3	23.9	23.4	19.2	13.6	8.9	4.6	14.59				
1975	6.3	6.2	9.2	14.0	20.4	22.9	23.6	25.1	20.5	16.6	10.9	4.8	15.02				
1976	3.1	9.1	11.6	14.5	17.3	21.4	23.9	23.5	19.8	12.1	5.7	2.9	13.90				
1977	-2.1	4.6	11.7	15.9	20.0	23.0	27.0	25.5	22.6	13.8	11.0	4.8	14.66				
1978	1.7	1.6	8.7	15.4	18.3	23.6	25.1	25.1	22.4	14.6	12.4	6.1	14.47				
1979	1.6	2.3	11.0	14.7	18.8	21.0	23.8	24.8	20.3	14.2	10.6	5.5	14.10				
1980	4.2	2.8	7.5	14.5	19.1	22.3	25.7	26.1	22.8	13.6	8.3	4.9	14.37				
1981	1.4	5.8	8.2	16.8	17.6	24.6	24.9	22.9	20.1	13.4	9.6	3.0	14.18				
1982	1.2	6.5	10.5	13.2	21.2	22.9	24.8	23.6	20.1	14.9	10.3	7.8	14.35				
1983	2.8	4.5	9.3	11.7	18.3	22.3	26.1	25.8	20.7	15.1	9.0	3.3	14.45				
1984	2.5	6.5	9.0	12.6	17.9	23.7	23.5	24.1	19.6	18.9	7.8	9.0	14.12				
1985	1.0	5.2	11.2	15.3	99	23.3	24.2	23.3	20.5	17.2	13.8	3.3	15.37				
1986	2.8	7.2	10.6	16.9	19.8	25.8	28.3	24.0	22.4	16.8	10.8	5.3	15.72				
1987	3.4	5.1	9.6	13.9	21.0	24.5	26.9	26.5	22.1	12.5	10.8	6.5	15.13				
1988	1.1	5.3	10.5	14.9	19.2	23.0	25.4	26.2	21.1	12.5	10.7	5.5	14.70				
1989	7.2	6.7	10.9	15.0	18.3	24.7	25.5	24.4	21.1	16.5	10.2	1.5	15.50				
1990	8.2	10.3	12.3	15.2	19.6	24.4	26.3	25.7	22.3	16.7	12.0	8.5	16.21				
1991	5.2	8.2	11.9	17.0	22.4	24.3	26.9	24.8	22.2	16.5	9.8	8.0	16.47				
1992	6.3	8.3	10.5	15.3	17.9	22.3	27.0	23.5	21.3	14.6	10.4	5.0	15.45				
1993	6.2	5.1	8.8	13.8	20.4	25.0	28.7	25.8	22.8	15.8	10.5	5.1	15.66				
1994	2.6	7.2	11.8	17.2	18.5	25.1	25.4	24.0	21.0	15.4	12.1	8.0	15.45				
1995	4.7	4.7	11.6	15.8	19.7	22.4	25.8	25.8	20.5	16.4	7.5	3.8	15.24				
1996	3.3	6.1	7.7	14.1	20.2	24.1	25.2	24.1	21.3	15.8	7.7	7.3	14.45				
1997	5.1	8.1	13.9	13.9	18.1	22.0	26.5	25.4	22.0	16.5	8.4	5.2	15.60				
1998	7.9	9.0	10.5	16.3	22.9	26.3	25.7	24.6	22.1	15.7	11.0	8.2	16.43				
1999	6.8	7.1	8.0	16.3	18.0	22.4	25.2	25.4	19.9	14.1	11.5	5.8	15.24				
2000	3.6	7.5	12.2	13.3	20.3	23.9	24.4	24.2	20.0	15.3	8.9	1.5	14.95				
2001	4.2	8.1	8.7	15.6	19.5	23.7	24.2	25.9	20.1	14.0	13.1	8.4	14.88				
2002	5.6	6.2	10.4	17.3	18.4	24.2	26.5	25.1	22.6	16.2	8.6	4.6	15.79				
2003	2.4	5.5	11.9	14.4	18.8	22.1	24.3	24.9	20.5	15.2	13.0	4.5	14.80				
2004	4.2	99	11.7	15.0	22.0	23.6	25.3	23.3	21.4	16.9	11.3	5.2	15.37				
2005	6.4	7.1	9.1	14.4	17.8	23.3	26.1	26.0	23.5	16.3	10.5	4.3	15.47				
2006	8.0	6.0	10.6	17.0	18.5	23.4	25.4	25.8	20.7	14.1	10.7	8.2	15.37				
2007	6.5	4.9	13.6	14.6	19.6	24.3	24.7	28.6	23.7	18.8	10.0	9.2	16.46				
2008	4.6	8.0	11.0	14.6	19.4	26.0	25.7	25.2	21.8	14.4	8.0	8.2	15.66				
2009	4.3	6.9	10.3	15.5	20.6	24.9	99	25.7	22.0	15.1	11.8	4.6	15.97
2010	3.1	3.6	10.5	17.0	21.9	26.8	27.8	27.2	24.1	16.5	10.5	1.6	16.13
2011	3.0	8.9	11.4	17.4	20.9	25.7	27.6	26.2	22.2	14.9	11.2	8.8	15.92
2012	7.1	8.3	16.3	16.2	21.9	23.7	27.9	25.0	21.8	15.7	8.9