1881	-6.30	-3.20	0.70	5.90	17.40	18.70	24.00	25.20	22.00	14.30	5.70	2.70	9.94
1882	-1.50	4.20	4.10	8.40	12.30	19.00	21.60	23.10	19.50	14.70	6.70	-3.40	11.23
1883	-8.10	-4.10	0.20	8.20	12.50	19.30	22.90	21.40	17.10	12.10	6.60	-1.10	8.72
1884	-6.50	-1.50	1.80	7.50	15.10	19.80	21.90	21.70	21.70	14.60	5.50	-2.10	10.04
1885	-7.00	-7.60	-0.50	8.10	12.90	20.00	23.90	21.30	18.90	11.60	6.80	-0.60	8.86
1886	-5.30	-1.30	2.80	10.20	15.20	20.30	23.20	23.70	20.10	14.70	4.70	-4.00	10.64
1887	-7.00	-1.60	1.30	9.30	16.40	20.20	25.30	22.40	18.30	9.50	4.90	-1.50	9.58
1888	-8.20	-3.80	0.50	8.20	12.60	20.20	23.10	22.00	16.50	10.40	6.90	0.90	8.91
1889	-0.30	-5.50	4.70	8.70	14.70	16.90	21.90	22.70	18.20	10.60	5.20	5.60	9.89
1890	0.60	1.20	-0.50	8.40	12.80	21.90	23.10	20.70	16.70	11.70	6.40	0.30	10.72
1891	0.10	-0.80	0.10	9.20	12.80	19.40	20.20	21.50	21.40	12.40	1.90	2.90	9.88
1892	-5.80	0.00	0.30	7.50	12.20	18.70	22.80	22.60	18.60	12.90	2.40	-3.60	9.59
1893	-10.00	-4.70	1.50	7.70	12.20	20.60	24.00	21.90	18.70	12.40	3.20	-2.50	8.66
1894	-1.30	-3.90	5.90	9.10	14.30	22.60	23.80	22.50	19.90	12.10	2.30	1.30	10.40
1895	-6.80	-7.20	0.70	8.80	16.00	21.90	22.00	23.40	21.20	8.80	3.40	-0.20	9.46
1896	-1.60	-1.90	0.40	12.70	19.50	20.20	23.10	23.60	16.80	10.70	4.50	1.60	10.65
1897	-4.50	-0.80	2.30	8.60	13.70	19.20	24.20	21.50	21.70	15.60	4.70	-2.70	10.65
1898	-0.70	-1.30	5.50	7.70	14.30	21.20	23.80	22.80	20.70	11.30	3.70	-3.10	10.53
1899	-3.80	-6.70	-0.30	10.80	15.90	21.80	23.10	24.00	17.90	15.40	8.10	-1.50	10.26
1900	-0.70	-5.50	-0.70	9.10	15.40	18.50	22.80	25.60	19.60	17.30	4.50	-0.50	10.37
1901	-2.70	-7.70	1.60	7.80	12.80	21.10	25.70	22.50	18.50	13.50	3.70	-4.10	9.69
1902	-3.20	-5.60	4.10	8.40	15.40	18.40	22.90	20.80	16.50	13.40	8.80	-2.50	9.65
1903	-3.80	-3.30	5.20	8.90	16.00	16.70	22.80	20.80	18.50	12.50	3.00	-6.10	9.57
1904	-7.40	-7.70	2.20	5.30	14.50	18.30	22.10	20.70	18.50	12.40	6.50	-2.30	8.28
1905	-7.10	-7.70	4.50	8.00	14.10	19.00	21.80	23.40	19.80	12.00	4.90	0.00	9.20
1906	0.40	-2.30	-0.90	10.40	15.50	20.00	22.00	24.30	21.20	11.70	5.50	0.60	10.65
1907	-2.20	-3.00	5.90	4.30	10.90	19.00	23.00	21.90	18.20	11.50	5.10	0.60	9.60
1908	-1.70	-2.80	4.80	9.50	14.90	20.20	23.50	23.10	21.50	13.00	6.50	-0.20	11.09
1909	-1.60	0.30	2.20	7.30	13.30	19.20	22.40	23.90	17.80	10.40	9.30	-5.60	10.36
1910	-3.30	-3.80	9.20	10.70	11.90	20.10	24.40	23.00	18.50	14.90	2.30	-2.90	10.19
1911	-1.40	0.30	4.00	7.80	18.90	22.40	24.50	22.20	19.50	11.90	2.00	1.80	10.77
1912	-11.00	-5.50	-1.70	9.40	15.50	18.90	22.80	21.80	19.90	13.30	6.10	0.90	9.28
1913	-1.30	-3.80	1.80	9.40	14.30	21.40	23.90	23.60	18.60	11.90	8.50	3.20	10.77
1914	0.40	-6.40	2.10	9.10	16.90	21.20	23.90	23.50	19.30	15.30	7.00	-4.20	11.29
1915	-4.20	1.50	1.50	13.50	12.30	17.60	21.20	19.30	19.60	13.70	6.90	-1.40	9.89
1916	-1.60	-3.70	1.40	8.90	15.20	17.50	25.80	24.90	18.00	12.50	6.30	-3.10	10.32
1917	-4.20	-6.60	3.80	7.10	11.50	17.60	22.40	21.40	17.70	7.30	6.20	-5.10	8.43
1918	-10.20	-2.50	5.70	6.70	17.70	19.40	21.80	24.40	15.40	14.20	6.50	3.30	9.50
1919	-0.40	-0.70	3.70	8.90	13.00	22.50	25.00	23.10	20.50	14.10	4.10	-5.70	11.43
1920	-7.10	-3.30	4.60	6.20	13.10	20.60	22.00	21.80	20.80	16.70	4.70	0.40	9.53
1921	0.40	0.90	7.70	12.30	16.50	23.20	27.40	22.80	21.20	12.80	5.00	0.40	12.55
1922	-3.80	-1.30	4.10	9.30	17.70	21.50	23.00	23.00	20.90	14.30	7.10	-1.00	11.35
1923	-0.50	-5.20	0.60	8.10	12.50	21.50	23.60	21.70	18.40	11.50	6.60	4.40	9.82
1924	-6.60	-1.60	1.50	9.50	12.50	18.00	21.30	21.80	15.80	15.50	5.40	-4.60	9.79
1925	-3.20	0.20	4.30	11.50	12.70	22.10	22.80	23.20	21.30	7.30	3.90	-3.50	10.12
1926	-2.60	-0.20	-0.70	5.80	15.00	17.60	22.10	22.70	18.20	11.50	3.10	-2.60	9.08
1927	-3.40	2.00	5.90	8.80	13.90	18.40	22.30	19.70	20.80	14.80	6.50	-2.30	10.59
1928	-3.20	-0.60	3.10	7.30	14.80	17.40	23.00	22.70	17.00	13.90	6.00	0.60	9.93
1929	-7.60	-5.40	6.40	10.70	14.00	18.20	23.70	21.90	18.50	12.00	2.70	-1.30	9.64
1930	-6.10	3.20	2.50	9.80	16.40	21.30	23.90	23.50	19.90	11.10	6.10	-0.80	10.86
1931	0.10	2.10	1.60	9.60	13.20	22.10	24.70	23.00	21.80	15.00	10.10	3.70	11.88
1932	1.00	1.70	-1.00	8.00	15.40	21.40	23.70	23.30	18.00	11.50	3.00	-1.60	10.81
1933	2.70	-3.10	1.90	8.30	15.60	24.50	24.30	22.00	21.00	11.70	3.40	-0.20	10.89
1934	0.30	-4.90	0.50	9.20	18.50	22.00	24.80	22.50	17.90	13.40	7.80	-3.10	10.98
1935	-3.40	-1.20	5.20	6.70	11.20	18.40	24.90	23.10	18.80	12.40	4.30	-3.60	9.78
1936	-7.00	-9.20	4.30	6.50	18.10	18.10	24.90	24.00	20.20	12.10	3.40	1.20	9.32
1937	-2.70	-3.00	0.50	8.10	14.40	18.80	23.50	24.40	18.40	10.80	3.10	-2.80	9.79
1938	-3.50	1.60	7.30	10.20	14.70	19.80	23.20	24.00	18.40	14.90	6.50	-1.40	11.19
1939	-0.10	-2.30	3.50	7.30	16.40	21.50	23.40	22.70	21.20	13.40	5.40	1.80	10.92
1940	-8.60	-1.40	0.20	7.00	12.30	19.60	23.50	22.30	18.20	14.30	3.80	1.00	9.42
1941	-2.00	-3.40	0.10	11.50	16.90	20.80	23.20	23.20	20.50	13.90	6.30	2.60	11.00
1942	-3.30	-2.90	4.30	12.20	15.30	20.10	23.80	22.50	17.20	12.20	5.30	-4.60	10.78
1943	-4.90	-2.20	0.20	7.50	13.50	22.10	24.10	24.00	16.80	12.50	2.70	-2.00	9.31
1944	-0.10	-1.50	0.20	7.30	17.80	22.40	23.30	23.50	19.30	12.40	6.30	-5.10	10.74
1945	-6.80	-1.60	9.30	9.80	12.10	18.30	22.00	22.30	18.10	11.20	4.70	-5.00	9.53
1946	-2.60	-1.70	8.50	10.50	13.60	19.90	23.50	21.20	19.00	15.10	6.10	0.30	10.68
1947	-1.50	-6.20	0.00	8.00	11.90	18.60	21.60	26.90	19.60	17.20	1.90	-1.10	9.86
1948	-7.80	-3.20	2.30	11.70	12.80	19.80	23.80	23.20	19.90	10.90	6.20	-0.90	9.88
1949	-2.00	-2.30	3.10	8.80	16.40	23.30	25.50	23.80	15.80	14.10	4.50	-0.10	10.84
1950	-1.40	-3.20	0.50	5.30	15.90	20.60	22.40	21.10	18.30	15.00	1.30	-6.90	9.64
1951	-4.70	-2.60	1.80	8.30	16.70	19.40	22.60	21.10	17.20	12.80	0.50	-3.20	8.85
1952	-2.60	0.20	1.80	10.70	14.80	23.50	25.20	22.60	18.60	9.30	6.00	0.20	10.57
1953	-1.60	-0.20	4.00	8.20	16.10	23.10	24.70	24.30	19.80	15.40	6.90	-0.10	11.74
1954	-2.40	3.10	1.70	11.90	13.90	24.30	24.70	22.90	20.80	12.90	5.90	-0.10	11.63
1955	-3.90	-1.80	2.90	13.90	17.70	20.60	27.40	26.00	20.00	13.10	2.20	-3.40	11.50
1956	-1.90	-1.40	2.50	8.50	15.90	23.30	22.70	23.40	18.30	16.00	4.80	0.50	10.72
1957	-7.30	0.80	3.10	9.80	14.90	21.80	24.70	23.00	17.90	11.10	4.60	1.40	10.41
1958	-3.20	-6.70	2.30	10.80	16.50	18.20	23.10	23.20	19.00	14.20	6.00	-5.30	10.40
1959	-7.50	-3.30	2.90	9.60	18.80	22.70	23.80	25.90	20.60	11.10	0.80	2.20	10.01
1960	-2.20	-3.40	-3.10	11.90	14.80	20.20	23.20	24.30	21.50	13.10	6.00	-3.70	10.71
1961	-4.80	1.30	4.90	6.80	14.00	20.90	23.30	23.60	20.70	13.40	4.90	-3.30	10.44
1962	-7.70	-3.40	1.40	9.90	19.50	21.60	22.30	23.70	17.90	14.10	5.80	-3.90	10.15
1963	-10.40	-7.10	5.30	11.30	14.80	23.00	23.90	22.60	19.80	17.90	7.40	-7.80	10.38
1964	-1.40	-1.80	2.20	10.60	18.90	22.80	24.30	22.10	18.80	10.60	6.50	-2.60	10.48
1965	-4.20	-2.60	-1.00	8.70	17.80	20.50	22.60	21.30	18.30	12.20	5.60	2.40	9.72
1966	-7.60	-2.30	4.60	8.70	13.10	21.90	25.70	22.10	18.30	11.80	6.10	-1.80	10.40
1967	-1.80	-5.60	3.70	10.20	12.70	21.90	21.40	20.70	18.20	11.90	3.30	-0.20	9.57
1968	-4.00	-3.80	6.30	11.60	14.60	22.40	23.50	23.70	19.30	13.20	5.40	-1.80	11.00
1969	-5.70	-0.90	1.30	10.70	16.20	18.70	23.80	24.10	19.10	11.80	3.80	-1.80	10.09
1970	-8.20	-3.00	1.80	11.20	17.40	21.80	24.40	24.00	19.00	13.20	4.80	-0.30	10.38
1971	-7.10	-2.10	2.10	9.30	14.20	24.30	22.60	22.40	21.30	16.80	5.60	2.60	10.76
1972	-5.30	-3.60	1.60	8.30	16.50	18.90	23.60	23.00	18.20	10.10	3.10	-3.80	9.75
1973	-1.80	-1.00	7.30	9.20	13.20	22.70	24.60	24.80	19.40	14.70	5.50	-2.50	11.23
1974	-3.80	-2.80	3.80	11.20	13.80	19.20	24.10	22.20	16.40	11.90	4.90	-0.40	9.87
1975	-2.30	-2.80	1.20	6.40	17.20	22.30	24.50	24.70	16.30	13.70	8.40	-0.30	10.77
1976	-6.70	2.10	6.20	11.60	13.60	22.10	23.80	21.90	18.10	9.20	0.40	-6.70	10.17
1977	-12.20	-2.80	7.10	12.60	20.70	20.90	25.80	22.20	18.80	11.00	4.80	-4.10	10.18
1978	-8.90	-8.40	0.20	8.80	14.90	20.60	22.60	23.00	21.20	10.90	5.80	-3.30	8.88
1979	-10.90	-8.50	1.90	7.00	15.30	20.80	22.70	22.10	18.80	12.10	4.70	1.20	8.56
1980	-4.80	-6.00	0.80	8.20	15.80	19.10	24.50	23.80	18.70	9.20	4.70	-2.20	9.60
1981	-5.10	-2.10	3.10	11.00	12.90	21.00	22.50	21.80	16.50	9.50	4.90	-3.80	9.48