1889	99	99	99	99	99	99	99	99	18.00	11.70	5.00	9.40	99
1890	2.10	2.90	2.60	13.60	17.20	24.90	25.90	22.20	17.30	13.20	8.20	2.80	13.29
1891	1.90	1.20	2.60	13.90	16.20	23.30	22.20	22.60	21.80	13.20	4.90	5.10	12.22
1892	-4.10	4.00	4.10	11.70	16.00	23.20	23.70	23.50	19.10	14.00	4.20	-1.20	12.04
1893	-5.40	-2.20	5.30	12.70	16.90	22.60	24.90	22.90	21.90	14.90	5.60	1.70	11.58
1894	0.00	-1.60	9.70	13.60	17.70	24.00	24.80	25.60	20.70	14.60	5.10	2.90	12.99
1895	-4.40	-5.00	6.00	14.60	17.90	22.70	23.30	23.90	22.50	11.00	5.60	1.50	11.75
1896	0.30	1.90	4.00	17.30	21.50	22.40	24.90	25.00	19.00	12.50	5.90	3.80	13.02
1897	-2.10	1.60	6.80	12.70	16.80	22.70	25.70	22.90	24.00	17.50	6.10	-1.70	13.21
1898	0.90	1.80	7.10	10.90	17.90	23.90	24.30	24.70	22.00	11.60	4.30	-2.40	12.31
1899	-1.40	-7.10	2.60	12.00	18.90	23.30	23.80	25.70	19.20	17.10	9.80	-2.10	11.79
1900	0.90	-3.90	3.90	13.10	19.00	22.80	24.50	27.00	21.40	16.40	5.80	1.40	12.40
1901	1.20	-3.30	5.10	11.40	17.20	25.50	29.30	25.70	20.50	15.40	5.50	-3.10	12.91
1902	-1.90	-5.80	6.60	11.40	20.10	20.70	24.50	22.80	16.60	15.00	10.00	-1.40	11.41
1903	-1.10	-2.10	7.70	12.40	18.00	18.80	24.90	23.00	18.80	13.60	4.10	-2.30	11.39
1904	-3.70	-2.20	6.30	8.50	16.70	20.70	22.90	22.50	20.40	13.60	7.20	-0.10	10.88
1905	-6.50	-7.20	9.50	12.10	17.90	24.10	22.60	24.50	20.40	12.00	7.10	0.50	11.37
1906	0.90	-0.40	-0.40	14.30	18.50	21.60	23.40	24.30	21.70	12.70	4.30	1.50	11.78
1907	0.60	0.00	10.60	8.30	14.70	20.70	24.70	23.80	19.40	12.30	5.10	2.00	11.81
1908	-0.30	0.30	8.50	12.40	18.30	21.40	23.80	23.80	20.90	12.80	7.20	2.00	12.59
1909	-1.10	2.50	5.30	11.40	16.10	22.20	23.70	25.90	19.10	12.80	11.10	-5.40	12.58
1910	-1.30	-2.80	12.90	11.90	14.80	20.80	24.30	23.10	19.50	14.40	4.50	-1.20	11.39
1911	0.50	2.10	7.10	10.80	20.00	25.60	25.10	23.90	22.40	12.60	2.90	1.40	12.65
1912	-8.40	-3.30	0.50	12.70	19.60	20.30	25.60	24.00	19.50	14.30	6.80	1.80	11.08
1913	-0.80	-2.40	4.30	12.60	18.40	24.10	26.40	28.00	20.60	11.80	10.60	2.90	12.95
1914	2.90	-3.90	5.00	12.00	19.10	25.70	26.40	25.40	20.30	14.60	8.60	-4.00	13.25
1915	-3.00	3.80	1.50	16.40	16.70	20.60	23.10	19.80	20.90	14.60	9.10	0.40	11.63
1916	-1.10	-1.50	6.80	11.40	18.00	20.30	27.10	25.80	19.00	14.10	7.70	-1.50	12.33
1917	-0.90	-2.40	6.60	10.80	14.50	21.30	25.00	22.10	19.40	8.90	7.10	-4.70	10.91
1918	-9.50	0.60	10.20	9.40	20.10	24.60	24.80	27.30	16.00	15.30	6.90	4.00	11.75
1919	0.90	1.40	7.80	12.50	16.10	23.60	25.80	23.40	21.40	13.90	5.40	-3.10	13.02
1920	-3.10	0.40	7.30	9.00	16.90	22.40	24.00	22.50	20.60	16.10	4.60	1.90	11.47
1921	2.40	4.30	10.80	12.90	18.50	24.00	26.30	24.40	21.80	13.90	6.20	1.60	13.95
1922	-2.30	1.00	6.80	13.00	18.70	23.90	24.00	24.50	21.30	14.90	8.30	1.00	12.98
1923	3.50	-2.00	3.90	11.50	16.70	22.40	24.90	24.30	19.80	11.00	7.10	4.30	12.01
1924	-4.70	0.10	2.90	13.40	13.80	21.80	22.00	24.80	16.80	16.00	7.40	-3.30	11.55
1925	-2.00	2.80	8.00	15.70	15.60	24.00	24.70	24.00	22.90	8.10	5.10	-0.90	12.13
1926	0.00	3.40	2.90	8.80	19.10	20.80	24.80	24.30	20.00	13.00	3.80	-0.20	11.67
1927	-1.40	4.10	7.50	13.50	17.00	20.50	23.50	20.80	21.30	15.60	7.50	-1.90	12.48
1928	0.10	2.10	7.50	10.40	18.40	18.90	24.80	24.00	17.40	15.70	6.60	2.00	12.00
1929	-5.00	-4.00	8.90	13.90	15.80	21.50	25.10	24.50	19.10	13.80	3.10	1.00	11.56
1930	-6.70	6.50	5.70	15.20	17.60	21.90	27.00	25.50	21.10	12.60	7.50	0.90	12.91
1931	2.00	4.70	3.30	12.30	15.50	25.30	26.90	23.60	23.70	16.40	11.30	6.00	13.83
1932	2.00	5.60	2.50	13.80	18.80	23.60	25.90	24.70	19.20	12.60	3.60	-0.60	13.19
1933	5.30	-0.50	6.40	12.10	18.30	25.30	26.20	23.80	23.30	12.90	6.80	3.00	13.28
1934	1.70	-0.60	4.00	13.20	20.10	26.60	30.10	26.40	18.10	15.80	9.00	-0.90	13.95
1935	-0.10	2.40	9.80	10.90	15.20	20.60	26.70	25.00	20.10	13.30	4.80	-1.10	12.32
1936	-5.40	-6.20	8.70	11.40	20.60	24.30	30.00	29.20	22.40	13.30	4.60	3.20	12.65
1937	-3.70	-0.70	3.80	11.90	18.80	23.10	25.80	27.00	20.80	13.10	4.10	-0.60	12.27
1938	-0.10	4.30	11.30	13.10	17.80	22.40	26.90	27.10	21.70	18.10	7.50	1.60	14.13
1939	3.70	-0.60	7.60	11.40	19.70	23.50	26.70	23.70	23.70	15.80	6.00	3.00	13.57
1940	-10.40	0.00	5.30	11.80	16.50	22.90	22.80	24.40	20.30	17.20	4.80	2.90	11.55
1941	0.60	-0.30	4.50	14.70	20.70	23.40	25.50	26.00	21.70	15.90	7.20	3.80	13.57
1942	-0.90	-0.20	7.00	15.40	17.40	22.80	25.80	23.70	19.40	13.90	8.30	-0.80	13.03
1943	-1.90	3.20	3.50	12.40	16.80	23.90	26.30	26.20	18.20	13.10	4.90	-1.80	12.15
1944	1.20	2.00	4.30	10.20	20.30	24.90	25.70	23.60	20.00	14.80	7.40	-3.10	12.72
1945	-2.50	0.80	10.90	12.40	14.90	20.20	23.40	24.70	20.20	13.20	7.30	-3.50	11.87
1946	0.00	4.20	12.90	14.90	15.90	23.30	26.50	22.90	20.10	16.30	7.80	3.50	13.44
1947	0.90	-2.50	2.00	11.80	16.30	22.30	23.80	29.00	22.30	18.60	4.60	3.20	12.72
1948	-4.80	-0.50	4.70	15.40	17.20	22.50	24.90	24.40	20.90	12.70	7.20	1.80	12.32
1949	-2.00	0.60	5.30	11.50	19.50	23.80	25.90	23.80	16.50	14.70	8.40	2.50	12.48
1950	0.70	1.60	3.90	9.40	18.40	22.20	22.30	20.90	18.90	17.10	2.90	-1.80	11.73
1951	-1.00	1.10	3.30	10.00	18.10	20.80	24.30	23.80	17.90	14.10	3.00	-0.90	11.13
1952	0.70	3.10	4.40	12.10	17.50	26.60	26.00	23.60	19.60	11.20	6.40	1.20	12.53
1953	0.90	3.80	7.20	10.00	17.80	26.40	25.70	25.10	21.70	15.80	7.70	2.00	13.61
1954	-1.30	5.60	4.70	15.40	15.10	24.70	29.30	26.00	22.70	14.10	7.40	1.60	13.81
1955	-0.50	0.10	6.00	16.40	18.50	20.50	27.10	25.10	21.00	13.80	4.10	-0.60	12.81
1956	-2.20	0.90	6.30	11.00	19.30	23.50	24.70	25.30	21.10	17.60	6.10	1.80	12.75
1957	-4.00	3.80	5.30	12.10	17.60	22.60	26.00	25.00	18.90	12.20	5.10	3.50	12.20
1958	-1.20	-4.40	2.40	11.90	18.30	21.30	23.40	24.50	19.60	14.50	8.30	-1.20	11.84
1959	-4.40	0.80	6.70	12.20	19.70	23.20	24.10	26.20	20.90	12.10	2.60	3.00	11.91
1960	-0.60	-2.50	-2.10	13.70	16.70	21.90	23.40	25.70	22.70	14.70	7.80	-0.90	12.03
1961	-1.80	2.50	6.90	9.50	15.30	21.30	24.20	23.30	19.50	14.20	5.80	-1.80	11.65
1962	-5.20	1.40	3.40	11.20	22.30	22.40	24.90	25.30	18.30	15.10	6.70	-0.80	12.00
1963	-7.10	-1.90	8.60	14.40	17.40	24.20	25.50	23.90	20.70	20.00	7.90	-5.80	12.73
1964	1.80	0.30	4.50	14.00	20.40	22.40	26.10	24.20	21.10	13.10	9.10	-0.20	12.60
1965	-0.50	-0.20	0.00	14.30	21.10	22.90	24.40	23.50	20.40	14.10	8.70	5.40	12.38
1966	-4.10	-0.30	8.20	10.40	16.60	22.20	27.20	22.80	18.40	12.70	8.90	0.90	12.37
1967	0.20	-0.80	8.40	14.00	15.50	22.40	23.50	21.90	18.80	13.50	5.30	1.20	11.97
1968	-2.00	-1.70	7.70	13.10	15.90	23.90	24.40	24.20	19.30	13.80	5.50	-1.00	12.11
1969	-2.80	0.90	2.50	13.80	17.80	21.20	26.50	24.50	20.20	12.00	5.70	-0.90	11.78
1970	-5.40	-0.30	3.70	12.90	19.10	21.50	24.50	23.90	20.80	13.00	5.80	2.70	11.55
1971	-3.00	-0.20	5.10	13.30	16.00	25.00	23.30	23.40	21.50	16.90	7.30	4.00	12.61
1972	-2.30	0.60	6.50	12.90	18.10	22.40	24.10	24.60	21.10	12.10	4.00	-3.00	12.34
1973	-1.50	0.30	9.00	10.90	15.70	22.70	25.10	24.40	20.30	15.50	7.60	0.90	12.25
1974	-3.30	1.50	8.00	12.90	17.00	19.90	26.00	22.10	15.40	13.60	5.80	-0.30	11.65
1975	-0.60	-2.10	2.60	11.10	18.00	22.10	24.30	24.00	16.70	13.90	8.10	1.50	11.48
1976	-2.20	5.60	7.80	12.60	14.80	20.90	25.20	23.80	19.60	9.60	1.30	-3.00	11.71
1977	-10.50	0.00	8.10	14.30	19.70	22.80	26.00	24.70	20.90	12.80	7.00	-0.80	11.90
1978	-6.70	-6.00	2.90	13.40	16.80	22.80	25.90	24.60	23.10	13.10	7.80	1.00	11.41
1979	-9.10	-5.10	6.60	11.50	17.70	22.10	24.30	23.90	19.50	14.00	5.40	2.00	10.98
1980	-1.70	-3.00	3.70	11.00	17.70	23.90	30.40	27.40	20.90	11.70	6.10	0.80	12.51
1981	-1.90	0.60	6.70	15.80	14.90	23.40	26.00	23.80	20.20	12.60	8.00	-1.50	12.58
1982	-5.50	-1.00	7.20	10.40	18.80	20.00	25.60	22.90	18.80	13.20	6.50	4.10	11.28
1983	-0.40	3.20	6.20	8.80	15.60	21.90	26.30	27.60	20.60	13.30	7.30	-8.20	12.88
1984	-2.70	4.20	2.40	11.20	15.80	23.30	23.90	25.80	18.80	14.40	6.10	3.40	11.25
1985	-7.00	-2.70	8.80	14.70	17.90	20.40	24.50	22.30	19.50	14.40	5.30	-4.40	11.79
1986	0.70	0.20	8.80	14.40	18.70	24.20	26.60	21.90	21.60	13.70	3.80	1.30	12.52
1987	-1.50	4.10	8.30	12.70	20.40	24.00	26.00	24.80	19.60	10.80	7.70	1.90	13.18
1988	-2.60	-2.40	6.30	12.10	18.70	23.80	25.70	25.90	20.60	10.40	7.20	1.00	12.30
1989	3.30	-5.00	6.40	12.60	16.30	21.10	24.60	23.30	17.40	14.20	6.40	-5.90	11.80
1990	4.10	3.40	7.80	11.60	15.20	22.80	24.10	23.90	21.30	12.80	10.10	-0.30	12.60
1991	-3.50	4.30	9.20	14.20	21.10	24.30	25.40	24.70	19.60	13.90	3.80	2.70	13.06
1992	1.60	4.30	7.90	12.60	16.50	21.10	23.90	21.10	18.80	13.60	4.60	0.60	12.39
1993	-1.60	-1.70	4.20	10.70	17.30	22.30	25.50	24.80	16.90	11.40	4.30	1.30	11.23
1994	-4.20	-0.40	7.50	12.60	17.10	24.00	23.80	23.60	19.10	14.10	8.50	3.00	12.25
1995	-2.90	1.30	8.00	11.60	16.00	22.70	25.80	26.90	18.00	14.10	4.40	-0.10	12.41
1996	-3.20	1.60	3.50	11.00	18.50	22.20	23.80	23.80	18.20	13.50	3.20	0.80	11.33
1997	-3.70	2.40	7.70	9.40	14.90	21.60	25.20	23.50	20.20	13.50	4.70	0.80	11.68
1998	1.60	4.90	4.90	12.20	20.80	22.70	24.90	24.90	22.40	14.10	9.10	1.70	13.61
1999	-2.00	5.30	5.30	13.60	17.50	22.30	26.70	24.20	19.20	13.90	11.10	2.50	13.23
2000	0.00	5.60	8.30	12.20	19.50	21.20	24.40	25.90	19.80	15.60	3.90	-6.70	13.24
2001	-1.70	0.60	4.50	16.40	18.40	21.70	25.90	25.00	19.20	12.80	10.60	3.10	12.23
2002	1.40	2.80	4.50	13.60	15.60	23.40	26.10	25.00	21.40	10.90	5.00	1.70	12.73
2003	-3.60	-1.10	7.00	13.60	17.30	20.60	25.30	26.10	18.10	13.60	7.80	2.30	12.20
2004	-2.50	0.30	8.40	13.60	19.20	21.40	23.30	21.20	20.40	14.60	8.20	1.90	12.53
2005	-0.20	4.20	6.30	13.90	17.80	24.20	26.50	25.60	21.80	13.80	8.20	-0.50	13.67
2006	5.00	1.10	7.90	16.10	18.30	23.20	26.80	26.30	18.70	11.90	8.30	3.20	13.59
2007	-0.60	-1.70	11.50	11.30	20.70	23.30	24.70	28.2	22.7	16.0	7.2	0.7	13.88
2008	-0.4	-0.6	6.6	11.8	17.0	23.1	24.8	23.0	19.4	13.2	5.8	-1.2	12.03
2009	-2.8	2.7	8.1	11.7	17.8	23.4	22.4	22.2	19.2	10.4	10.0	-0.7	11.99
2010	-4.3	-2.7	7.6	15.8	18.0	24.8	25.3	25.6	20.1	14.6	7.8	-1.9	12.66
2011	-4.0	0.0	6.9	13.9	16.9	23.9	27.9	25.1	17.9	14.5	8.6	3.2	12.48
2012	1.9	4.4	15.4	14.9	21.4	24.9	29.6	25.9	19.9	12.5	7.7