1891	99	99	99	99	99	99	99	99	99	99	99	-1.80	99
1892	-1.10	99	5.30	8.40	10.40	99	99	99	99	99	99	-2.10	99
1893	0.70	1.80	2.70	99	99	99	99	18.20	14.90	9.10	5.20	3.30	99
1894	-4.20	-3.60	2.60	8.60	13.20	14.40	20.00	18.60	14.70	10.80	5.90	-0.30	8.69
1895	-3.60	-2.10	3.50	9.60	12.70	99	18.70	19.20	15.00	9.00	0.50	-2.80	8.17
1896	-0.50	0.20	3.30	5.50	11.60	17.30	18.90	19.00	99	99	99	99	8.31
1897	99	-0.30	1.60	7.40	99	99	99	99	17.30	9.40	6.90	-2.70	99
1898	-3.40	2.30	2.30	99	10.70	17.90	21.60	99	99	8.40	1.60	-4.30	8.26
1899	-3.40	-1.80	1.90	6.70	7.80	14.80	18.20	16.10	15.60	6.70	3.70	0.20	6.83
1900	1.30	0.80	5.00	3.20	11.20	16.20	18.70	16.20	11.60	8.10	3.20	0.60	7.97
1901	-1.00	-0.20	1.50	5.80	10.40	14.60	20.80	19.10	13.70	9.10	4.40	0.40	8.23
1902	-2.30	0.20	-0.60	7.50	9.80	16.80	17.20	17.30	14.10	8.20	0.60	-2.30	7.43
1903	-0.90	-5.60	2.10	5.00	9.30	14.30	19.00	19.00	12.70	8.30	4.70	-1.20	7.13
1904	-2.60	3.30	3.90	6.80	10.90	14.50	17.30	16.80	13.00	7.30	3.40	-0.80	7.78
1905	-1.70	-1.10	3.10	5.80	7.70	14.30	17.80	18.10	13.70	7.40	1.30	-5.40	7.13
1906	-3.70	2.10	2.70	5.30	9.70	15.10	18.30	15.90	12.70	7.90	1.00	0.50	6.80
1907	-3.00	3.30	3.10	7.20	8.10	12.30	17.80	16.40	13.30	8.10	1.90	0.20	7.42
1908	-0.70	-2.10	3.40	6.00	7.40	13.10	18.40	17.00	13.00	5.10	1.30	-2.70	6.84
1909	0.60	-2.60	0.20	5.80	8.40	14.90	18.10	17.10	13.10	8.20	1.70	-5.50	6.90
1910	-3.00	-1.70	5.10	7.10	11.90	15.50	18.60	17.70	15.00	8.40	4.40	0.70	7.79
1911	0.80	-2.30	4.80	6.20	9.70	14.60	17.00	16.70	14.30	7.40	1.20	-5.60	7.59
1912	-2.10	0.30	1.20	3.30	9.30	14.70	16.10	16.20	11.20	6.20	2.70	-4.00	6.12
1913	-6.00	-3.00	-1.10	5.80	9.80	13.50	17.10	17.40	12.70	7.00	3.00	-3.30	6.02
1914	-0.20	-1.20	4.20	6.40	10.10	14.70	16.90	17.30	14.40	7.60	3.90	-4.70	7.57
1915	-5.90	-3.50	0.10	5.80	7.30	13.80	17.60	17.30	12.40	8.20	2.40	-2.60	5.90
1916	-4.10	-0.10	4.60	6.80	9.70	14.90	17.90	15.90	13.00	6.60	1.30	-3.50	6.99
1917	-5.80	-3.30	-1.70	3.40	6.90	15.00	19.20	17.00	14.30	9.00	3.70	1.60	6.18
1918	-3.70	0.30	3.40	5.90	8.20	18.20	17.10	16.20	13.70	8.80	-0.40	-3.80	7.44
1919	-5.40	-6.30	-0.20	6.90	11.20	15.40	18.00	17.70	13.70	5.60	2.30	-1.30	6.26
1920	-0.90	1.70	1.20	3.80	10.10	14.00	18.40	16.70	13.00	6.00	2.70	-2.50	7.12
1921	-1.80	1.60	4.70	4.70	8.40	14.90	18.30	17.20	14.30	10.20	4.60	1.60	7.88
1922	-5.90	-2.70	0.40	3.70	10.30	16.10	19.20	18.10	15.20	7.90	0.60	0.60	7.04
1923	0.70	-3.30	0.70	5.30	10.90	12.60	18.80	16.60	11.90	5.70	3.10	-1.60	6.97
1924	-4.10	2.70	-0.80	5.10	11.20	16.70	18.30	17.90	13.80	7.10	3.20	-3.90	7.46
1925	-4.80	1.90	3.80	6.70	12.10	14.70	19.10	16.50	12.80	7.80	1.80	0.40	7.38
1926	-2.60	1.70	3.20	6.70	10.00	16.00	17.80	17.60	14.60	10.00	4.50	-4.00	8.32
1927	0.80	1.90	1.90	6.40	10.60	14.60	19.10	17.00	13.40	8.60	5.30	-3.90	7.97
1928	-2.20	-0.90	4.40	5.90	11.30	15.20	18.90	17.70	15.40	8.90	2.10	-3.30	7.73
1929	-2.80	-4.20	1.90	4.90	10.80	15.60	19.00	17.70	14.90	8.70	2.70	2.00	7.16
1930	-4.10	1.70	1.90	8.60	7.40	16.20	18.10	17.30	13.20	7.20	1.20	-2.10	7.56
1931	-1.90	1.00	3.70	7.80	11.10	15.40	20.30	17.90	14.70	9.20	0.20	-5.10	8.11
1932	-6.80	-1.00	2.70	6.20	9.70	14.80	18.90	18.20	14.40	8.20	4.70	-5.70	7.07
1933	-5.00	-6.40	3.10	3.90	7.80	15.90	19.70	18.30	16.60	10.50	3.70	1.60	6.87
1934	0.10	3.00	7.10	8.40	13.10	13.20	20.20	18.60	13.90	10.20	3.80	0.30	9.43
1935	-2.20	0.70	0.50	6.30	8.40	16.40	18.80	18.10	14.70	8.50	1.60	-0.40	7.67
1936	-0.90	-0.40	2.80	8.10	11.80	17.30	19.40	18.40	13.20	8.60	3.20	-0.30	8.43
1937	-10.80	-2.40	1.20	6.20	11.40	14.80	19.10	19.10	15.80	9.90	4.60	1.50	7.38
1938	1.20	-0.90	1.90	6.60	10.40	15.30	18.30	18.00	15.40	8.30	0.80	0.10	8.07
1939	-2.40	-6.90	3.00	7.90	11.40	15.60	19.80	19.20	14.60	8.00	4.40	2.80	7.89
1940	-0.10	-5.20	4.30	7.00	12.40	17.70	19.70	18.90	14.20	9.20	2.40	0.90	8.61
1941	-1.40	2.40	3.10	3.60	10.70	13.70	17.90	17.20	12.60	6.40	4.00	-0.90	7.59
1942	-1.20	-3.10	1.40	6.20	9.90	15.10	20.20	18.40	14.90	9.20	5.40	2.20	7.96
1943	-0.30	1.10	4.70	8.40	11.80	14.80	19.80	19.00	15.80	9.70	2.60	-1.60	9.13
1944	-1.60	-1.00	1.00	4.70	10.50	13.80	18.70	19.70	15.80	10.30	1.70	0.40	7.67
1945	-1.50	1.70	0.70	5.60	11.10	14.60	20.00	19.60	15.90	10.40	3.90	-2.10	8.53
1946	-1.70	0.30	3.80	9.10	10.70	17.30	19.70	18.60	15.80	7.40	2.20	2.20	8.42
1947	-2.20	3.40	4.90	7.10	13.00	15.20	20.00	17.70	16.70	9.90	0.40	-2.20	9.02
1948	0.70	-1.60	-1.20	7.80	11.70	15.20	19.30	18.60	15.70	9.20	1.80	-0.70	7.92
1949	-6.90	-4.40	1.90	8.90	10.40	15.30	19.60	18.10	16.00	7.30	7.10	-2.70	7.72
1950	-2.90	1.60	3.20	7.90	9.20	14.40	17.90	16.80	12.60	11.20	4.90	2.10	7.84
1951	-1.80	-0.60	1.40	5.70	10.40	13.70	19.90	17.00	14.40	8.10	1.20	-2.90	7.62
1952	-3.40	-2.20	-1.90	6.20	11.30	14.30	17.60	18.00	14.60	10.60	-0.70	-3.20	6.79
1953	1.70	-0.80	2.30	5.50	7.20	15.00	19.10	17.00	14.30	7.20	3.30	-2.10	7.38
1954	-1.90	1.40	0.20	7.90	11.70	14.70	19.20	16.40	14.30	9.20	4.20	-1.40	7.93
1955	-5.40	-5.30	1.60	4.40	8.90	13.30	16.50	18.00	14.20	9.60	2.40	1.00	6.40
1956	0.70	-3.20	2.70	4.80	10.90	16.10	17.90	16.00	16.40	7.60	1.10	-0.90	7.67
1957	-1.30	2.90	3.10	4.60	7.70	15.60	18.20	17.40	14.10	7.40	0.40	1.70	7.43
1958	-0.80	1.20	-0.70	4.90	12.20	16.20	18.80	19.10	13.90	9.10	1.70	2.50	8.11
1959	-0.30	-2.70	2.90	7.60	9.90	16.60	19.70	17.20	13.60	8.70	3.00	-0.30	8.22
1960	-5.20	-3.40	4.10	6.50	10.30	16.80	19.70	18.50	15.40	7.20	2.70	-1.80	7.69
1961	-1.00	1.00	1.60	6.70	9.30	17.30	19.30	17.80	12.10	6.90	1.20	-3.30	7.53
1962	-2.70	-0.90	-2.20	8.70	8.90	14.60	18.10	18.30	14.80	8.60	4.30	-0.20	7.27
1963	-3.70	2.60	1.40	4.20	11.50	13.50	20.00	17.70	15.10	9.90	3.30	-0.90	7.94
1964	-3.70	-3.00	-0.80	4.30	9.70	14.10	19.40	17.40	13.70	10.70	-0.40	-0.90	6.71
1965	-0.30	-1.30	0.60	4.00	8.20	11.70	18.30	17.60	12.10	9.80	4.30	-1.00	7.01
1966	-4.70	-3.80	2.90	7.10	12.10	15.10	19.10	18.40	14.80	8.30	4.20	-1.30	7.71
1967	-1.60	1.80	3.90	3.10	9.30	13.40	19.20	18.00	14.40	10.00	4.70	-4.90	7.91
1968	-3.60	2.10	2.80	4.60	10.10	15.50	18.30	15.30	13.30	8.30	2.10	-3.90	6.99
1969	-0.10	-3.70	99	5.40	11.30	14.40	19.00	18.40	14.60	4.70	1.10	0.70	6.97
1970	-0.60	2.80	0.90	3.10	11.40	15.80	19.80	19.10	12.40	6.60	4.20	-1.90	8.02
1971	-1.50	-0.50	2.80	5.50	8.20	14.80	19.70	17.80	11.70	3.70	0.80	-5.30	6.76
1972	-2.00	-0.10	4.40	4.30	8.00	14.20	19.20	17.20	13.70	7.70	-1.30	-5.60	6.67
1973	-5.10	-1.80	-2.90	3.30	11.60	15.80	18.70	18.10	14.30	10.00	2.80	0.60	6.60
1974	-2.30	-0.80	4.70	6.20	12.70	19.20	19.10	18.20	14.80	8.80	2.70	-2.90	8.66
1975	-2.40	-2.40	0.70	2.30	8.60	13.90	18.80	17.50	14.40	8.10	2.90	-1.60	6.62
1976	-0.80	1.70	1.90	5.20	11.60	14.90	19.20	17.10	13.90	8.30	4.20	-0.20	7.97
1977	-2.90	1.20	0.80	7.10	8.60	16.80	19.60	19.00	15.70	10.40	5.00	3.10	8.42
1978	-0.30	-0.70	4.60	5.70	9.70	16.30	19.20	17.60	14.10	9.90	1.40	-4.30	8.38
1979	-5.20	-3.40	0.20	4.80	8.80	14.30	17.80	15.80	14.90	8.80	-0.40	-0.40	6.01
1980	-0.70	0.40	0.20	5.50	7.60	16.10	20.60	19.10	15.40	9.40	5.20	4.40	8.20
1981	2.30	2.40	2.50	9.20	11.20	19.00	20.10	18.60	14.80	8.20	5.40	2.50	9.84
1982	-2.10	-0.90	1.90	6.40	9.90	14.00	17.70	18.60	14.20	6.70	1.80	-2.20	7.56
1983	-0.60	0.20	2.30	2.80	9.90	14.10	18.60	17.70	16.00	9.20	2.70	1.10	7.56
1984	-0.20	0.50	3.50	4.90	13.80	14.70	18.70	17.70	15.20	5.80	1.90	-1.70	8.13
1985	-2.50	-1.70	1.90	7.90	10.80	17.00	19.60	18.50	11.70	8.70	1.00	0.20	7.60
1986	2.80	1.30	4.30	6.80	11.20	16.20	17.80	18.70	11.70	6.40	3.10	-0.90	8.38
1987	-2.40	-0.40	0.50	7.70	10.50	16.30	17.10	17.20	13.70	10.20	2.30	-2.70	7.65
1988	-1.50	1.30	3.00	6.70	10.50	16.50	19.70	18.00	13.30	11.40	2.70	-2.20	8.24
1989	-3.20	0.20	5.50	10.20	12.30	16.10	20.10	17.60	14.80	8.70	3.60	99	8.64
1990	-1.90	-1.50	3.50	7.90	10.20	18.10	19.40	17.10	15.50	9.40	3.20	-3.80	8.27
1991	-0.80	2.90	0.20	6.20	9.70	14.10	19.50	19.20	15.40	10.50	2.80	-0.90	7.99
1992	-2.50	1.90	3.40	9.50	11.90	15.00	18.40	17.90	15.20	10.30	1.00	-3.10	8.42
1993	0.10	0.30	4.60	8.00	12.20	15.80	18.70	18.20	14.40	8.60	1.70	-1.00	8.29
1994	0.60	-1.10	4.70	6.70	10.90	99	18.60	19.20	14.50	7.00	0.00	0.00	7.99
1995	-2.00	2.80	3.70	4.70	99	13.10	18.10	19.50	99	8.90	5.60	0.00	8.38
1996	-0.60	2.80	3.40	7.00	99	16.70	20.30	18.60	12.80	7.00	99	0.90	8.38
1997	-2.20	-1.40	3.90	4.70	12.20	13.90	17.80	17.80	15.30	7.30	3.10	-2.80	7.77
1998	-0.30	-2.80	1.10	2.80	8.40	12.50	19.20	18.10	14.20	7.30	2.80	-0.60	6.71
1999	0.80	2.00	3.90	3.10	9.80	14.50	18.10	16.70	13.40	8.90	4.70	-1.70	7.94
2000	0.60	2.00	2.00	8.10	13.10	17.00	19.20	18.40	15.60	8.10	-0.60	1.40	8.48
2001	-2.80	-1.40	3.90	6.40	12.80	16.70	18.60	17.80	15.30	10.00	3.90	-2.80	8.55
2002	-0.60	1.20	2.20	8.30	11.20	17.20	20.90	18.90	14.50	7.50	99	99	8.41
2003	2.80	0.60	2.80	4.80	12.30	16.10	21.10	18.10	15.00	11.20	2.30	-1.10	9.07
2004	-1.70	-2.50	6.10	5.80	11.40	15.60	18.10	99	99	99	99	99	99