1887	99	99	99	99	99	99	99	99	99	99	99	-1.70	99
1888	-9.60	-5.30	99	99	99	99	99	18.90	13.90	8.30	3.90	99	99
1889	-2.40	-8.10	2.30	6.90	12.90	15.80	20.20	19.60	15.70	5.70	2.40	2.20	7.33
1890	-1.30	-1.70	-3.80	6.70	11.10	21.40	21.50	18.40	14.40	9.70	3.60	-3.50	8.52
1891	99	-2.90	99	99	99	99	99	99	99	99	99	99	99
1892	-5.50	-1.60	0.70	99	99	19.40	21.00	20.40	16.50	10.40	99	99	8.81
1893	99	99	99	6.70	12.40	99	99	99	16.20	10.40	1.50	-3.50	99
1894	-1.70	-4.90	4.30	9.40	13.90	21.20	22.50	20.00	17.50	9.90	1.50	-0.50	9.18
1895	-7.80	-8.90	-1.90	10.60	15.60	21.70	21.60	21.40	18.90	5.60	1.20	-2.40	8.12
1896	-4.60	-4.60	-2.50	10.80	17.70	20.40	21.40	21.20	14.40	7.30	2.90	-1.50	8.50
1897	-5.40	-4.00	-1.10	6.00	12.30	17.30	23.90	19.10	17.90	11.40	1.60	-3.50	8.12
1898	-3.20	-4.80	1.30	6.00	13.90	20.10	22.40	20.80	17.90	8.80	0.70	-4.60	8.37
1899	-6.70	-10.30	-3.60	10.20	15.10	20.80	21.70	22.20	15.10	12.50	5.60	-2.10	8.17
1900	-3.00	-7.00	-3.70	9.10	15.80	19.20	21.50	23.80	18.10	14.30	2.40	-2.10	9.03
1901	-4.80	-8.70	-0.60	8.60	13.80	20.80	24.80	21.00	16.50	10.80	2.10	-5.00	8.52
1902	-5.10	-6.00	3.10	7.30	14.10	16.80	21.50	18.60	14.10	9.90	5.30	-3.80	7.88
1903	-4.90	-4.90	3.80	7.20	14.50	17.10	20.90	17.90	16.10	10.00	1.20	-6.00	7.92
1904	-9.00	-10.50	-0.70	4.10	13.90	18.30	20.30	18.00	16.00	9.10	4.00	-4.90	6.46
1905	-7.60	-8.70	1.20	6.30	12.60	18.80	20.70	20.30	17.30	9.30	1.90	-1.70	7.27
1906	-1.00	-5.40	-4.60	8.30	13.30	18.40	20.60	22.20	18.90	9.30	3.20	-2.90	8.46
1907	-5.40	-6.20	2.80	2.30	9.60	18.20	20.50	19.30	15.30	7.40	2.30	-2.10	6.93
1908	-3.90	-6.10	0.90	6.50	13.90	19.20	22.00	19.80	19.30	11.00	3.80	-2.80	8.69
1909	-3.40	-3.30	-0.70	5.20	12.40	18.70	20.90	21.30	15.10	7.60	6.10	-5.20	8.09
1910	-5.00	-5.90	6.40	9.30	10.80	18.60	22.40	20.60	15.80	11.40	0.90	-4.60	8.34
1911	-3.60	-2.40	1.00	6.90	17.30	20.50	22.40	20.00	16.10	9.00	1.00	-0.50	8.63
1912	-12.10	-8.60	-4.80	7.30	14.00	17.30	20.70	18.50	16.90	10.30	3.80	-0.50	6.90
1913	-3.00	-7.00	-0.50	8.20	13.20	20.10	21.80	21.60	16.40	10.10	5.70	0.80	8.84
1914	-2.60	-9.90	-0.90	6.70	14.70	18.90	22.30	20.80	16.10	12.70	3.30	-5.00	8.57
1915	-5.70	-1.40	-1.20	11.20	10.90	16.50	19.90	17.50	17.10	10.70	4.40	-3.70	7.91
1916	-2.70	-7.00	-2.70	7.30	13.40	16.00	25.10	21.80	15.40	9.70	3.40	-4.60	8.00
1917	-6.00	-9.00	0.80	5.30	10.00	16.10	21.10	19.40	14.80	5.20	2.50	-7.00	6.30
1918	-11.70	-6.20	2.70	5.80	15.70	18.10	21.10	22.50	12.50	11.20	4.80	0.50	7.46
1919	-2.00	-2.80	1.00	6.70	12.70	22.50	23.40	20.10	17.60	11.70	2.00	-6.80	9.45
1920	-9.80	-6.90	1.40	4.20	13.00	19.80	19.60	20.20	17.90	14.00	2.50	-0.90	7.43
1921	-1.70	-2.00	4.10	10.50	15.90	22.10	25.70	20.50	19.00	10.20	1.70	-1.90	10.43
1922	-5.60	-3.40	1.70	8.00	16.90	20.00	20.90	20.90	17.50	10.80	4.90	-3.30	9.22
1923	-4.10	-7.80	-2.70	6.30	12.90	21.20	22.10	19.20	16.30	8.90	3.80	1.70	7.73
1924	-7.40	-5.30	-0.80	6.70	9.50	17.50	19.60	19.10	13.70	12.70	3.40	-5.90	7.53
1925	-6.40	-2.80	1.40	10.00	11.10	20.30	20.60	21.00	18.00	5.10	1.80	-3.90	7.85
1926	-4.60	-4.30	-3.40	3.70	13.40	15.80	21.40	20.80	15.20	8.70	2.00	-4.90	7.07
1927	-5.80	-1.50	3.30	7.00	12.30	16.90	20.80	17.70	18.60	12.10	4.40	-3.20	8.41
1928	-4.30	-3.80	-0.20	5.20	13.40	15.60	21.60	20.80	14.30	11.30	3.90	-1.20	7.88
1929	-8.30	-7.30	3.20	8.20	11.70	17.20	21.60	19.10	16.20	8.70	0.80	-3.80	7.49
1930	-6.90	-0.50	-0.10	7.70	14.40	19.40	22.10	21.80	17.40	8.90	4.70	-2.90	8.76
1931	-2.80	-0.90	-0.10	8.20	12.30	20.80	23.30	21.40	19.60	12.20	7.70	1.10	9.90
1932	0.20	-1.10	-3.00	6.20	14.20	20.40	21.80	21.70	16.10	9.90	1.50	-2.40	9.08
1933	0.10	-5.00	-0.40	7.20	14.40	22.30	23.20	20.20	19.00	9.00	0.70	-3.20	9.03
1934	-1.60	-10.00	-2.70	5.80	16.60	21.90	23.90	20.00	16.80	10.30	5.80	-4.10	8.63
1935	-5.00	-4.60	2.40	6.20	10.80	17.20	23.70	21.30	15.80	10.10	3.00	-4.30	8.07
1936	-6.90	-10.40	1.90	4.70	16.10	18.60	24.20	22.30	17.80	9.10	1.20	-0.80	7.86
1937	-2.90	-3.70	-1.40	6.70	14.40	18.70	22.50	23.40	16.30	8.40	2.30	-4.00	8.66
1938	-5.60	-1.80	4.60	8.00	13.80	18.80	22.00	22.60	15.50	12.70	5.10	-1.90	9.31
1939	-2.90	-3.70	0.20	5.70	15.80	20.20	22.40	21.40	17.90	10.60	3.50	0.10	9.10
1940	-7.70	-3.70	-2.80	5.80	12.20	19.10	22.40	20.40	16.30	10.70	2.20	-1.10	7.92
1941	-3.10	-5.10	-2.10	10.90	15.60	20.60	22.60	21.10	18.40	11.40	4.90	1.10	9.51
1942	-4.60	-6.10	2.30	11.00	14.40	19.80	21.80	20.70	15.70	10.40	4.00	-4.10	9.21
1943	-6.80	-3.60	-1.20	5.20	12.40	20.90	22.50	21.20	14.90	9.50	2.00	-3.20	7.74
1944	-1.50	-2.90	-1.60	5.90	16.30	20.50	22.10	22.40	17.50	10.10	4.70	-4.50	9.19
1945	-7.60	-3.20	8.10	8.90	10.90	17.30	20.50	20.40	15.70	8.80	3.80	-5.20	8.26
1946	-4.00	-4.70	6.40	8.10	12.30	18.70	21.90	19.30	17.20	12.90	5.20	-1.40	9.01
1947	-3.00	-6.50	-1.80	6.40	10.70	17.50	20.40	25.10	17.50	14.90	1.80	-2.30	8.47
1948	-8.30	-4.80	0.10	9.80	11.80	18.40	22.10	21.60	18.50	9.10	5.60	-1.80	8.47
1949	-2.30	-2.80	0.80	7.60	14.90	21.70	23.60	21.60	14.20	12.10	2.70	-1.00	9.36
1950	-2.10	-4.60	-2.10	3.80	14.20	18.50	20.10	19.10	15.60	12.50	1.00	-4.90	7.92
1951	-4.50	-3.30	0.80	6.70	15.00	18.10	20.90	19.20	15.10	11.10	-0.80	-3.40	7.78
1952	-3.40	-2.00	-0.10	8.50	13.10	20.80	22.60	20.30	16.80	7.00	4.30	-0.50	8.71
1953	-2.80	-1.60	2.00	5.80	14.60	20.80	22.40	21.80	16.70	12.50	5.60	-0.20	9.78
1954	-4.90	0.20	-0.80	9.10	11.80	21.00	20.90	20.00	17.20	10.70	4.40	-2.20	9.12
1955	-4.50	-3.80	0.40	11.50	15.20	18.90	24.90	23.70	16.70	12.10	1.50	-3.90	9.53
1956	-4.90	-5.00	-1.70	6.10	12.50	20.20	20.00	20.10	14.70	12.60	3.60	-0.70	7.86
1957	-7.50	-2.80	0.90	7.80	12.70	19.10	21.70	19.80	14.70	8.50	2.90	-1.00	8.09
1958	-5.50	-7.10	1.00	8.00	13.30	16.10	20.10	20.50	15.80	10.90	4.20	-7.00	8.03
1959	-8.60	-6.00	-0.90	6.90	16.50	20.30	21.50	23.60	18.00	8.80	0.20	-0.10	7.77
1960	-3.50	-4.80	-5.10	8.80	13.10	17.60	20.10	20.80	18.10	10.20	4.80	-5.20	8.33
1961	-6.80	-2.20	2.60	5.10	11.80	18.20	21.30	20.50	18.80	11.00	3.90	-3.10	8.25
1962	-7.60	-6.30	-0.20	7.20	16.70	19.60	20.20	21.00	15.30	11.30	3.60	-4.70	8.14
1963	-9.50	-8.90	1.40	8.20	12.50	20.10	21.80	19.10	15.70	14.40	6.30	-6.50	8.03
1964	-3.00	-4.50	0.90	8.50	16.10	20.00	22.30	19.10	15.80	7.90	4.90	-3.90	8.46
1965	-5.80	-5.10	-3.80	5.50	16.30	18.30	20.60	19.40	16.30	9.50	3.90	0.30	7.60
1966	-7.70	-4.20	2.30	6.00	10.60	20.20	22.60	19.80	15.80	10.20	5.10	-2.10	8.42
1967	-2.40	-6.90	0.70	7.50	10.60	20.20	19.80	18.40	15.20	9.40	0.90	-1.70	7.61
1968	-6.60	-6.40	2.80	8.80	11.70	18.80	20.50	20.90	17.10	10.50	2.80	-4.80	8.27
1969	-6.80	-4.80	-2.00	7.50	12.70	16.10	21.30	21.80	16.40	8.30	0.30	-4.40	7.17
1970	-8.90	-5.90	-2.30	7.70	14.70	18.80	21.80	20.70	16.00	10.70	3.00	-3.90	7.66
1971	-8.10	-4.80	-2.10	6.20	11.80	21.20	20.30	19.90	18.30	14.20	2.90	-0.40	7.99
1972	-6.70	-6.00	-1.70	5.30	14.80	17.10	20.90	20.00	16.30	7.40	1.80	-3.40	7.40
1973	-3.00	-5.60	5.10	7.80	11.70	20.60	22.00	22.20	17.00	12.40	4.00	-3.60	9.23
1974	-3.90	-6.50	0.50	8.00	11.40	16.80	21.30	19.20	13.10	7.90	2.70	-2.40	7.24
1975	-4.20	-4.70	-2.20	3.90	15.50	19.40	21.00	21.00	13.50	11.30	6.70	-3.10	8.23
1976	-7.70	-1.00	2.90	8.60	11.80	20.40	22.10	20.10	15.30	7.20	-0.70	-7.60	7.99
1977	-11.20	-5.60	4.00	10.80	18.40	17.70	22.90	19.50	16.80	8.80	3.80	-3.80	8.19
1978	-7.50	-10.20	-2.70	7.00	15.10	18.90	20.90	19.70	17.20	8.00	2.70	-3.40	7.11
1979	-8.70	-9.90	2.30	6.50	13.90	19.40	21.30	19.90	17.00	10.40	4.30	0.10	7.75
1980	-4.30	-5.60	-0.10	7.90	15.10	17.60	22.20	22.10	16.70	7.30	2.70	-4.20	8.47
1981	-6.50	-1.30	1.30	8.30	12.80	19.90	21.90	21.10	15.70	8.60	4.00	-2.20	8.47
1982	-8.40	-5.80	0.10	5.20	18.20	16.90	22.60	20.20	16.40	11.80	4.70	2.20	8.31
1983	-2.70	-0.90	2.50	5.70	11.40	19.60	23.50	22.10	16.70	10.20	4.70	-7.30	9.58
1984	-8.50	0.90	-1.90	8.30	11.80	21.00	21.00	22.60	15.60	12.20	4.40	-0.10	8.34
1985	-7.70	-6.10	2.10	10.70	15.60	17.50	21.30	19.50	17.30	10.10	3.40	-5.60	8.63
1986	-5.40	-5.50	2.40	9.60	14.60	17.80	22.30	18.70	16.90	9.90	1.50	-1.40	8.10
1987	-3.90	-1.40	2.70	9.90	16.70	21.60	23.20	20.50	16.50	7.00	4.80	-0.50	9.68
1988	-6.50	-6.50	1.00	8.20	15.90	20.10	23.50	22.80	16.10	6.60	4.60	-2.80	8.78
1989	-1.10	-7.10	-0.40	6.40	13.00	18.60	22.00	20.00	15.00	10.40	1.80	-8.30	7.98
1990	-0.10	-2.30	2.70	8.60	12.70	19.40	21.20	20.40	17.00	9.80	6.20	-1.20	8.94
1991	-5.60	-1.70	3.20	10.30	18.00	21.70	22.30	21.30	15.50	11.00	2.00	-1.60	9.73
1992	-2.60	-1.10	0.80	6.60	14.00	17.80	19.50	18.30	15.30	8.90	3.40	-0.90	8.28
1993	-3.50	-5.80	0.10	6.60	14.50	18.30	22.50	21.80	13.50	8.80	3.10	-2.50	8.25
1994	-9.80	-7.20	1.10	8.70	13.30	20.20	21.60	19.10	17.70	10.80	5.80	0.70	8.23
1995	-3.20	-4.90	2.70	5.80	13.50	21.00	22.40	23.80	14.90	10.80	-0.10	-4.60	8.95
1996	-6.00	-4.30	-2.40	6.10	13.00	19.60	19.90	22.10	16.90	9.90	0.50	-2.00	7.56
1997	-6.00	-2.90	1.30	6.60	9.90	19.90	21.30	18.80	16.10	9.90	1.90	-0.70	7.90
1998	-1.50	1.00	2.10	9.10	17.70	19.70	22.10	22.20	18.80	11.30	5.80	0.90	10.63
1999	-6.10	-0.30	0.60	9.20	16.10	20.90	23.60	20.00	17.00	9.80	6.40	-1.10	9.84
2000	-4.80	-0.60	5.60	7.80	15.30	18.90	20.30	20.90	15.90	12.30	3.10	-7.20	9.47
2001	-3.70	-3.40	0.30	10.00	15.30	19.20	21.70	22.00	15.30	10.30	8.40	1.10	9.02
2002	-0.80	-0.90	-0.60	8.30	11.40	20.90	23.90	21.40	18.60	8.40	2.30	-2.20	9.50
2003	-7.00	-6.70	0.60	7.80	12.80	18.10	21.10	21.70	16.40	9.20	5.00	0.00	8.07
2004	-7.20	-3.60	4.20	10.00	15.30	19.20	21.40	18.90	18.50	10.20	4.60	-2.40	9.29
2005	-5.80	-2.20	-1.30	10.20	12.50	22.70	22.60	22.20	19.10	11.40	4.60	-3.50	9.47
2006	0.70	-3.20	2.40	10.30	14.50	19.80	23.70	21.60	15.50	8.40	5.10	1.80	9.61
2007	-2.70	-7.40	4.30	7.20	16.90	21.30	22.30	22.8	18.9	14.4	3.8	-1.5	10.30
2008	-3.1	-5.5	0.3	10.3	12.9	20.5	22.2	21.4	18.1	9.8	3.8	-3.2	9.10
2009	-8.2	-2.5	2.9	8.5	14.6	19.7	19.4	20.4	17.5	9.0	6.7	-2.1	8.73
2010	-3.8	-2.6	5.1	12.0	16.5	20.7	24.2	23.8	17.1	12.0	5.5	-2.5	10.70
2011	-5.8	-3.5	1.0	8.1	15.6	20.0	25.0	22.1	16.6	11.4	6.5	1.7	9.54
2012	-1.2	0.0	10.4	9.1	17.3	21.6	26.2	21.6	17.2	10.5	4.5