1947	99	99	99	99	99	99	99	99	99	99	99	9.30	99
1948	3.50	10.00	14.90	19.90	22.60	27.10	28.50	26.80	22.50	17.30	13.40	10.70	17.98
1949	11.50	11.70	13.40	17.20	23.30	26.10	27.30	26.80	23.50	20.50	12.30	10.70	18.69
1950	14.80	12.50	12.20	15.80	23.80	25.90	26.00	26.10	23.30	19.90	10.70	6.40	18.47
1951	9.00	10.50	14.40	16.60	22.80	26.70	28.20	29.40	25.20	19.90	10.30	11.10	18.28
1952	12.40	12.00	12.60	16.20	22.20	28.70	28.90	28.40	23.30	14.50	11.50	8.80	18.48
1953	10.80	10.10	16.60	16.70	23.70	28.80	27.60	27.20	24.70	19.60	12.10	7.50	18.89
1954	9.50	12.40	13.10	21.10	19.60	27.50	28.90	29.70	26.00	19.40	11.90	8.90	18.88
1955	7.60	9.70	15.30	20.10	24.20	23.90	26.70	26.50	25.50	17.30	11.60	9.00	18.11
1956	6.70	12.40	12.80	16.70	23.50	24.60	27.50	26.90	23.20	19.10	11.50	13.10	17.82
1957	9.50	14.00	12.20	18.60	22.60	26.20	27.30	26.60	22.70	16.10	13.00	10.00	18.49
1958	5.40	4.50	10.40	17.90	22.10	25.90	27.20	26.30	25.00	17.50	13.60	6.70	17.15
1959	6.20	10.30	12.40	17.00	23.70	25.40	26.90	27.30	24.50	20.00	10.70	9.10	17.59
1960	7.30	6.20	8.40	18.70	20.90	26.50	28.70	26.70	24.40	19.10	13.00	6.80	17.42
1961	4.60	11.40	15.60	15.90	21.10	24.00	26.00	26.00	24.20	17.60	12.90	8.80	17.18
1962	5.80	13.80	11.20	16.80	23.90	25.60	28.90	28.30	25.00	20.00	11.80	7.90	18.32
1963	4.50	6.20	16.20	19.90	23.40	26.90	27.10	27.50	23.70	21.00	13.40	3.50	18.14
1964	7.20	6.70	13.30	19.90	23.50	26.90	27.20	27.40	24.90	16.70	15.00	10.10	17.68
1965	9.00	8.20	9.90	19.70	23.10	25.20	27.30	26.20	24.40	16.80	15.40	9.50	17.94
1966	4.70	7.70	12.40	18.00	21.40	24.30	27.80	25.50	23.40	16.00	13.30	7.90	17.00
1967	7.80	6.60	15.60	20.50	20.70	25.50	25.00	24.80	20.80	16.10	11.30	9.90	16.88
1968	6.10	4.20	12.00	18.60	21.60	26.20	26.90	27.00	22.80	18.80	11.30	7.40	17.12
1969	8.70	8.70	9.40	18.20	22.20	26.60	28.40	26.30	23.80	18.80	11.10	8.30	17.47
1970	5.00	7.90	12.10	20.00	22.60	26.10	27.00	27.50	26.60	18.10	11.50	11.40	17.72
1971	9.20	9.40	11.20	16.70	19.80	26.50	27.20	26.80	25.60	21.10	12.50	14.30	18.12
1972	10.80	10.60	14.80	19.10	22.10	26.30	26.80	28.10	27.40	19.90	11.00	10.00	19.27
1973	6.70	8.20	16.60	16.80	21.60	27.30	28.60	26.60	25.20	20.30	16.40	9.50	18.69
1974	12.80	10.00	16.80	17.20	23.10	23.70	26.80	26.20	22.20	17.70	13.10	10.10	18.26
1975	10.90	11.50	13.70	17.40	23.30	25.60	27.20	26.90	22.30	18.90	13.60	8.50	18.45
1976	6.70	13.60	15.50	18.50	19.90	24.70	27.00	26.70	23.70	15.40	8.40	7.10	17.38
1977	1.70	9.50	15.30	19.00	24.10	27.50	28.10	27.70	25.70	16.60	13.80	8.50	18.01
1978	2.40	4.20	11.30	18.50	22.10	26.60	28.50	27.70	25.70	17.50	15.60	9.20	17.38
1979	3.40	7.70	14.00	18.10	21.20	24.70	26.70	26.40	23.10	17.80	10.40	7.80	16.89
1980	8.50	7.40	12.30	16.40	22.60	27.00	29.80	29.20	27.90	16.20	11.70	7.80	18.07
1981	5.40	9.20	12.70	21.60	21.00	27.60	28.60	28.00	22.80	18.50	14.70	8.00	18.16
1982	8.40	9.30	16.70	17.60	23.60	26.30	27.90	27.60	23.30	18.30	13.50	11.50	18.38
1983	6.40	8.40	12.10	15.60	21.40	24.70	28.20	28.10	23.30	18.70	12.80	5.40	17.60
1984	4.30	9.70	13.50	17.60	21.50	26.00	26.90	26.50	23.60	21.70	11.90	14.50	17.38
1985	3.20	7.00	16.20	18.40	22.20	25.90	26.90	26.70	23.20	19.90	16.80	5.80	18.41
1986	7.30	11.40	13.80	17.70	22.60	26.80	28.40	26.90	26.40	18.90	15.50	8.00	18.46
1987	6.70	10.60	13.10	16.70	24.30	26.00	27.70	28.20	23.90	15.50	13.60	11.10	17.86
1988	5.30	8.50	13.10	18.00	21.50	26.50	28.00	28.00	25.40	16.30	15.10	9.50	18.07
1989	11.30	8.90	14.80	17.20	22.10	25.70	26.90	27.00	23.30	17.70	13.90	4.60	18.19
1990	10.50	12.10	15.50	17.50	22.00	27.30	27.40	27.90	25.70	17.50	14.40	10.90	18.53
1991	8.00	10.80	15.10	19.90	24.10	26.50	28.30	27.40	24.40	19.50	11.30	11.10	18.85
1992	7.60	12.00	14.20	17.80	21.70	25.30	27.80	25.50	24.20	18.30	11.50	10.10	18.08
1993	10.00	9.60	12.50	16.10	21.70	27.20	28.00	28.30	24.30	16.80	11.20	7.70	17.98
1994	5.50	9.70	13.20	19.00	21.40	26.30	26.10	26.20	23.30	18.90	14.50	10.00	17.65
1995	8.40	9.70	14.80	18.40	23.10	24.50	28.10	28.60	24.20	17.80	11.10	8.90	18.22
1996	7.50	9.70	11.10	16.40	24.50	25.90	27.30	26.10	23.10	18.40	13.10	10.30	17.67
1997	7.80	10.90	16.40	15.60	21.10	25.00	28.10	26.40	25.00	18.40	10.60	7.00	17.97
1998	9.70	10.00	13.30	17.00	23.60	27.80	28.60	28.30	27.00	20.30	15.00	10.90	18.97
1999	11.10	12.30	12.50	20.80	22.00	26.40	27.80	28.90	23.90	18.40	13.40	9.20	19.03
2000	9.50	12.50	15.60	16.40	24.20	25.90	28.70	29.50	24.70	18.90	11.20	3.60	18.86
2001	5.30	12.00	11.20	20.00	22.50	25.00	27.50	27.00	23.40	16.70	15.30	11.10	17.46
2002	9.50	7.80	13.90	19.80	22.50	25.90	27.80	27.30	25.90	19.80	11.30	8.60	18.55
2003	5.00	8.60	13.90	18.40	23.40	25.60	27.00	27.80	23.60	18.70	15.00	7.50	17.97
2004	8.30	8.10	15.90	17.20	22.80	25.60	27.00	25.30	24.40	22.30	15.00	8.10	18.28
2005	10.60	11.20	12.80	17.20	21.30	26.00	28.10	28.30	25.70	18.30	13.90	7.30	18.46
2006	11.30	8.70	14.40	20.50	22.70	26.60	28.00	28.90	23.80	18.50	12.20	10.30	18.57
2007	8.50	8.90	16.50	16.70	23.00	27.30	26.60	29.6	25.6	19.9	13.9	12.0	18.90
2008	7.3	11.3	14.6	18.1	22.6	27.0	28.3	26.3	24.0	17.7	11.8	10.0	18.42
2009	8.7	11.3	14.7	17.8	23.0	27.6	27.2	26.7	25.1	17.4	12.9	7.5	18.53
2010	5.4	4.9	12.1	19.2	24.5	28.4	28.6	29.2	25.8	19.4	13.8	7.3	18.23
2011	6.6	10.4	15.0	20.4	22.2	28.6	29.1	29.7	23.1	16.8	13.8	9.9	18.58
2012	11.6	12.4	19.1	19.3	24.0	26.5	28.5	27.2	24.3	17.6	11.5