1895	-4.1	-3.1	7.9	16.7	18.6	22.3	22.9	24.0	23.7	11.1	5.0	-0.3	11.82				
1896	0.6	3.2	4.8	17.7	20.6	21.9	25.0	25.6	18.6	12.6	5.2	3.0	12.96				
1897	-2.3	1.1	6.5	13.0	16.8	23.3	26.3	24.0	24.3	17.2	5.8	-2.2	13.25				
1898	1.0	2.0	6.7	11.7	17.6	23.9	24.8	24.4	22.1	12.1	4.1	-3.2	12.35				
1899	-0.8	-8.3	2.1	12.0	19.1	23.4	24.1	26.5	20.2	17.0	9.8	-1.6	11.82				
1900	1.7	-4.2	4.2	14.5	19.0	22.6	24.4	26.7	21.5	16.6	5.6	1.5	12.58				
1901	0.9	-3.1	5.2	12.4	17.3	26.4	30.9	26.2	20.2	15.2	5.8	-2.7	13.24				
1902	-2.0	-6.2	7.1	12.4	20.6	21.3	25.1	24.6	17.0	14.8	9.5	-2.0	11.79				
1903	-0.9	-2.6	7.3	13.4	17.8	19.8	25.6	24.0	19.1	13.5	4.7	-1.3	11.64				
1904	-2.1	-1.2	6.5	9.9	17.1	21.7	23.9	23.4	21.6	14.0	7.3	-0.4	11.73				
1905	-5.7	-7.0	10.1	13.0	18.0	24.4	23.2	25.7	21.3	12.3	7.2	-0.3	11.84				
1906	0.9	0.9	0.2	15.7	19.0	22.5	23.9	25.4	22.3	12.4	4.5	1.7	12.28				
1907	0.9	0.6	11.8	9.5	14.4	21.8	26.0	25.2	20.4	13.0	5.2	1.8	12.54				
1908	1.0	2.1	9.0	13.5	17.7	22.0	25.0	25.0	21.7	12.7	7.6	1.9	13.26				
1909	-0.3	2.0	5.9	12.8	16.8	23.1	25.3	26.9	20.4	13.6	10.2	-6.4	13.22				
1910	-0.8	-1.9	13.2	13.4	15.1	21.3	26.1	24.7	20.3	14.9	4.8	-1.3	12.06				
1911	1.3	2.7	8.0	12.2	20.6	27.8	26.9	25.4	23.8	12.7	3.0	1.4	13.59				
1912	-8.1	-2.2	-0.2	14.2	20.4	20.9	26.6	25.5	19.9	15.5	7.1	1.3	11.75				
1913	-0.5	-2.6	3.3	14.5	18.6	23.8	27.9	30.1	20.9	12.0	10.7	2.7	13.33				
1914	2.8	-2.4	6.1	13.0	18.6	26.1	26.5	25.7	21.3	14.7	8.6	-4.8	13.64				
1915	-2.3	3.9	1.3	17.1	17.1	20.9	23.3	20.8	21.2	14.7	9.2	0.7	11.87				
1916	-2.1	-0.1	7.4	12.1	18.4	21.4	27.6	27.3	20.1	14.0	7.2	-2.0	12.83				
1917	1.2	-1.8	6.3	12.0	14.3	21.9	26.4	23.3	19.9	9.3	7.5	-4.8	11.53				
1918	-8.6	1.3	10.4	10.6	20.1	26.2	25.6	29.2	17.2	15.8	7.2	2.8	12.52				
1919	-1.4	0.6	99	12.3	16.8	23.5	27.1	25.1	21.9	13.0	5.2	-3.1	12.69				
1920	-1.2	1.8	7.0	9.4	17.0	22.4	24.9	22.3	20.5	16.0	4.8	1.8	11.82				
1921	3.4	4.6	10.1	13.6	18.8	24.1	26.4	24.6	22.9	14.5	6.9	1.1	14.31				
1922	-1.2	1.1	6.3	13.3	19.0	24.3	24.4	25.6	21.5	15.3	7.9	1.2	13.22				
1923	4.2	-1.2	4.1	13.1	16.6	22.7	25.4	25.3	20.7	12.0	7.9	3.7	12.67				
1924	-3.8	1.2	3.4	14.1	14.5	22.0	22.7	25.0	17.9	16.7	7.8	-4.1	12.10				
1925	-2.0	3.4	8.0	16.1	15.6	24.1	25.2	25.1	23.4	8.6	5.7	-0.7	12.43				
1926	0.4	3.8	4.2	9.4	19.5	21.2	25.9	25.8	19.7	13.7	4.1	-1.0	12.25				
1927	-0.7	4.9	6.8	14.5	17.1	20.5	23.7	21.5	21.5	16.1	7.1	-2.9	12.67				
1928	0.5	2.3	8.3	11.1	18.8	19.5	24.7	24.5	18.4	15.8	6.3	1.8	12.28				
1929	-5.1	-3.9	8.4	13.9	15.3	21.3	24.7	25.3	19.7	14.3	3.0	0.7	11.56				
1930	-7.4	7.7	6.5	16.0	17.2	22.1	27.1	26.3	22.7	13.1	7.7	1.0	13.31				
1931	2.6	5.4	4.1	12.8	15.7	25.1	27.4	24.3	25.4	16.5	10.5	5.2	14.23				
1932	1.1	5.7	3.0	14.2	18.6	23.8	26.1	25.6	20.2	12.5	3.3	-1.8	13.28				
1933	5.1	-0.8	6.3	12.9	17.7	25.8	26.7	24.3	23.7	13.5	7.4	2.6	13.40				
1934	1.8	0.8	4.5	13.5	20.3	27.3	30.5	28.4	18.4	16.5	8.7	-1.5	14.44				
1935	0.0	2.8	10.8	11.8	15.4	21.6	28.7	26.1	20.8	13.3	5.1	-0.7	12.91				
1936	-5.2	-7.4	9.2	12.0	20.0	24.4	30.1	29.8	22.3	12.6	5.1	2.5	12.68				
1937	-4.8	-1.7	3.6	11.9	18.5	22.9	25.9	27.3	21.0	13.0	3.0	-1.8	11.92				
1938	-0.5	2.9	10.1	12.6	17.0	22.7	26.5	27.9	22.2	18.2	6.3	1.5	13.68				
1939	4.0	-1.3	7.4	11.8	19.5	23.4	28.1	24.6	24.6	16.6	7.1	3.3	13.94				
1940	-10.9	0.1	5.8	12.4	16.9	22.5	26.9	24.6	21.1	18.6	5.0	3.1	12.19				
1941	1.0	0.6	4.4	15.4	20.5	22.9	26.4	26.6	21.2	15.6	7.2	3.6	13.74				
1942	-0.1	-0.1	6.1	15.1	16.8	22.1	25.6	23.8	18.9	14.2	7.9	-0.7	12.82				
1943	-2.0	3.7	3.3	14.0	16.4	23.5	26.5	26.7	19.2	13.6	5.5	-1.6	12.47				
1944	2.0	2.3	4.0	10.9	19.9	24.0	25.0	24.0	20.7	15.8	8.1	-2.6	12.93				
1945	-0.4	1.7	10.5	12.7	15.4	20.0	24.1	25.9	20.7	13.5	7.4	-4.2	12.41				
1946	0.9	4.9	12.5	15.7	15.5	23.0	26.2	24.0	19.8	16.2	7.4	3.6	13.49				
1947	1.0	-1.8	2.8	13.2	16.3	22.3	24.7	29.4	23.0	19.4	4.8	2.5	13.22				
1948	-3.4	0.2	5.0	16.7	17.9	22.9	25.1	25.3	22.3	14.5	7.5	2.2	13.04				
1949	-2.9	0.8	5.6	12.6	19.6	24.2	26.2	24.7	18.1	15.1	9.0	2.3	12.93				
1950	0.4	2.0	4.3	11.6	18.3	22.5	21.9	21.5	19.2	17.8	4.6	-0.3	12.20				
1951	0.2	1.7	4.3	10.9	18.4	20.8	24.2	24.6	18.4	14.3	3.6	-1.1	11.76				
1952	1.5	4.6	4.9	12.2	18.0	27.1	26.3	23.9	20.9	12.4	6.5	0.6	13.10				
1953	1.0	4.3	8.0	10.2	17.8	26.9	26.5	25.7	22.4	16.3	7.7	1.9	13.95				
1954	-0.8	7.2	6.2	16.3	15.6	24.6	30.0	26.5	23.5	14.3	8.1	99	14.45				
1955	-2.4	0.3	6.7	16.6	18.8	20.3	27.4	25.8	21.6	14.6	4.0	0.0	12.75				
1956	-0.8	0.9	8.3	12.4	20.6	23.4	25.3	26.6	22.6	18.5	6.1	1.5	13.66				
1957	-3.8	3.9	6.3	12.0	17.8	22.9	26.5	25.7	19.8	12.3	5.4	4.1	12.53				
1958	0.0	-2.6	2.3	12.9	18.9	99	99	25.2	20.8	15.1	9.5	-0.3	12.96				
1959	-2.9	0.9	7.9	13.4	19.7	23.6	23.9	26.4	21.6	12.9	3.5	3.2	12.55				
1960	-0.9	-0.9	-0.8	14.9	17.1	22.2	24.4	25.2	22.7	15.6	8.3	-0.4	12.58				
1961	-0.5	3.3	7.0	10.7	15.6	21.6	24.9	23.5	19.2	15.2	5.8	-3.2	12.16				
1962	-5.1	1.6	4.5	12.6	22.5	22.6	25.2	25.8	19.1	16.0	7.6	0.0	12.43				
1963	-5.6	-0.1	9.2	15.2	18.4	23.8	26.3	25.7	23.3	20.7	8.9	-4.9	13.82				
1964	2.3	1.4	5.1	14.7	20.0	22.1	25.9	23.3	20.3	13.7	8.5	-1.2	12.70				
1965	0.2	-0.2	0.7	14.4	20.5	22.4	24.6	24.2	20.4	14.8	9.6	5.9	12.53				
1966	-3.1	0.6	9.0	11.6	17.3	21.8	27.3	22.4	18.6	13.3	8.6	0.4	12.78				
1967	1.1	0.4	7.3	15.4	16.4	21.9	23.9	22.5	19.1	14.2	6.3	1.7	12.41				
1968	-2.0	0.4	9.2	14.2	16.3	23.9	25.1	24.1	20.6	15.3	5.5	-1.0	12.86				
1969	-2.4	1.2	3.2	13.7	18.7	21.0	26.5	24.5	20.9	12.7	7.4	-0.1	12.20				
1970	-3.6	2.1	4.7	12.9	19.9	22.1	26.1	26.8	21.1	13.2	5.7	2.8	12.57				
1971	-2.6	-0.6	5.7	99	99	24.8	24.1	24.0	21.4	17.5	99	2.4	13.27				
1972	-2.0	1.1	7.9	13.4	17.9	23.3	25.0	24.7	21.2	12.6	4.3	-1.6	12.65				
1973	-1.5	1.7	9.8	12.4	17.0	23.6	26.0	26.0	99	99	99	99	12.99				
1974	-2.7	2.4	8.7	15.4	19.4	21.1	27.6	23.3	17.6	14.7	7.2	0.6	12.91				
1975	0.7	-0.9	3.6	12.9	19.3	23.0	26.1	26.3	18.8	14.7	9.0	1.5	12.84				
1976	-1.6	7.1	8.7	14.9	15.7	21.8	25.9	25.6	20.9	11.0	2.2	-1.2	12.81				
1977	-8.0	2.5	9.2	16.0	20.7	24.0	26.5	24.6	21.7	14.0	6.1	-0.9	13.01				
1978	-7.3	-5.4	4.6	14.1	17.2	23.4	26.5	99	23.4	99	99	-0.6	11.28				
1979	-9.7	-5.8	5.7	12.0	18.0	22.6	24.6	24.0	20.6	15.9	5.3	2.3	11.05				
1980	-0.6	-2.1	4.8	12.7	18.3	24.6	30.6	27.7	22.2	13.7	7.5	2.0	13.47				
1981	0.2	2.5	8.5	17.6	16.3	24.3	26.4	23.8	20.7	13.8	8.5	-0.6	13.72				
1982	-6.2	-1.5	7.0	11.0	18.5	20.1	25.9	24.2	20.1	14.6	6.6	2.3	11.64				
1983	-0.2	2.9	6.4	8.4	16.1	22.6	27.5	29.1	21.9	14.8	7.7	-8.4	13.29				
1984	-2.1	4.8	3.0	11.4	16.3	24.0	24.7	26.1	20.3	14.0	6.5	1.8	11.72				
1985	-6.0	-1.7	9.1	14.8	18.5	20.9	25.9	22.5	19.4	13.8	3.3	-4.5	11.86				
1986	2.2	0.6	9.5	14.8	18.3	24.0	26.5	22.7	22.2	14.3	3.6	1.2	12.85				
1987	-1.0	4.6	8.8	14.4	20.9	23.9	25.8	25.1	19.9	12.2	8.0	1.3	13.65				
1988	-2.0	-1.4	6.7	13.2	99	25.0	25.0	25.7	20.7	11.4	7.1	2.5	12.57				
1989	3.0	-4.9	6.9	13.1	16.8	21.0	24.3	24.1	17.7	14.6	99	-6.0	12.03				
1990	4.5	3.4	7.7	11.7	15.8	24.0	25.0	24.7	22.2	13.6	10.7	-1.6	13.11				
1991	-3.8	5.7	9.9	15.0	20.5	25.1	27.1	25.7	20.1	14.8	3.6	3.0	13.51				
1992	2.3	4.8	8.1	12.0	17.1	21.0	23.7	21.2	19.1	14.3	99	0.6	12.71				
1993	-2.7	-1.3	4.6	10.3	17.3	22.1	99	99	17.0	99	99	0.6	99				
1994	-3.4	-1.1	8.4	13.3	17.9	23.9	24.0	23.7	19.3	15.0	8.5	2.6	12.51				
1995	-1.8	2.8	8.1	12.5	15.0	21.8	25.4	26.5	19.1	14.9	5.1	-0.3	12.67				
1996	-3.0	2.5	4.5	12.2	18.5	22.9	23.9	23.5	18.3	13.8	3.1	0.4	11.66				
1997	-2.7	1.9	8.6	10.2	15.6	22.1	25.4	23.8	21.1	14.5	4.8	0.7	12.14				
1998	0.6	4.7	4.0	12.3	21.3	22.8	25.4	25.0	23.2	14.8	9.2	2.2	13.67				
1999	-0.9	6.1	6.5	13.6	17.8	21.5	26.6	24.6	18.6	14.5	10.9	1.8	13.50				
2000	-0.5	4.1	7.8	11.7	19.1	21.1	24.2	27.3	20.7	15.7	3.5	-6.4	13.04				
2001	-1.5	-0.6	4.5	15.6	19.3	22.1	26.4	25.1	19.3	13.9	10.6	3.0	12.36				
2002	1.4	3.3	4.2	12.8	16.3	24.0	26.6	25.3	22.3	10.7	5.6	1.4	12.96				
2003	-2.5	-1.2	6.6	13.8	17.8	21.1	26.8	27.5	18.6	14.1	6.5	1.4	12.54				
2004	99	-0.2	8.5	13.5	19.1	21.6	23.7	21.8	20.8	14.5	8.1	1.6	12.64				
2005	-1.9	3.6	6.4	13.8	17.4	24.0	25.9	25.3	22.1	14.0	8.7	-1.5	13.41				
2006	4.4	0.6	7.4	15.7	18.1	23.6	26.5	26.3	18.4	12.4	7.7	2.4	13.30				
2007	-2.4	-3.7	10.0	9.4	19.1	22.1	23.9	26.4	20.4	14.1	6.1	-2.3	12.32				
2008	-3.4	-2.9	4.1	8.8	16.2	22.3	23.9	22.7	18.1	12.2	5.4	-2.6	10.43				
2009	-4.3	1.8	5.4	10.1	16.8	22.6	22.1	21.6	17.6	9.0	8.8	-2.8	10.74				
2010	-5.2	-4.1	5.3	14.2	16.4	24.4	25.2	24.8	19.6	99	99	99	11.30				
