1911	4.73	5.03	11.33	17.73	20.93	24.73	28.93	28.53	26.23	18.53	13.03	5.63	17.10
1912	4.73	8.63	8.63	18.23	23.23	27.63	29.43	28.03	23.13	17.93	10.13	4.53	17.00
1913	5.03	6.33	9.43	15.63	22.03	26.83	28.83	30.43	24.03	19.73	12.03	5.53	17.20
1914	8.83	8.23	12.33	16.83	20.73	26.43	30.73	28.43	23.43	19.53	99	7.83	99
1915	4.73	5.83	12.23	15.13	23.43	26.93	29.03	28.63	24.03	19.33	13.33	9.93	17.70
1916	5.43	5.43	9.43	17.03	22.23	26.53	28.23	29.33	24.13	17.93	11.63	5.43	16.90
1917	3.23	7.03	9.93	16.43	21.23	27.13	29.13	28.43	25.73	19.23	12.23	5.73	17.10
1918	4.93	5.83	10.23	17.53	21.63	25.73	28.43	27.93	25.33	20.53	12.93	5.43	17.20
1919	4.63	7.13	12.33	18.73	24.63	27.53	29.23	29.83	23.83	18.83	12.83	7.03	18.00
1920	6.53	2.43	9.33	16.93	23.43	25.53	30.03	28.83	25.03	19.83	14.63	7.53	17.50
1921	4.53	9.33	10.93	17.63	22.73	26.03	31.33	28.83	23.23	18.63	13.43	8.83	18.00
1922	3.23	7.53	11.23	17.53	22.83	27.53	29.83	29.53	25.43	19.93	13.03	8.13	18.00
1923	99	5.33	14.23	17.43	23.73	26.83	28.73	29.83	24.43	19.73	13.93	7.43	99
1924	5.93	6.33	9.23	18.43	21.23	25.33	28.73	30.03	25.53	20.03	13.33	8.43	17.70
1925	3.03	4.83	11.33	14.93	22.73	28.03	31.13	29.73	26.33	20.13	14.63	9.13	18.00
1926	6.93	5.73	12.53	17.93	24.33	24.63	29.33	31.03	26.63	18.53	13.33	6.63	18.10
1927	6.03	5.73	10.13	17.63	22.33	27.13	30.63	30.73	24.73	20.43	15.23	9.43	18.30
1928	5.13	7.83	12.33	19.63	24.63	27.43	31.73	28.83	26.13	19.13	13.33	6.33	18.50
1929	4.53	5.43	12.53	19.53	24.23	27.53	29.23	29.73	25.03	19.33	12.63	3.93	17.80
1930	0.33	9.23	12.23	17.43	23.93	26.63	31.53	29.63	23.93	19.13	13.63	8.23	18.00
1931	4.23	4.43	12.33	16.83	22.33	26.93	27.53	30.13	25.33	19.33	13.43	6.63	17.50
1932	6.93	4.83	12.93	18.33	22.73	25.43	30.43	28.93	24.03	18.83	13.93	6.83	17.80
1933	0.83	6.53	10.33	16.73	23.03	25.93	30.43	30.53	25.53	17.13	12.83	8.93	17.40
1934	3.53	7.23	11.33	15.13	24.53	25.83	31.43	30.73	25.73	17.13	12.13	7.33	17.70
1935	4.63	6.93	13.73	15.83	22.63	25.43	29.73	29.63	24.93	21.23	12.43	4.53	17.60
1936	4.13	5.83	8.43	17.03	21.53	27.13	29.73	28.93	25.63	20.73	14.23	6.63	17.50
1937	4.43	6.43	11.33	16.83	23.13	26.33	29.53	28.73	24.93	19.43	11.23	8.33	17.60
1938	3.83	7.53	10.83	20.43	24.23	25.63	29.83	29.33	24.13	21.03	99	99	99
1939	99	99	99	99	99	99	99	99	99	99	99	99	99
1940	6.13	6.03	10.73	17.63	22.23	26.03	30.83	28.73	24.63	19.73	13.63	9.33	18.00
1941	99	99	99	99	99	99	99	99	99	99	99	99	99
1942	99	99	99	99	99	99	99	99	99	99	99	99	99
1943	99	99	99	99	99	99	99	99	99	99	99	99	99
1944	99	99	99	99	99	99	99	99	99	99	99	99	99
1945	99	99	99	99	99	99	99	99	99	99	99	99	99
1946	99	99	99	19.43	21.53	26.63	28.13	28.83	26.13	19.63	14.13	5.23	99
1947	4.73	5.63	12.13	17.83	22.23	25.53	29.63	29.53	25.13	17.13	12.83	5.43	17.30
1948	6.03	6.83	10.53	18.33	20.33	26.43	28.23	29.03	24.63	18.43	11.63	7.73	17.30
1949	6.43	7.53	10.83	99	99	99	99	99	99	18.73	11.73	6.53	99
1950	7.23	5.63	10.93	16.93	21.83	25.33	29.53	27.53	22.13	17.93	11.53	6.03	16.90
1951	3.43	5.03	8.93	13.93	23.43	26.33	29.03	30.53	23.73	19.93	12.33	9.33	17.20
1952	6.33	4.13	9.03	18.63	22.03	26.53	29.03	27.23	24.83	17.13	13.13	5.43	17.00
1953	4.73	6.83	11.93	15.93	22.63	26.73	30.83	30.63	23.23	19.33	12.33	6.93	17.70
1954	4.53	6.73	9.83	16.53	21.53	25.03	27.93	28.43	25.83	18.03	14.43	2.93	16.80
1955	2.53	8.13	9.43	15.63	21.33	26.13	29.23	28.23	26.33	18.73	12.23	9.23	17.30
1956	3.03	6.13	9.53	17.63	19.83	28.33	30.73	28.13	25.03	19.03	11.53	5.63	17.00
1957	3.63	2.73	10.33	17.03	20.53	25.93	29.93	27.43	22.83	18.23	14.33	8.13	16.80
1958	4.33	6.43	11.83	18.93	19.53	26.63	29.83	27.53	24.13	16.23	11.83	9.03	17.20
1959	5.03	5.23	13.83	18.13	19.93	26.23	30.13	29.73	25.53	20.53	11.03	6.83	17.70
1960	4.83	9.33	11.73	15.23	19.73	26.93	29.73	28.23	25.53	17.73	12.13	6.63	17.30
1961	5.53	7.33	11.03	18.13	22.23	28.13	30.63	28.63	23.93	18.53	13.73	7.63	18.00
1962	4.93	9.73	11.63	15.43	20.93	25.03	30.53	28.73	24.63	18.23	11.33	8.43	17.50
1963	5.63	8.23	11.83	17.13	22.93	26.33	29.83	31.23	26.13	18.33	13.53	7.83	18.20
1964	5.13	1.23	11.53	19.63	22.03	24.93	29.93	29.43	25.63	19.33	13.13	6.43	17.40
1965	7.03	7.63	10.93	15.63	22.63	24.43	29.83	27.93	23.23	18.63	13.63	6.83	17.40
1966	6.33	9.33	12.63	16.23	21.43	25.13	28.83	29.93	23.73	18.93	13.13	4.53	17.50
1967	4.63	5.63	11.43	15.93	23.53	26.83	29.03	30.13	23.33	17.63	9.73	4.93	16.90
1968	5.13	4.73	11.93	17.33	21.63	25.43	28.33	28.43	25.13	17.43	14.33	9.53	17.40
1969	2.73	2.13	10.83	16.93	23.83	24.63	28.63	27.93	25.13	19.63	10.83	7.03	16.70
1970	3.73	7.83	8.13	15.63	22.23	24.43	27.83	29.43	23.23	19.03	11.53	7.73	16.70
1971	5.63	5.83	9.63	16.03	20.73	26.03	30.93	28.33	23.03	16.53	12.43	5.83	16.70
1972	4.83	2.13	12.73	15.53	22.03	26.93	28.43	29.03	22.63	17.13	13.13	6.93	16.80
1973	5.13	7.83	11.63	18.03	21.03	25.13	28.13	28.93	22.73	18.23	13.73	7.43	17.30
1974	3.33	5.13	11.33	19.13	22.73	25.33	27.93	27.83	25.03	17.93	12.83	5.43	17.00
1975	6.43	7.73	11.43	16.63	19.83	25.93	29.63	28.03	26.03	18.93	11.13	4.63	17.20
1976	4.83	7.53	9.03	15.93	22.43	25.13	27.63	28.73	23.53	19.03	9.83	7.23	16.70
1977	1.23	5.43	12.83	18.03	20.13	24.63	29.23	28.13	23.43	19.83	12.33	8.53	17.00
1978	5.93	6.03	10.73	17.03	22.23	25.43	30.23	29.83	24.93	18.23	12.03	8.43	17.60
1979	5.23	8.73	10.53	17.33	20.73	25.83	29.13	28.53	22.93	19.73	12.13	9.63	17.50
1980	4.63	5.63	8.43	16.03	22.83	26.33	28.43	26.23	22.93	19.13	14.73	8.03	16.90
1981	3.3	7.2	13	17.3	21	26.5	29.6	30.2	23.6	15.9	11	6.3	17.10
1982	6.1	5.3	10.8	16.6	23	23.6	29.41	27.6	22.2	19.7	13.2	6.1	17.00
1983	4.6	6.7	10.5	17.1	23	25.8	28.6	28.4	25.7	18.7	13.3	7.4	17.50
1984	2.5	4.5	10.7	16.4	21	26.6	29.3	28.4	23.1	17.5	13.1	4.1	16.40
1985	4.6	6	8	17.7	23.1	25.2	29.5	29.3	23.7	18.3	13.2	4.6	16.90
1986	5.6	6.4	10.8	16.9	23.4	25.6	28.2	28.1	23.7	17.2	11.4	7	17.00
1987	6.7	8.1	9.8	16.7	22	24.6	28.2	28.9	24.3	18.7	12.1	7	17.30
1988	4.6	4.9	8.9	17.2	22.5	26	30	27.6	22.8	18.3	12.6	7.7	16.90