1898	99	99	2.90	10.60	16.30	99	24.60	25.10	22.40	18.30	10.70	3.40	12.84
1899	0.80	2.70	6.80	12.20	17.50	21.50	25.30	25.10	21.90	14.80	8.00	3.00	13.33
1900	-3.80	0.80	4.30	10.30	16.40	19.50	24.20	25.00	22.50	15.70	8.40	1.90	12.19
1901	-1.20	-1.70	4.40	10.40	15.00	20.50	23.60	25.10	21.80	15.80	9.30	0.80	12.08
1902	1.60	1.50	5.70	9.80	15.40	19.70	23.20	24.00	21.20	18.20	11.80	2.70	12.74
1903	-0.60	1.50	5.40	11.00	15.60	20.50	23.50	25.00	21.50	14.90	7.70	2.40	12.39
1904	-2.00	2.50	4.60	9.60	15.00	21.30	23.40	25.50	22.30	15.20	8.90	2.20	12.39
1905	2.50	-1.50	3.80	8.90	15.30	19.60	23.10	24.50	21.10	16.00	8.50	2.70	12.00
1906	-0.50	-1.20	4.30	10.30	15.50	18.70	23.60	24.30	20.00	15.20	5.50	2.30	11.53
1907	1.20	-1.60	3.60	10.00	16.40	19.80	22.20	25.20	21.80	17.30	7.50	1.60	12.14
1908	-1.50	-1.60	2.90	8.70	15.20	20.10	22.70	25.30	21.00	16.50	8.00	3.40	11.58
1909	-1.40	0.20	3.00	10.50	15.90	19.20	23.40	25.30	21.40	15.60	9.10	1.00	12.13
1910	-2.00	-0.40	3.70	9.20	14.80	18.90	23.00	24.90	20.20	16.70	8.00	-0.90	11.50
1911	-1.40	-0.20	3.40	8.90	14.10	19.50	22.50	24.20	21.80	14.70	7.60	0.50	11.18
1912	-1.70	2.20	4.40	10.70	15.80	20.40	24.00	24.70	19.20	14.70	5.30	-0.50	11.68
1913	-1.30	-0.60	3.80	9.70	15.40	19.40	21.90	24.20	22.10	15.00	8.60	0.00	11.48
1914	1.00	1.80	5.70	9.30	16.50	21.30	99	99	99	99	99	99	99
1915	99	99	99	8.70	15.30	19.30	23.10	24.90	20.40	16.30	9.80	4.00	11.72
1916	0.80	0.50	3.10	9.30	15.20	19.20	22.90	24.50	20.30	15.50	8.70	0.80	12.00
1917	-4.60	-1.80	2.80	10.30	15.40	18.80	23.30	24.90	20.90	15.60	6.70	-1.60	11.09
1918	-2.90	0.40	4.90	10.10	14.70	19.30	23.20	25.20	21.90	16.50	7.00	0.80	11.56
1919	-2.00	0.80	4.90	10.50	15.70	20.10	24.40	26.70	21.40	15.80	8.80	1.00	12.33
1920	-1.00	-2.20	4.60	10.70	16.60	20.50	24.50	25.80	20.40	17.30	10.10	2.10	12.36
1921	-1.60	1.20	3.80	9.80	15.30	18.60	22.80	24.40	20.40	15.00	7.60	1.80	11.62
1922	-3.00	1.90	4.60	11.80	14.90	20.60	24.70	25.90	20.50	16.60	6.60	1.40	12.24
1923	-2.40	-1.50	4.70	8.40	15.20	19.20	22.50	25.30	20.90	15.20	8.10	2.00	11.42
1924	0.30	-0.10	2.90	9.50	15.80	20.20	23.10	25.30	22.30	15.40	6.60	1.40	11.94
1925	-1.40	-0.40	4.20	9.80	14.80	18.80	22.50	24.00	21.80	16.50	9.90	1.10	11.83
1926	0.90	0.30	5.80	10.70	15.40	19.90	23.20	25.70	21.30	14.10	9.80	-0.80	12.35
1927	-1.50	0.50	3.60	10.30	15.30	20.00	24.30	25.30	22.00	15.50	10.90	2.00	12.12
1928	-0.70	-0.10	4.60	10.80	15.80	20.70	24.40	24.80	20.80	15.20	8.20	0.90	12.21
1929	-1.70	-0.60	5.30	10.70	15.50	20.80	24.10	25.30	21.50	15.80	7.90	1.30	12.12
1930	-3.40	1.00	5.80	10.30	15.70	19.30	24.80	25.40	21.50	16.00	6.90	3.10	12.05
1931	-1.20	-1.00	5.10	9.20	14.60	20.70	22.20	24.80	21.60	14.90	9.30	1.30	11.94
1932	1.60	-1.60	4.00	9.80	15.60	19.80	24.60	25.90	21.60	15.50	9.70	3.00	12.32
1933	-3.90	0.10	2.60	9.90	16.00	19.60	25.40	25.10	21.80	15.50	8.70	2.80	11.98
1934	-3.40	0.40	3.90	9.10	16.90	20.30	25.10	25.40	21.50	14.80	9.20	4.00	12.17
1935	-0.80	2.60	7.40	11.60	17.00	20.90	24.80	26.50	22.50	17.90	8.10	-1.60	13.54
1936	-3.50	-2.10	1.00	9.40	14.80	19.40	22.80	24.30	21.70	17.10	9.70	2.10	11.08
1937	0.20	1.20	4.90	10.40	16.40	20.30	24.50	25.50	99	99	99	99	12.72
1938	99	0.30	5.50	13.10	16.40	19.90	24.30	25.90	21.50	17.40	8.60	2.10	12.98
1939	0.20	0.60	5.90	11.60	15.80	21.20	25.20	26.40	21.20	16.10	8.40	2.50	12.89
1940	-2.10	0.20	5.30	11.10	16.80	19.90	23.60	23.30	21.20	17.80	9.30	4.30	12.41
1941	1.20	0.90	6.80	11.20	16.80	20.10	23.50	25.70	22.30	16.70	10.00	4.10	13.29
1942	-0.80	-0.70	5.70	10.80	15.00	20.90	24.40	25.20	21.90	15.60	10.10	2.10	12.68
1943	-2.30	0.70	5.40	10.90	17.00	20.50	24.40	26.20	21.30	17.30	9.50	3.50	12.75
1944	0.50	0.70	5.00	11.30	16.30	21.30	25.40	25.00	22.50	16.30	9.40	-2.80	13.10
1945	-3.00	-1.70	3.50	11.20	15.40	20.20	22.60	25.80	22.40	16.20	11.40	2.40	11.77
1946	0.90	2.40	4.40	11.30	15.90	21.50	24.90	25.90	21.70	16.50	10.40	-0.20	13.18
1947	-1.20	-2.40	3.10	11.00	15.30	19.50	23.20	24.90	20.50	14.20	6.90	-0.30	11.23
1948	-1.30	1.10	3.80	11.60	16.10	20.50	23.90	25.70	21.50	15.30	7.30	4.00	12.10
1949	-0.30	1.70	5.10	10.50	16.90	20.20	23.10	23.90	21.20	16.40	9.60	1.70	12.69
1950	0.50	0.20	5.50	10.80	16.40	20.00	24.30	25.50	21.30	15.60	7.70	1.50	12.46
1951	-2.60	-0.50	4.30	9.90	16.30	20.90	24.00	25.60	20.40	16.90	7.70	3.60	12.03
1952	-0.20	-1.70	3.80	10.80	16.70	20.90	24.50	24.00	21.00	14.60	8.50	-1.00	12.21
1953	-2.60	-0.10	4.90	10.80	16.50	21.10	25.10	26.00	21.90	17.90	7.90	2.10	12.37
1954	0.00	0.30	3.70	10.00	15.10	19.50	22.40	24.80	21.00	14.20	10.30	-1.40	11.95
1955	-3.20	1.40	3.80	10.60	16.20	20.90	23.40	25.60	22.10	14.40	7.40	4.40	11.77
1956	-1.80	-1.10	2.90	10.40	14.80	19.60	24.20	24.40	21.30	14.50	5.90	-0.70	11.62
1957	-3.60	-3.30	2.30	9.80	16.10	19.70	23.10	24.00	19.40	14.80	9.90	1.90	10.96
1958	-2.40	0.00	4.30	10.50	15.60	21.20	25.40	24.40	20.70	13.50	7.00	4.20	11.84
1959	-2.20	1.70	6.20	10.70	16.90	20.60	25.30	26.50	21.10	16.00	7.00	1.30	12.83
1960	-1.40	2.40	6.00	10.80	16.30	20.60	24.60	24.90	21.80	14.60	7.80	-0.50	12.48
1961	-1.00	2.30	6.10	11.10	15.60	20.20	24.90	26.20	21.30	15.80	10.30	1.50	12.69
1962	-2.00	1.40	4.70	9.70	16.50	20.10	24.20	25.10	20.90	14.90	7.40	3.40	12.03
1963	-3.80	-0.80	5.10	9.40	14.20	19.50	23.00	24.80	21.10	15.10	9.20	1.80	11.68
1964	0.30	-3.80	4.50	10.20	16.40	19.80	25.00	25.20	20.60	15.30	8.30	2.30	11.97
1965	-0.20	1.40	4.70	9.50	16.70	20.60	23.90	23.50	21.40	17.40	9.70	0.90	12.58
1966	-0.90	2.10	5.30	10.10	16.50	20.50	24.60	26.80	19.90	15.50	9.20	-0.20	12.54
1967	-2.40	-0.30	5.50	11.00	17.00	20.40	25.00	27.30	20.40	15.60	7.30	-3.10	12.22
1968	-2.10	-3.40	5.20	11.10	15.40	20.20	24.10	25.00	21.10	13.70	9.40	4.40	11.38
1969	-3.10	-3.70	2.50	9.50	15.10	19.70	23.00	25.50	21.00	15.40	6.50	0.40	11.32
1970	-2.80	1.50	2.80	10.30	16.80	19.60	23.20	24.80	20.60	16.00	7.80	1.30	11.75
1971	-1.30	-0.90	2.90	10.00	16.10	19.60	25.30	24.60	21.20	15.30	10.00	0.80	12.01
1972	-0.70	-2.30	4.40	10.10	15.30	19.90	22.70	23.60	20.20	15.70	8.10	2.40	11.48
1973	0.50	1.30	6.10	11.60	16.30	20.00	24.50	26.20	20.90	15.00	8.40	1.40	12.77
1974	-0.90	-0.50	4.10	10.40	15.70	20.30	23.30	24.50	21.90	14.50	8.60	0.50	11.94
1975	0.20	0.70	5.40	11.30	15.70	20.40	24.00	25.70	22.90	15.80	9.10	1.10	12.64
1976	-0.50	2.00	4.70	9.60	15.40	19.00	21.00	23.90	20.90	15.70	6.10	2.00	11.58
1977	-3.80	-0.40	6.00	11.00	14.30	19.40	25.10	24.40	21.50	17.90	8.60	4.40	12.17
1978	0.10	0.10	4.80	11.70	16.90	22.00	25.60	26.40	21.70	15.70	8.50	2.90	13.16
1979	0.90	2.00	5.40	9.80	16.30	20.20	23.50	26.20	20.70	16.90	7.90	3.10	12.73
1980	-1.30	-0.70	4.30	9.00	14.60	19.90	23.30	24.00	20.90	14.90	11.30	0.60	11.94
1981	-2.90	0.10	6.10	12.00	17.30	20.20	25.50	25.70	21.50	14.60	6.30	1.70	12.25
1982	-1.10	1.20	5.40	11.00	17.50	20.60	23.60	25.10	21.60	17.40	8.90	2.20	12.74
1983	0.30	0.10	4.90	11.70	15.70	20.90	23.90	25.50	23.00	15.50	9.40	2.20	12.76
1984	-1.90	-1.10	4.00	9.60	16.00	19.30	23.90	25.50	20.80	16.40	10.20	0.30	12.08
1985	-1.60	-0.10	3.40	11.10	15.30	19.30	24.30	25.40	20.40	16.90	7.80	-0.60	11.88
1986	-1.00	-0.30	5.10	10.80	16.70	20.40	22.90	24.30	21.10	14.30	7.70	1.90	11.78
1987	-0.20	1.00	4.10	8.80	15.00	19.60	23.60	25.30	21.40	16.80	8.60	2.90	12.16
1988	0.00	0.20	4.10	10.70	16.10	20.50	24.80	25.20	22.10	16.60	9.20	2.20	12.70
1989	0.60	2.00	6.10	13.00	16.90	19.80	23.40	25.00	21.80	16.60	7.60	3.20	12.92
1990	-1.50	1.60	6.80	10.80	15.70	20.30	24.30	26.00	22.00	17.00	11.40	2.80	13.13
1991	0.50	1.50	99	10.50	99	20.40	24.20	99	22.00	99	9.30	99	12.99
1992	99	2.30	99	12.00	99	19.50	25.30	99	21.70	99	8.30	99	99
1993	99	2.40	99	10.60	99	99	99	24.50	99	99	99	99	99
1994	0.90	99	99	12.40	17.40	99	26.10	26.70	22.30	16.50	10.40	99	13.82
1995	0.60	99	6.20	10.40	16.20	20.50	24.00	25.90	99	99	99	1.80	99
1996	-0.10	0.50	4.70	99	17.10	20.70	23.20	99	22.20	15.10	7.20	3.90	12.38
1997	-1.10	1.80	6.70	11.90	17.60	22.30	25.80	99	21.20	16.60	9.30	3.30	13.59
1998	-0.20	3.00	6.10	11.50	16.10	19.40	25.60	25.40	23.50	99	11.10	4.10	13.58
1999	2.10	3.80	6.40	11.90	17.50	20.80	24.70	24.70	23.00	16.50	9.60	99	13.76
2000	-1.20	0.30	6.90	12.20	16.40	21.40	25.40	26.10	22.60	16.10	8.20	4.20	13.00
2001	-0.40	2.00	6.10	11.30	17.90	21.20	25.00	25.40	22.10	17.20	99	1.10	13.47
2002	2.70	4.80	8.00	12.30	16.70	20.70	25.30	25.20	22.50	15.00	7.50	1.90	13.48
2003	-0.80	2.20	99	11.60	16.30	20.50	22.10	24.10	21.60	16.00	8.70	2.70	12.47
2004	99	3.70	6.50	11.90	17.10	21.30	24.80	24.90	22.50	16.80	10.20	3.80	13.63
2005	-0.70	-0.90	4.70	12.50	16.50	22.30	25.20	24.30	21.50	16.40	11.50	0.40	13.09
2006	1.10	0.70	6.30	11.40	16.80	20.30	24.40	26.30	21.80	19.50	11.20	2.80	13.35
2007	0.90	5.00	7.00	12.30	18.50	20.60	24.00	25.6	22.3	16.1	9.5	3.6	13.72
2008	-1.1	0.5	7.0	11.5	16.0	19.4	24.3	25.1	21.7	17.4	9.7	3.0	12.93
2009	-0.2	3.5	6.1	11.7	18.2	21.6	23.8	25.1	22.0	18.3	6.3	1.5	13.28
2010	-1.4	1.2	3.8	9.1	16.6	20.7	25.3	25.7	22.5	16.2	10.7	3.1	12.66
2011	-2.9	1.6	6.0	11.4	17.5	20.0	23.8	25.0	21.2	16.3	11.3	1.8	12.86
2012	-0.3	0.3	4.7	11.5	17.8	20.6	24.9	25.5	21.8	17.3