1916	7.80	10.10	13.40	15.40	18.60	20.30	19.80	20.30	19.90	16.40	13.60	9.00	15.40
1917	7.20	8.40	12.00	13.90	18.00	19.40	19.70	20.20	19.20	16.90	14.20	8.00	14.84
1918	7.40	9.00	12.30	14.00	17.60	18.90	19.80	19.60	19.90	17.00	11.80	9.50	14.61
1919	8.90	9.70	13.90	15.80	18.60	20.50	19.40	20.90	18.20	16.60	13.40	9.10	15.45
1920	9.10	9.10	13.00	14.70	17.10	19.60	20.60	19.60	19.60	16.70	11.90	9.70	15.01
1921	8.10	8.90	13.30	16.00	18.60	19.60	19.80	20.50	19.70	15.30	12.50	8.70	15.17
1922	8.80	9.60	12.90	15.90	18.30	19.90	20.00	20.30	19.90	16.90	12.60	9.60	15.32
1923	8.90	10.00	13.30	15.00	17.60	19.60	19.50	20.50	19.40	15.70	13.10	9.60	15.18
1924	8.10	9.20	13.80	16.30	17.80	20.00	20.10	20.00	19.20	17.60	14.00	9.10	15.47
1925	8.00	9.10	12.70	15.40	17.00	19.80	19.60	19.90	19.20	15.40	11.80	8.80	14.75
1926	8.60	8.90	11.90	14.30	17.30	19.70	19.80	20.50	20.10	17.40	12.60	10.80	14.99
1927	8.00	9.00	11.40	14.60	17.90	19.80	20.40	20.40	18.60	16.20	12.10	9.50	14.93
1928	9.40	10.70	13.00	16.40	18.30	18.90	19.90	20.30	19.50	16.10	11.10	9.90	15.26
1929	9.20	9.20	13.40	15.40	17.70	19.90	20.50	20.40	19.60	17.40	12.20	9.40	15.40
1930	7.50	9.60	12.50	15.50	18.10	19.40	21.00	19.90	19.60	16.60	13.70	9.30	15.23
1931	8.10	10.80	12.90	16.80	17.90	19.20	19.30	20.80	19.60	17.60	11.50	10.00	15.32
1932	8.80	7.80	12.50	15.90	18.50	19.90	20.20	20.10	19.90	17.50	13.80	9.70	15.41
1933	9.20	10.30	13.70	15.40	17.90	19.80	20.20	20.20	19.80	17.50	12.20	8.40	15.49
1934	8.30	9.50	12.70	16.50	17.70	19.20	20.60	20.30	20.30	17.10	11.90	8.40	15.21
1935	7.00	9.40	14.00	15.80	19.20	19.00	20.60	18.70	19.40	16.60	12.50	8.50	15.05
1936	7.00	8.40	12.90	15.70	17.70	19.80	20.00	19.70	19.10	15.40	12.80	9.20	14.75
1937	7.00	10.10	12.70	16.90	17.90	19.20	20.10	19.90	19.90	17.00	12.20	10.10	15.18
1938	8.70	9.60	13.40	16.90	17.80	19.50	18.90	20.00	19.50	16.70	11.30	9.50	15.20
1939	8.00	10.00	13.00	16.60	18.70	19.20	19.70	20.30	19.30	16.40	12.80	8.90	15.29
1940	6.60	10.50	11.60	16.80	17.60	19.80	99	20.40	18.90	16.60	99	9.40	14.99
1941	7.30	9.40	13.80	16.80	18.50	19.10	19.90	20.50	18.70	99	11.80	99	15.11
1942	99	99	99	99	99	99	99	99	99	99	99	99	99
1943	99	99	99	99	99	99	99	99	99	99	99	99	99
1944	99	99	99	99	99	99	99	99	99	99	99	99	99
1945	99	99	99	99	99	99	99	99	99	99	99	99	99
1946	99	99	99	99	99	99	99	99	99	99	99	99	99
1947	99	99	99	99	99	99	99	99	99	99	99	99	99
1948	99	99	99	99	99	99	99	99	99	99	99	99	99
1949	99	99	99	99	99	99	99	99	99	99	99	99	99
1950	99	99	99	99	99	99	99	99	99	99	99	99	99
1951	7.60	9.80	12.80	14.50	18.30	19.20	19.20	20.50	19.20	17.00	11.90	10.00	14.92
1952	7.80	10.00	12.00	15.70	18.60	20.10	20.10	20.30	19.80	18.10	12.70	8.20	15.43
1953	8.40	10.00	13.40	16.40	18.30	20.30	20.10	21.50	19.50	17.00	13.40	10.20	15.54
1954	7.10	10.30	12.90	16.60	18.30	19.10	18.70	19.40	19.60	16.10	11.30	8.90	14.97
1955	7.90	9.60	13.00	14.60	18.50	19.10	18.70	19.40	19.60	17.20	13.00	7.00	14.96
1956	6.50	9.40	12.80	15.50	18.10	18.40	19.60	19.90	18.90	16.20	12.10	8.70	14.53
1957	7.90	8.40	12.30	15.70	17.50	19.00	19.40	19.80	19.50	15.40	10.80	8.20	14.53
1958	7.70	8.50	13.40	16.20	18.30	20.40	19.80	19.00	19.40	17.20	11.50	8.50	14.97
1959	7.40	8.40	11.90	16.40	17.40	19.30	19.70	20.00	18.60	16.10	11.00	9.00	14.56
1960	8.10	10.00	12.70	17.10	18.60	20.10	19.20	20.40	19.60	16.40	11.80	8.90	15.25
1961	8.90	9.50	12.50	15.50	18.30	19.90	20.10	20.00	19.50	17.10	11.30	8.00	15.12
1962	7.40	9.70	12.40	16.40	18.00	19.00	20.40	19.40	19.60	16.40	11.20	8.90	14.82
1963	7.20	9.60	12.50	15.10	17.50	19.90	20.00	19.80	19.90	15.90	11.30	8.30	14.80
1964	7.10	9.50	12.70	15.30	18.20	19.30	18.90	19.80	19.80	17.90	13.10	8.00	14.99
1965	7.40	8.90	11.60	15.20	18.10	19.70	19.70	19.10	19.00	16.10	11.60	10.20	14.53
1966	8.70	10.20	12.70	16.00	19.20	18.40	19.40	19.50	18.80	15.50	13.50	9.50	15.18
1967	9.60	9.70	11.70	14.50	17.70	18.80	19.70	20.50	19.20	15.70	11.00	8.30	14.80
1968	7.40	7.90	12.40	14.80	17.50	19.10	19.50	20.10	19.70	16.50	12.00	9.00	14.60
1969	7.20	9.20	13.40	16.00	19.30	19.80	20.20	19.40	19.10	16.20	11.90	9.20	15.06
1970	7.50	9.60	13.00	16.20	17.90	20.10	19.10	20.30	19.50	16.70	12.20	8.90	15.11
1971	7.70	8.20	13.40	15.20	17.80	19.60	19.70	19.20	19.30	16.60	11.50	8.20	14.76
1972	8.10	9.10	13.00	14.90	18.20	20.00	19.40	20.30	19.30	16.20	12.30	9.20	14.92
1973	8.00	10.70	13.50	16.90	18.40	19.50	20.00	20.40	19.70	17.50	12.40	8.90	15.52
1974	6.90	9.50	12.10	15.10	18.30	19.60	18.90	19.50	18.50	18.40	14.30	8.50	15.00
1975	8.10	9.40	13.10	16.60	18.10	19.70	18.90	20.40	19.20	17.60	11.90	7.40	15.12
1976	7.00	9.30	12.60	15.10	17.70	18.60	19.50	19.50	19.10	15.80	12.70	8.30	14.53
1977	7.30	9.30	13.70	14.90	16.90	18.80	19.60	19.60	19.30	15.40	12.50	8.90	14.63
1978	7.10	9.60	12.70	16.20	18.00	20.00	19.90	20.70	19.10	17.10	12.10	9.40	15.12
1979	8.30	10.10	13.10	16.80	19.40	20.10	19.80	20.60	19.00	15.50	13.00	9.10	15.43
1980	7.50	9.30	12.80	16.90	18.30	20.00	20.20	19.80	19.80	15.80	12.20	9.50	15.14
1981	8.70	9.90	12.40	14.90	18.40	19.80	20.10	20.10	19.60	17.40	13.50	10.00	15.36
1982	8.10	8.90	12.80	14.40	18.40	19.60	19.70	20.10	19.70	16.20	11.50	7.60	14.95
1983	7.00	8.10	11.30	14.80	18.10	20.00	20.10	19.70	19.30	17.80	12.40	7.70	14.68
1984	7.50	10.10	13.20	16.50	17.30	19.50	18.70	20.20	17.90	16.60	11.10	9.40	14.69
1985	8.10	8.50	13.10	15.70	17.80	19.70	19.20	20.20	18.80	16.50	11.60	9.00	14.88
1986	8.50	10.00	12.50	15.60	18.30	20.20	19.20	19.90	18.80	15.00	11.90	9.50	14.91
1987	8.90	10.40	12.00	15.60	18.50	19.80	19.10	19.80	19.30	16.50	13.50	9.80	15.24
1988	8.90	10.90	13.40	16.50	18.20	20.00	19.40	19.30	18.90	18.10	13.80	10.40	15.60
1989	7.70	10.40	13.10	16.00	19.30	19.90	19.30	19.90	19.60	17.40	11.90	8.50	15.41
1990	8.80	9.70	11.70	14.70	17.70	19.20	19.40	20.50	19.10	16.90	14.10	10.00	15.03
1991	8.40	10.50	14.20	16.20	17.30	19.60	19.70	99	19.00	17.30	12.20	9.10	15.37
1992	7.50	7.40	99	99	17.70	20.30	19.20	20.20	19.00	99	12.30	7.90	14.77
1993	7.90	9.70	12.40	99	17.40	99	19.70	19.20	19.00	99	12.50	10.30	14.72
1994	99	9.80	13.10	16.20	19.90	20.00	20.10	20.50	99	15.80	12.50	99	15.48
1995	8.70	99	99	99	19.10	19.60	19.60	19.90	18.60	17.30	13.90	9.00	99
1996	8.30	11.20	13.40	16.00	18.20	19.20	19.30	20.00	19.40	16.90	13.50	9.80	15.37
1997	7.50	8.70	13.10	14.10	18.40	19.30	19.70	20.20	18.10	15.90	12.70	10.30	14.79
1998	8.50	10.40	12.90	15.80	18.90	19.70	19.40	19.70	19.60	18.40	14.30	10.80	15.66
1999	9.60	13.10	14.70	18.40	18.10	20.20	19.70	19.50	19.80	18.10	13.10	10.30	16.26
2000	8.90	10.00	12.60	16.50	99	19.60	99	99	99	99	99	99	99
2001	8.70	99	99	99	99	19.70	20.30	21.00	19.80	17.50	13.20	10.10	99
2002	9.20	11.50	14.10	16.10	18.20	20.10	20.20	20.30	19.60	16.90	14.00	9.70	15.86
2003	8.80	10.50	13.40	16.90	18.30	19.60	20.10	20.90	20.20	17.90	12.40	10.30	15.73
2004	8.80	10.60	15.80	16.00	18.40	19.90	19.50	20.70	18.80	16.30	12.30	9.20	15.62
2005	9.20	11.90	13.10	16.70	18.60	20.80	20.80	20.50	20.40	17.90	12.90	10.50	16.00
2006	9.00	11.60	14.40	16.50	18.30	20.20	20.80	21.40	19.50	17.50	13.10	9.60	16.07
2007	9.00	9.10	13.80	16.00	19.10	20.30	19.90	20.7	19.3	17.1	13.4	9.8	15.61
2008	9.0	9.6	13.3	17.2	18.5	19.8	19.8	20.1	20.0	17.4	13.1	10.0	15.63
2009	9.5	11.8	13.9	16.9	19.3	20.2	20.5	20.7	20.6	17.7	13.4	9.0	16.21
2010	9.4	11.0	14.9	16.8	19.0	19.5	20.0	20.9	19.7	17.5	13.7	10.2	15.95
2011	8.1	10.5	13.5	16.0	18.5	20.2	20.2	20.2	20.2	17.5	12.0	10.6	15.59
2012	9.1	11.1	13.7	16.2	20.5	20.2	20.0	