1907	99	99	99	8.30	15.50	19.70	21.10	20.50	15.90	5.20	-6.70	-9.20	4.45
1908	-12.20	-14.90	-5.40	7.20	18.40	20.90	23.20	21.80	15.80	4.00	-6.90	-13.20	5.23
1909	99	99	99	99	99	99	99	99	99	99	99	99	99
1910	-13.70	-14.70	-2.90	9.20	17.70	20.40	23.10	99	14.80	6.90	-6.40	-16.00	5.26
1911	-15.10	-9.20	-1.70	99	15.20	21.10	99	99	99	99	99	99	99
1912	99	99	99	99	99	99	99	99	99	99	99	99	99
1913	99	99	99	99	99	99	99	99	99	99	99	99	99
1914	99	99	99	99	99	99	99	99	99	99	99	99	99
1915	99	99	99	99	99	99	99	99	99	99	99	99	99
1916	99	99	99	99	99	99	99	99	99	99	99	99	99
1917	99	99	99	99	99	99	99	99	99	99	99	99	99
1918	99	99	99	99	99	99	99	99	99	99	99	99	99
1919	99	99	99	99	99	99	99	99	99	99	99	99	99
1920	99	99	99	99	99	99	99	99	99	99	99	99	99
1921	99	99	99	99	99	99	99	99	99	99	99	99	99
1922	99	99	99	99	99	99	99	99	99	99	99	99	99
1923	99	99	99	99	99	99	99	99	99	99	99	99	99
1924	99	99	99	99	99	99	99	99	99	99	99	99	99
1925	99	99	99	99	99	99	99	99	99	99	99	99	99
1926	99	99	99	99	99	99	99	99	99	99	99	99	99
1927	99	99	99	99	99	99	99	99	99	99	99	99	99
1928	99	99	99	99	99	99	99	99	99	99	99	99	99
1929	99	99	99	99	99	99	99	99	99	99	99	99	99
1930	-19.70	-11.10	-1.50	7.30	16.50	22.30	23.80	20.70	14.20	7.10	-2.30	-13.50	5.27
1931	99	99	99	99	99	99	99	99	99	99	99	99	99
1932	99	99	99	99	99	99	99	99	99	99	99	99	99
1933	99	99	99	99	99	99	99	99	99	99	99	99	99
1934	99	99	99	99	99	99	99	99	99	99	99	99	99
1935	99	99	99	99	99	99	99	99	99	99	99	99	99
1936	99	99	99	99	99	99	99	99	99	99	99	99	99
1937	99	99	99	99	99	99	99	99	99	99	99	99	99
1938	99	99	99	99	99	99	99	99	99	99	99	99	99
1939	99	99	99	99	99	99	99	99	99	99	99	99	99
1940	99	99	99	99	99	99	99	99	99	99	99	99	99
1941	-12.50	-11.80	-3.90	11.20	17.60	22.90	22.50	22.60	14.80	9.30	-2.00	-8.10	6.65
1942	-13.60	-18.10	-1.10	8.40	14.80	22.50	22.30	21.50	15.90	5.70	-1.30	-13.30	5.74
1943	-16.80	-10.40	0.00	11.30	19.50	21.90	27.40	25.70	18.10	7.60	-7.80	-14.80	6.93
1944	-17.00	-14.70	3.60	10.10	16.50	23.40	26.00	23.00	16.10	7.60	-5.30	-19.30	6.21
1945	-14.80	-14.80	-4.50	13.50	20.50	22.80	23.70	23.20	16.00	10.70	-2.90	-10.10	6.18
1946	-13.10	-8.80	-7.40	10.00	14.50	18.80	22.10	21.20	15.50	9.70	-5.30	-15.40	5.59
1947	-16.80	-14.00	-0.20	11.70	16.00	20.40	22.40	21.80	16.40	7.30	0.20	-13.50	5.82
1948	-13.10	-12.90	1.00	8.70	15.60	20.50	25.80	22.70	16.00	8.30	-5.00	-11.40	6.18
1949	-12.40	-8.90	-1.70	11.50	16.50	21.50	22.00	24.00	13.90	7.60	-5.50	-15.30	6.42
1950	-11.80	-13.70	-1.90	7.40	18.90	22.10	24.80	23.30	16.50	5.10	-9.70	-15.90	5.48
1951	-17.70	-17.40	-6.40	9.90	19.50	21.80	24.30	21.80	17.20	8.60	-4.30	-8.70	5.12
1952	-14.20	-15.20	-5.00	8.20	15.40	19.50	23.10	23.60	16.50	4.60	-10.20	-17.40	4.80
1953	-15.70	-10.00	-2.20	8.90	17.70	22.40	24.40	20.70	19.30	6.40	-7.70	-12.80	5.57
1954	-14.80	-13.40	-5.90	8.90	12.70	18.70	21.00	22.30	16.00	7.70	-5.20	-18.40	4.60
1955	-17.50	-12.40	-6.30	6.10	16.30	23.10	22.90	23.50	16.10	6.40	-1.60	-8.10	4.85
1956	-18.70	-13.10	-4.30	10.40	15.80	18.40	25.20	21.20	15.70	7.60	-1.30	-12.40	5.73
1957	-15.80	-14.80	-0.80	6.90	13.60	23.30	23.30	21.60	16.80	7.90	-1.80	-8.00	5.65
1958	-14.90	-8.20	-0.70	9.00	14.10	18.00	22.30	20.60	14.20	7.20	-3.70	-9.50	5.83
1959	-15.20	-11.70	-5.50	11.10	13.80	20.70	22.00	21.40	19.50	8.50	-6.20	-14.90	5.74
1960	-14.80	-9.40	-5.90	7.40	13.00	19.70	21.90	21.90	16.20	6.10	-4.50	-11.20	4.73
1961	-16.60	-10.20	1.80	15.10	19.60	23.10	25.10	23.10	18.50	5.30	-1.80	-11.00	7.65
1962	-16.10	-11.60	3.30	10.90	21.30	24.60	27.40	25.90	19.40	9.50	-3.30	-10.60	8.36
1963	-12.60	-6.10	6.70	8.00	18.70	23.50	26.20	23.30	16.80	10.00	1.10	-9.80	8.75
1964	-14.80	-17.60	-1.30	10.70	17.30	23.10	25.40	25.00	17.90	6.30	0.10	-11.40	6.86
1965	-12.60	-12.30	1.10	13.20	20.80	24.20	27.30	24.20	18.40	9.30	-1.10	-14.10	8.43
1966	-14.00	-9.10	1.20	8.60	16.40	24.60	25.40	25.40	20.90	8.60	-4.60	-15.20	7.44
1967	-18.60	-15.00	-0.60	12.80	20.60	24.20	25.40	22.60	16.90	10.10	-6.50	-13.10	6.39
1968	-12.80	-11.80	2.20	8.90	20.50	24.00	26.20	24.40	14.70	8.60	-2.30	-10.20	7.46
1969	-19.90	-19.00	-3.10	11.20	18.10	22.40	26.20	22.90	16.50	9.50	-0.90	-9.30	6.14
1970	-12.90	-7.70	-2.40	12.10	17.60	23.10	25.00	24.20	17.70	8.40	-4.30	-13.60	7.63
1971	-16.10	-12.30	-4.50	11.30	17.60	23.50	24.20	24.90	18.20	10.70	0.70	-6.00	7.05
1972	-14.10	-16.90	-1.70	11.90	19.90	23.70	23.50	23.90	17.00	8.30	-0.40	-10.10	7.43
1973	-11.80	-11.10	-0.80	12.50	17.10	23.40	26.40	24.80	18.10	7.40	0.00	-10.90	7.99
1974	-14.30	-15.60	-0.90	14.60	21.40	24.80	28.50	25.10	17.60	7.10	0.00	-16.70	8.12
1975	-10.30	-10.20	2.70	11.00	16.70	22.60	26.40	25.40	19.00	9.10	-5.90	-14.50	7.48
1976	-10.60	-8.60	-4.70	8.40	17.70	21.40	23.50	22.20	16.10	6.50	-8.50	-14.70	5.74
1977	-17.60	-11.60	-2.90	9.90	16.30	24.60	23.10	23.50	18.70	9.10	0.40	-9.60	6.57
1978	-13.80	-11.70	-0.90	13.10	16.90	22.00	24.80	20.80	17.90	7.10	-1.80	-7.20	7.07
1979	-12.00	-6.90	-3.50	7.10	14.70	20.90	23.20	22.90	15.80	10.40	-6.60	-10.10	6.57
1980	-15.00	-11.90	-6.20	9.10	17.70	20.40	24.60	22.70	16.90	8.30	2.60	-9.60	6.59
1981	-12.70	-10.80	1.00	11.40	17.90	22.80	23.50	22.20	16.40	5.50	-4.80	-10.70	6.90
1982	-8.50	-7.60	0.20	11.20	17.90	22.30	23.90	21.80	16.10	9.70	-3.10	-9.70	7.77
1983	-10.50	-7.20	2.90	10.40	16.10	20.30	23.90	24.30	16.00	8.00	-0.20	-8.60	7.86
1984	-14.30	-14.90	-0.50	7.00	16.70	21.10	21.80	23.40	15.80	6.50	-2.00	-18.90	6.00
1985	-13.90	-9.50	-6.20	10.60	15.50	20.50	24.50	22.40	15.80	7.10	-3.60	-9.00	5.36
1986	-11.50	-11.60	-1.00	8.70	17.70	20.10	25.00	22.60	17.60	6.90	-3.70	-10.00	6.82
1987	-11.20	-6.60	-3.10	9.10	16.30	18.00	24.50	23.70	16.60	3.50	-5.20	-7.60	6.30
1988	-11.90	-15.00	-3.90	10.20	13.20	21.00	23.50	21.50	18.20	7.20	-1.00	-6.10	6.28
1989	-12.20	-11.90	-1.70	9.00	17.60	21.10	23.90	22.10	16.00	9.20	-3.10	-3.00	6.99
1990	-12.30	-9.90	-0.20	9.30	17.30	23.70	23.20	22.70	17.70	9.70	-1.70	-7.00	8.04
1991	-11.10	-10.20	-2.80	10.80	18.40	22.30	24.70	22.00	18.20	9.90	-0.80	-8.40	7.87
1992	-9.40	-8.00	-0.80	11.40	15.80	21.30	22.70	20.30	12.00	6.30	-2.90	-8.50	6.69
1993	-12.40	-7.20	0.20	9.00	14.20	20.90	22.90	20.60	15.50	7.30	-5.30	-12.10	6.43
1994	-12.50	-11.70	-3.00	8.30	16.70	21.40	24.00	22.90	14.50	6.10	3.30	-8.10	6.49
1995	-11.30	-7.20	-0.40	10.80	16.40	22.80	23.70	22.80	18.80	7.90	-0.10	99	8.01
1996	-15.60	-11.00	-1.70	7.90	17.30	21.70	23.70	99	17.40	8.10	-2.40	-7.00	6.33
1997	-10.40	-9.30	2.90	16.30	19.20	22.90	24.40	23.30	19.30	12.70	-4.50	-10.80	9.15
1998	-13.50	-5.80	-1.70	9.70	15.10	23.20	23.50	23.60	17.60	8.90	1.00	-7.70	7.57
1999	-11.60	-5.90	-3.00	10.80	18.30	21.50	24.40	23.00	16.90	10.30	-1.50	-7.00	7.96
2000	99	99	99	99	19.10	19.10	24.70	24.70	17.80	99	-4.80	-7.00	99
2001	-11.80	-8.90	3.00	9.70	19.90	23.10	23.40	23.40	16.20	8.00	1.70	-15.20	8.39
2002	-9.00	-6.90	0.70	7.80	17.30	21.90	23.50	24.70	17.50	9.90	1.60	-11.80	7.82
2003	-10.50	-8.50	-2.10	7.00	15.50	22.80	21.10	22.00	17.20	10.10	-3.20	-10.20	6.63
2004	99	-6.90	0.40	13.40	18.00	22.70	24.70	22.00	16.20	7.60	-1.40	-8.30	7.93
2005	-14.70	-14.80	2.40	11.80	17.70	23.20	25.50	21.50	19.00	9.70	-0.10	-10.80	7.74
2006	-14.20	-6.70	1.20	12.00	16.80	23.20	24.50	24.20	17.60	11.40	1.90	-8.80	8.43
2007	-10.40	-5.00	0.40	13.60	16.30	22.40	23.90	22.1	18.6	7.8	1.0	-9.0	8.49
2008	-15.6	-9.6	5.2	11.1	20.7	24.1	25.2	23.5	17.0	10.1	0.9	-8.2	8.63
2009	-9.9	-8.8	2.5	13.0	16.1	20.8	23.7	22.9	16.8	10.9	-2.3	-10.0	8.13
2010	-10.6	-12.3	-4.4	8.7	16.2	22.5	24.0	22.8	18.0	9.7	2.4	-8.2	7.25
2011	-18.8	-8.7	-5.2	13.2	17.1	23.1	24.6	23.2	18.0	9.9	0.2	-9.1	7.37
2012	-15.0	-12.0	0.5	14.0	18.7	23.7	24.6	23.7	18.1	8.9