1701	-4.23	-1.53	1.63	99	99	15.43	18.93	15.83	99	99	99	-0.53	99
1702	2.03	-0.53	0.63	2.63	10.93	16.03	16.03	15.83	10.13	7.53	0.23	0.63	6.8
1703	-2.83	-0.93	0.63	7.73	14.13	16.13	15.43	16.33	11.43	6.13	2.23	2.53	7.4
1704	-4.93	-0.53	3.93	9.43	11.83	14.13	17.13	99	99	99	99	-0.93	99
1705	-7.13	99	1.03	99	99	16.03	18.33	17.83	8.73	7.53	0.73	1.83	99
1706	-3.43	-2.83	0.43	6.33	11.63	17.43	16.53	14.93	11.23	8.23	1.43	1.83	7
1707	-2.33	1.03	0.63	4.63	10.93	17.23	17.23	15.03	11.43	4.43	1.63	0.63	6.9
1708	1.43	-0.73	3.93	6.13	10.73	13.93	12.13	17.13	12.83	1.44	0.03	-4.63	6.2
1709	-13.23	-6.93	0.23	9.73	10.23	18.03	15.83	15.43	10.73	6.73	2.93	0.63	5.9
1710	-3.03	-1.73	3.13	99	12.93	99	99	99	99	99	99	99	99
1711	99	99	99	99	99	99	99	99	99	99	99	99	99
1712	99	99	99	99	99	99	99	99	99	99	99	99	99
1713	99	99	99	99	99	99	99	99	99	99	99	99	99
1714	99	99	99	99	99	99	99	99	99	99	99	99	99
1715	99	99	99	99	99	99	99	99	99	99	99	99	99
1716	99	99	99	99	99	99	99	99	99	99	99	99	99
1717	99	99	99	99	99	99	99	99	99	99	99	99	99
1718	99	99	99	99	99	99	99	99	99	99	99	99	99
1719	99	99	99	99	99	99	99	99	99	99	99	99	99
1720	99	99	99	99	99	99	99	99	99	99	99	99	99
1721	99	99	99	99	99	99	99	99	99	99	99	99	99
1722	99	99	99	99	99	99	99	99	99	99	99	99	99
1723	99	99	99	99	99	99	99	99	99	99	99	99	99
1724	99	99	99	99	99	99	99	99	99	99	99	99	99
1725	99	99	99	99	99	99	99	99	99	99	99	99	99
1726	99	99	99	99	99	99	99	99	99	99	99	99	99
1727	99	99	99	99	99	99	99	99	99	99	99	99	99
1728	1.63	-2.03	6.33	9.03	14.83	16.43	17.03	14.73	13.73	9.03	3.23	-0.33	8.6
1729	-4.23	-1.03	-1.23	5.53	99	99	99	99	99	99	99	99	99
1730	1.83	1.13	3.73	9.03	13.33	16.23	16.83	16.43	13.03	5.03	6.43	1.03	8.7
1731	-2.73	-1.43	2.53	6.03	11.63	14.93	15.73	15.63	13.53	10.53	4.83	1.93	7.8
1732	-2.13	2.53	4.63	9.83	13.63	14.13	15.13	15.23	12.83	9.63	3.03	-3.43	7.9
1733	3.13	4.03	4.43	10.13	11.13	12.63	17.03	15.23	11.33	7.53	4.23	4.63	8.8
1734	0.33	4.03	5.63	8.83	12.63	14.43	16.83	15.33	13.23	9.03	0.43	0.33	8.4
1735	2.03	1.23	5.63	10.03	12.23	15.63	15.83	15.43	15.03	6.93	2.63	1.33	8.7
1736	-0.43	-0.33	2.43	9.23	12.23	14.93	17.23	17.23	12.63	8.43	3.83	3.03	8.4
1737	2.03	1.63	5.33	6.43	14.23	16.23	16.63	14.43	13.73	7.73	2.93	1.53	8.6
1738	-0.93	1.63	4.73	10.13	13.23	15.53	16.53	16.03	13.83	9.33	1.23	2.73	8.7
1739	-0.43	3.43	4.73	6.13	14.13	14.83	18.83	14.93	15.03	4.93	-2.83	1.53	7.9
1740	-8.53	-7.33	-0.83	3.83	8.93	13.93	16.33	15.63	15.83	4.33	1.03	1.33	5.4
1741	-1.43	3.23	2.43	6.43	10.93	14.03	17.73	15.83	13.63	9.73	6.23	1.43	8.4
1742	-1.83	2.23	2.13	5.43	11.03	15.13	16.73	14.83	11.63	8.43	4.83	-2.53	7.3
1743	1.43	2.13	2.63	5.73	13.63	17.33	15.73	16.83	13.23	6.43	7.43	2.63	8.8
1744	-2.73	-2.23	3.23	11.03	13.43	14.23	17.83	15.73	15.03	10.83	5.53	1.13	8.6
1745	-2.63	-0.73	3.23	8.43	14.23	17.33	17.53	16.63	14.03	9.63	6.63	-1.43	8.6
1746	-0.13	0.93	1.03	7.63	13.83	15.13	19.33	15.93	14.43	6.83	3.33	3.93	8.5
1747	-0.43	5.23	0.73	9.03	12.43	19.03	17.13	16.63	15.63	8.73	4.23	2.83	9.3
1748	-1.73	-1.33	0.43	8.43	15.23	18.73	18.23	20.03	13.63	8.23	6.23	5.53	9.3
1749	2.63	1.43	1.43	8.03	15.33	16.33	18.03	18.53	14.23	8.23	3.23	3.23	9.2
1750	1.23	4.93	8.23	9.73	13.73	17.43	20.03	18.43	14.23	7.53	99	1.53	99
1751	-0.83	-1.33	6.83	7.13	17.83	19.03	19.83	20.33	14.43	8.13	99	99	99
1752	99	99	99	99	99	99	99	99	99	99	99	99	99
1753	99	99	99	99	99	99	99	99	99	99	99	99	99
1754	99	99	99	99	99	99	99	99	99	99	99	99	99
1755	99	99	99	99	99	99	99	99	99	99	99	99	99
1756	5.03	5.33	7.13	10.13	14.83	21.83	21.73	18.53	17.03	11.33	4.83	0.53	11.5
1757	1.33	4.93	6.93	11.63	13.83	20.53	23.93	19.23	12.83	5.73	6.83	0.73	10.7
1758	-3.43	1.83	5.03	9.23	15.73	18.93	18.83	19.63	13.63	8.13	5.53	2.83	9.7
1759	3.93	4.23	6.33	9.43	12.53	19.83	21.33	19.73	14.43	10.63	2.63	-2.53	10.2
1760	-0.83	0.13	3.83	9.93	14.83	19.43	19.53	19.03	16.03	10.53	5.53	4.93	10.2
1761	1.13	4.03	7.93	9.43	16.33	21.13	19.13	21.33	17.83	8.03	5.23	-1.63	10.8
1762	2.53	2.03	2.43	11.83	14.93	19.03	19.63	17.13	15.23	7.63	4.93	0.03	9.8
1763	-3.03	5.83	4.33	8.83	13.93	18.93	21.03	20.63	13.93	8.23	5.03	5.63	10.3
1764	3.53	5.63	4.73	9.13	16.53	16.23	21.63	18.23	12.83	8.53	3.73	0.43	10.1
1765	1.93	-1.63	6.93	10.43	11.23	17.63	17.43	20.33	13.53	10.83	5.53	2.33	9.7
1766	-0.33	1.83	6.13	12.03	15.83	19.03	19.43	18.63	15.83	8.73	5.93	2.03	10.4
1767	-7.13	4.23	4.83	7.53	13.03	16.63	19.63	20.03	15.53	10.53	7.93	0.13	9.4
1768	-4.53	0.83	3.23	9.33	13.53	18.63	20.23	18.83	13.63	8.73	6.03	2.93	9.3
1769	1.43	1.03	5.73	9.63	13.13	17.43	19.03	17.63	15.73	6.43	5.63	3.43	9.7
1770	-0.43	1.73	0.83	8.13	14.23	17.23	19.43	18.83	15.73	10.33	5.53	4.73	9.7
1771	-1.73	-2.13	0.63	5.43	16.93	18.43	18.83	16.33	14.43	10.23	3.53	3.53	8.7
1772	0.73	3.53	5.93	8.43	11.23	18.53	18.13	18.43	15.73	11.33	7.73	4.03	10.3
1773	3.03	0.73	4.03	10.03	16.03	17.13	18.83	19.03	15.63	11.63	4.23	5.13	10.5
1774	-0.13	3.13	5.63	10.33	13.73	17.93	16.73	16.03	12.53	9.43	-1.53	-1.33	8.5
1775	-0.83	4.33	5.93	7.63	12.93	21.13	21.03	20.43	17.03	10.13	2.13	2.33	10.4
1776	-8.93	3.33	5.43	8.23	11.13	18.53	20.23	18.83	14.63	8.03	4.03	-0.33	8.6
1777	-1.93	-1.83	3.63	7.03	14.43	17.13	17.93	18.43	12.43	8.83	5.93	0.53	8.5
1778	-2.73	-1.93	4.13	10.93	14.63	17.43	19.93	19.33	13.63	6.43	4.93	4.43	9.3
1779	-1.63	5.13	6.53	11.43	14.53	16.73	19.63	20.63	16.53	11.03	4.23	2.43	10.6
1780	-3.33	-2.23	7.03	6.83	14.73	17.43	19.23	19.73	14.43	10.43	2.73	1.33	9
1781	-0.53	1.03	5.33	10.73	15.33	19.53	21.23	21.63	16.53	8.13	4.13	-0.43	10.2
1782	2.03	-3.33	2.33	7.33	14.23	19.33	20.63	18.73	16.73	8.23	1.73	0.63	9.1
1783	2.03	4.93	2.03	9.53	15.53	20.43	20.53	19.33	14.93	9.03	3.83	-2.33	10
1784	-6.93	-4.13	0.73	5.53	14.53	17.33	17.43	16.83	14.53	5.83	4.73	-1.63	7.1
1785	-1.43	-3.83	-4.43	5.23	11.03	16.03	17.83	17.03	15.23	8.13	4.53	-2.23	6.9
1786	0.33	-0.93	-0.13	10.43	12.23	17.73	16.53	16.93	12.23	6.13	-1.43	-0.63	7.5
1787	-2.33	2.03	5.33	6.83	12.83	18.33	17.83	17.73	14.33	10.23	4.03	2.23	9.1
1788	1.13	-1.33	0.93	8.53	14.33	19.13	20.73	16.93	16.03	8.13	2.13	-11.24	8
1789	-4.43	2.13	-2.83	8.43	16.13	17.23	18.83	18.93	16.83	9.43	4.23	4.03	9.1
1790	1.83	3.83	5.53	6.33	15.93	17.83	17.23	17.83	13.93	8.03	2.83	2.03	9.4
1791	2.93	2.23	4.63	10.63	12.33	17.33	19.63	19.83	13.53	8.83	2.03	1.33	9.6
1792	-1.33	-2.13	3.83	10.23	12.83	18.13	20.63	19.03	13.33	8.23	3.13	1.03	8.9
1793	-2.83	3.03	3.53	7.53	13.03	15.43	20.83	18.73	13.43	11.03	4.43	2.23	9.2
1794	-0.53	3.53	7.43	12.33	14.03	19.33	22.23	17.73	12.53	9.13	5.03	-3.13	10
1795	-8.53	-1.43	1.73	12.03	11.63	19.73	17.53	18.03	16.13	12.83	3.23	3.53	8.9
1796	6.23	1.13	0.63	8.03	13.23	17.53	19.33	20.13	16.73	8.63	2.43	-2.73	9.3
1797	0.03	2.63	3.63	9.83	15.53	16.83	20.63	20.03	17.03	9.23	2.13	1.93	10
1798	0.33	2.23	2.73	10.03	14.73	18.63	19.13	19.63	16.03	8.43	2.63	-4.83	9.1
1799	-5.73	-5.33	0.73	5.73	10.93	15.13	17.43	18.03	13.73	7.73	3.73	-5.93	6.3
1800	-3.43	-4.23	2.33	13.93	16.73	13.23	16.23	18.73	15.33	8.03	5.03	-0.43	8.5
1801	0.43	-1.03	5.13	8.43	17.53	15.33	17.93	17.63	15.83	10.33	4.33	0.63	9.4
1802	-3.23	0.93	4.83	9.03	10.83	15.83	16.73	20.43	14.43	12.43	4.13	1.93	9
1803	-8.63	2.83	2.63	11.93	12.13	15.23	21.23	20.73	12.23	8.03	4.03	-0.93	8.5
1804	-0.13	-1.63	-1.13	7.13	15.13	16.43	18.83	17.53	16.03	8.53	0.13	-5.33	7.6
1805	-6.83	-2.13	2.23	6.43	15.53	15.13	17.23	16.23	15.23	4.23	-0.13	1.23	7
1806	1.83	1.53	3.03	4.93	15.03	14.23	17.03	17.23	15.03	8.43	5.03	4.83	9
1807	0.73	0.53	0.33	6.63	13.23	15.23	19.23	23.13	11.83	8.73	4.53	1.53	8.8
1808	-0.93	-1.03	-1.53	4.93	14.83	16.53	20.23	19.33	13.83	6.63	1.83	-5.93	7.4
1809	-6.13	2.33	1.43	4.23	15.03	15.93	18.13	18.93	14.83	7.33	3.23	2.43	8.1
1810	-3.23	-1.83	3.33	6.63	11.43	14.63	18.63	17.83	15.93	6.93	3.23	1.13	7.9
1811	-5.63	-0.63	5.33	8.23	17.63	20.43	19.83	17.73	13.63	11.33	3.63	1.53	9.4
1812	-3.43	0.03	1.53	3.43	12.33	16.23	15.73	17.53	12.23	10.03	1.23	-7.33	6.6
1813	-3.53	3.33	3.13	9.63	12.93	15.53	17.13	15.83	13.53	6.93	3.23	0.93	8.2
1814	-4.63	-6.63	-0.73	9.63	10.13	14.63	19.93	16.83	11.73	7.03	3.83	1.23	6.9
1815	-5.53	1.73	4.73	7.83	13.63	17.83	14.93	16.53	12.03	9.13	2.33	-2.13	7.8
1816	-0.83	-2.63	1.93	8.13	10.43	15.13	17.03	15.23	12.43	7.03	0.73	-0.93	7
1817	1.33	2.53	2.53	3.63	13.23	18.43	16.73	17.83	16.33	5.43	6.13	-0.63	8.6
1818	1.23	0.53	4.73	9.03	14.03	18.23	19.63	16.73	14.73	7.83	2.43	-1.53	9
1819	1.23	2.23	4.83	9.43	15.03	19.93	20.43	20.43	15.53	8.03	2.33	-3.73	9.6
1820	-5.83	0.73	2.83	10.33	14.93	14.13	15.93	20.03	13.63	9.83	1.23	-2.83	7.9
1821	-0.13	-1.03	3.03	12.53	13.23	14.33	16.83	17.53	15.63	10.23	7.23	3.93	9.4
1822	2.13	4.53	7.33	10.23	14.23	17.93	19.43	17.33	12.73	11.53	6.23	-2.23	10.1
1823	-11.63	-0.43	3.83	6.63	13.13	16.23	16.33	18.93	13.93	10.63	5.43	3.23	8
1824	2.43	3.03	3.73	7.63	12.13	16.33	17.83	16.83	15.93	10.53	6.63	5.23	9.9
1825	-2.83	1.13	0.53	9.43	13.23	15.83	17.93	17.63	15.03	9.73	5.73	4.43	9
1826	-6.43	2.43	4.73	8.13	13.13	18.73	22.33	21.33	14.73	10.73	3.83	2.43	9.7
1827	-1.83	-6.23	4.93	11.23	15.93	18.93	19.53	17.53	15.63	10.93	1.43	3.23	9.3
1828	-2.53	-0.73	4.13	9.83	13.83	17.63	19.93	16.73	14.13	9.53	4.43	2.43	9.1
1829	-5.73	-3.43	1.83	8.83	13.13	17.43	19.03	16.93	14.13	7.83	1.03	-8.53	6.9
1830	-7.43	-3.43	4.73	10.23	13.83	17.33	18.93	17.23	13.63	9.03	6.03	-0.43	8.3
1831	-4.43	0.93	3.83	11.13	12.23	15.53	18.93	17.83	12.83	12.03	3.53	1.93	8.9
1832	-1.23	1.43	3.83	8.73	11.63	16.83	15.53	17.83	12.83	9.43	3.43	1.53	8.5
1833	-2.73	3.93	3.13	6.03	17.83	18.93	17.93	17.43	13.73	8.73	4.43	4.93	9.5
1834	3.83	1.63	4.63	7.43	15.73	18.83	23.03	20.53	15.23	9.53	4.93	2.23	10.6
1835	1.43	2.93	4.03	7.23	12.43	17.43	18.83	16.83	15.83	8.63	0.83	-0.43	8.8
1836	-0.43	1.33	7.63	8.43	10.23	17.53	17.13	15.73	13.03	11.13	2.83	2.13	8.9
1837	0.23	0.43	0.83	6.23	11.63	16.43	17.13	19.13	13.13	10.33	5.13	0.73	8.4
1838	-10.03	-4.63	3.83	6.53	13.13	17.63	18.23	15.43	15.93	8.73	2.83	1.43	7.4
1839	-1.23	1.83	0.83	5.13	14.23	18.43	19.43	17.03	15.73	10.03	5.63	-0.13	8.9
1840	-2.33	0.83	3.63	8.23	13.43	17.43	18.83	17.53	14.23	9.93	4.13	4.73	9.2
1841	-2.23	-5.13	4.43	9.63	16.63	16.13	17.13	17.63	15.03	11.43	5.13	3.83	9.1
1842	-3.83	0.43	4.53	6.43	14.43	16.53	17.43	21.53	14.83	7.93	0.63	2.73	8.6
1843	0.83	3.03	1.93	8.83	10.93	16.03	18.03	19.03	13.53	9.03	6.03	4.23	9.3
1844	-0.93	-1.23	1.43	8.93	14.13	16.03	15.53	15.63	14.73	9.53	4.93	4.83	8.6
1845	-0.13	-5.73	-4.53	8.63	11.63	17.83	19.63	16.43	13.13	9.63	5.83	2.23	7.9
1846	0.23	3.13	6.83	9.03	12.03	18.13	19.93	20.83	14.83	11.83	3.73	-3.63	9.7
1847	-3.73	-1.23	3.33	5.73	15.43	16.43	19.53	20.13	12.63	8.23	4.93	-0.23	8.4
1848	-9.43	3.03	5.23	10.23	13.43	18.13	18.03	16.43	12.93	10.43	3.93	1.73	8.7
1849	-1.83	3.63	3.13	7.83	14.83	16.33	16.83	16.43	13.73	8.53	3.23	-2.63	8.3
1850	-6.53	4.23	1.53	8.83	13.23	18.03	18.53	17.73	12.73	7.63	5.13	1.53	8.6
1851	1.13	1.43	3.43	10.03	10.13	15.63	17.53	18.23	12.93	11.43	1.63	2.13	8.8
1852	3.33	1.73	1.73	5.33	14.53	17.53	20.83	19.13	14.53	8.73	5.93	5.33	9.9
1853	3.03	-2.03	-1.93	5.53	12.53	18.23	19.23	17.03	14.03	9.53	2.83	-3.23	7.9
1854	-1.63	0.63	4.23	8.03	14.33	16.33	19.93	17.73	13.93	9.73	2.13	2.53	9
1855	-1.93	-7.53	1.43	6.73	11.73	17.63	18.23	18.13	13.73	11.63	2.63	-4.43	7.3
1856	0.33	1.83	1.63	9.93	12.23	17.43	16.83	17.43	13.53	11.03	1.73	2.13	8.8
1857	-1.53	0.73	3.73	8.23	13.53	18.13	19.53	21.13	16.23	11.93	2.83	4.03	9.9
1858	-1.33	-3.83	1.73	7.93	12.13	20.33	18.63	19.03	16.03	10.03	-0.23	0.83	8.4
1859	1.73	3.53	6.83	7.53	14.03	18.13	21.43	20.43	14.23	9.73	3.83	-1.43	10
1860	2.03	-0.53	2.23	7.93	14.33	17.63	17.63	17.13	14.43	8.53	2.13	-2.13	8.4
1861	-5.63	3.93	6.13	6.53	11.53	19.73	19.93	18.83	14.03	10.43	5.03	1.83	9.4
1862	-1.83	-0.23	5.93	9.73	16.43	16.53	17.23	18.23	15.13	11.43	3.13	0.83	9.4
1863	3.03	3.83	5.33	9.03	13.63	17.43	17.03	19.53	14.03	12.23	4.63	3.53	10.3
1864	-4.73	-0.23	4.83	6.53	10.03	17.13	17.23	15.23	14.03	8.33	2.43	-2.73	7.3
1865	-0.23	-5.13	0.83	10.13	17.93	14.93	21.83	17.73	16.03	9.53	6.33	2.53	9.4
1866	4.23	4.23	2.73	10.23	10.73	19.73	99	17.03	16.93	7.63	4.63	2.53	99
1867	-0.33	4.73	1.33	8.13	11.53	16.93	17.13	18.83	14.93	9.23	3.63	-0.73	8.8
1868	-0.63	4.83	5.03	7.93	17.83	19.03	20.53	21.33	16.33	9.43	3.03	4.73	10.8
1869	0.13	5.53	2.73	11.63	14.43	14.83	20.63	16.93	15.33	8.33	3.93	0.53	9.6
1870	1.03	-5.43	1.83	9.43	14.43	16.53	19.53	17.43	13.43	8.93	5.53	-3.63	8.3
1871	-5.03	-1.23	6.33	7.43	10.43	14.23	18.93	18.93	14.33	6.93	2.23	-1.73	7.6
1872	0.93	1.83	6.23	10.93	15.03	17.53	20.53	17.53	15.93	11.13	7.43	2.63	10.6
1873	4.13	0.13	4.83	7.53	11.43	18.13	20.23	19.43	14.03	11.03	5.73	3.43	10
1874	3.13	2.23	4.83	10.63	10.93	17.53	21.43	17.03	17.23	11.83	3.23	0.13	10
1875	1.83	-3.53	1.23	8.43	14.23	19.23	19.63	20.83	14.93	6.93	2.83	-0.83	8.8
1876	-2.13	2.43	5.03	9.83	10.23	18.53	19.63	19.13	13.83	11.93	2.03	1.13	9.3
1877	3.13	3.23	3.23	7.03	11.33	19.83	19.53	19.03	12.13	8.53	7.53	2.13	9.7
1878	1.83	4.13	4.33	10.43	14.33	17.73	17.43	19.03	15.93	11.53	4.93	1.03	10.2
1879	-2.43	0.83	2.13	7.13	13.33	18.03	17.23	19.23	16.03	9.23	2.13	-4.33	8.2
1880	-1.03	1.73	4.63	10.53	12.63	17.53	19.93	18.73	15.93	8.43	5.03	3.93	9.8
1881	-5.83	0.13	2.63	6.23	14.03	16.63	20.23	16.93	13.43	6.53	7.03	1.93	8.3
1882	2.33	3.83	7.63	8.73	12.73	15.73	19.43	16.53	15.63	9.23	4.73	1.33	9.8
1883	0.33	3.23	-0.83	5.93	13.13	17.93	18.73	17.23	15.23	10.03	5.33	1.73	9
1884	4.83	4.93	5.33	6.03	13.83	14.83	19.73	18.23	16.13	8.93	2.13	2.93	9.8
1885	-2.13	4.23	3.33	10.43	11.73	18.53	19.03	15.33	14.03	8.73	2.63	0.93	8.9
1886	-0.53	-4.23	0.23	9.53	13.73	15.93	17.83	18.43	16.43	9.33	5.93	1.43	8.7
1887	-2.43	0.33	2.63	8.73	11.93	16.53	20.23	17.43	14.43	7.03	4.73	0.83	8.5
1888	-0.53	-2.23	0.43	7.43	13.63	17.43	16.73	17.03	14.73	8.03	3.83	1.83	8.2
1889	-2.43	-1.33	1.53	8.73	19.23	21.73	18.43	17.33	12.63	9.23	4.23	0.13	9.1
1890	2.73	-1.13	6.43	9.03	16.13	16.03	17.83	19.23	15.03	8.73	3.83	-4.43	9.1
1891	-3.03	1.03	4.13	6.43	15.23	16.23	18.63	17.03	15.63	11.43	3.73	2.83	9.1
1892	-1.43	1.43	2.03	8.43	13.23	17.33	18.03	20.23	15.63	8.63	2.43	-0.63	8.8
1893	-7.4	2.4	5	9.4	13.5	17.5	19.4	18.5	13.5	11.1	3.2	1.5	9
1894	-1	2.9	6	11	11.6	15.8	20.5	16.8	12.4	8.7	5.4	1	9.3
1895	-2.6	-4	2.8	10	14.6	18	19.3	18.8	16.5	8.1	4.6	-0.1	8.8
1896	0	1.1	6.3	7.4	12.7	19.2	19.3	16.7	14	10.7	1.9	-0.2	9.1
1897	-2.8	0.6	5.7	8.8	12.5	19.4	18.2	19.2	13.8	8.3	3.4	2	9.1
1898	3.2	2.5	4.7	8.2	13.6	17.4	15.6	20	14.8	8.5	5.6	4.4	9.9
1899	2.9	3.1	3.8	8.9	13.3	15.8	19.7	18.5	13.5	9.1	7.9	-2.8	9.5
1900	0.9	1.3	1.6	7.7	12.9	18	20.8	18.6	15.3	10	5.4	3.4	9.7
1901	-3.1	-2.4	3.5	9.2	15	17.7	21.1	18.8	14.5	11.4	4.3	1.6	9.3
1902	4.1	-0.7	3.9	7.8	10.6	17.6	17	15.8	13.2	7.8	1.8	-1.8	8.1
1903	1	4.6	7	6.3	15	17	18.6	17.2	14.9	10.1	5.2	-0.1	9.7
1904	-0.3	1.6	4.1	10	13.6	17.2	20.4	18.5	13.9	9.3	4.7	3.5	9.7
1905	-0.5	2.9	5.3	6.4	14.5	19.4	19.9	18.2	14	5.8	4.4	2.2	9.4
1906	1.8	2	3.4	10.5	16	17.1	19.4	18.2	14.5	10	7.6	-1.6	9.9
1907	0.2	-0.6	4	7.3	15	16.9	16.2	16.7	14.2	13.3	3.4	1.6	9
1908	-0.1	2.6	4.1	6.2	13.9	18.2	18.6	15.5	12.8	8.5	1	-1.7	8.3
1909	-1.2	-2.3	1.3	7.7	11.2	15.5	16.2	16.9	13.7	10.8	1.9	2	7.8
1910	1.8	2.8	3.7	7.9	13.7	18.7	16.6	16.4	12.7	8.7	2.1	2.3	9
1911	0.3	1.6	4.4	8.2	15	16.4	19.9	20.4	14.6	8.9	4.7	2.2	9.7
1912	-3.2	1.3	6.1	7.8	11.8	16.6	20.1	15	10	6.7	2.8	3.8	8.2
1913	-0.7	1.7	6.2	9.2	13.8	16.3	16.4	16.2	13.8	9.3	6.6	2.8	9.3
1914	-2.4	3.6	5	10.3	12	16.2	19.8	18.5	13.3	8.3	3.7	3.8	9.3
1915	0.2	1	1	7.7	14.1	18.9	17.6	16.2	12.4	6.6	2.3	2.4	8.4
1916	3.6	0.7	4	9.5	13.8	13.8	16.8	17	13.2	8.8	4.9	2.5	9.1
1917	-2.4	-3.9	-0.3	5.4	16	21	18.9	18.2	15.1	8.2	5.6	-1.2	8.4
1918	0.5	1.7	4.4	11.3	15.4	13.9	17.6	16.3	13.5	8.9	3.1	3.5	9.2
1919	0.9	0.2	3.2	6.6	12.1	15.9	16.1	16.6	15.6	7.3	-0.6	0.3	7.9
1920	1.9	3.1	7.1	10.8	15	15.5	18.9	16.2	13.5	6.4	0.7	0	9.1
1921	4.6	1.6	6.6	9.2	15.4	15	19.2	18.6	13.6	10.4	0.2	0.6	9.6
1922	-3.5	-1.8	3.9	6.2	14.2	16.5	16.8	15.8	12	5	3	2.6	7.6
1923	2.2	-0.1	5.6	7.3	12.1	11.8	19.2	15.8	13.6	10.6	3.6	-2.2	8.3
1924	-3.2	-3	2.3	6.2	14.6	16.4	17.7	16	14.2	10.2	3.2	1.6	8
1925	3.2	4.7	2.1	9.2	15.9	15.4	19.6	17.6	11.4	8.5	2.6	-0.3	9.2
1926	-0.2	3.4	4	10.9	12.4	15.2	19.2	16.6	14.5	7.6	6.7	1.8	9.3
1927	2.3	0.7	7	7.1	10.8	14.1	19	17.4	14	9.1	2.2	-3	8.4
1928	1.3	2.4	3.1	8.1	11	14.3	18.6	16.1	12.8	9	7.2	-0.3	8.6
1929	-4.4	-10.4	2.6	4.8	14.5	15	18.5	18	15.6	10.1	5.3	3.6	7.8
1930	2.2	0.4	4.1	9.4	13.2	19.6	17.4	16.3	13.4	8.1	5.9	0.6	9.2
1931	0.2	-0.8	0.2	6	16.8	16.4	18.5	16.6	11.3	7.7	4.4	1.2	8.2
1932	1.7	-1.1	1.2	8.3	14.3	15.4	19.9	19.8	15.1	9.4	4.5	1	9.1
1933	-3.03	0.13	5.83	7.43	13.23	15.83	19.23	17.53	14.03	8.93	2.93	-3.33	8.2
1934	1.21	2.71	5.6	11.51	14.4	18.2	19.6	17.4	16.3	10	5.11	4.41	10.5
1935	-0.5	2.6	3	8.4	11.4	18.8	18.8	17.4	14.3	9	5.6	0.8	9.1
1936	3.3	0	5.3	7.6	14.1	18.2	18.4	17.3	13.6	6.8	4.1	1.9	9.2
1937	-3	2.2	3.4	8.8	16.8	18	18.2	18.1	14.4	10.5	3.6	-0.6	9.2
1938	1.8	1.9	8	6.2	12.1	16.8	18.8	19.6	14.2	9.7	8	-1.5	9.6
1939	3	3	2.2	9.5	11.8	17.6	18.6	19.1	14.3	6.8	5.3	-1.3	9.2
1940	-9.6	-7.1	2.1	8.8	13.2	19	17.8	15.4	12.2	8.3	6	-2	7
1941	-6.3	0	3.3	6.1	10.7	17.7	20.2	15.8	12.6	8.4	1.6	2	7.7
1942	-7.2	-4.8	0.1	8.1	13.3	15.2	17.2	19	15.5	10.8	3.9	2.9	7.8
1943	-0.6	3.7	6.5	10.2	14.1	15.8	19.1	19.3	14.4	10.3	2.8	0.4	9.7
1944	4	0.5	1.9	9.1	12.7	15.8	19.4	21.6	14.2	9.4	4.9	-0.8	9.4
1945	-2.9	4.2	6.8	8.9	14.3	17.2	18.5	17.2	14.2	10	3.8	1.4	9.5
1946	-0.8	2.2	3.8	11.2	15.8	16.5	20.7	17.1	14.9	6.9	3.8	-2.2	9.2
1947	-5.3	-8	1.9	9.9	16.5	19.6	19.8	19	18	7.7	5.2	1.8	8.8
1948	2.7	0.2	5.6	11.6	15	17.4	18	17.8	15.2	9	4.8	1.6	9.9
1949	1.6	2.2	2.5	10.9	14.4	15	18.4	18.2	17.3	10.8	4.2	3.6	9.9
1950	-1.4	3	5.4	7.9	15.4	18.4	18.4	18.9	13.4	8.4	4.8	-1	9.3
1951	1	2.1	2.5	9.2	12.7	17.9	19.4	20.1	16.2	9	7.4	4.1	10.1
1952	1.3	1.5	1.5	12.4	13.3	16.5	19.2	19.8	12.3	7.9	2.2	-0.2	9
1953	0.8	1.1	6.5	10.9	15.2	19	20.1	18.5	15.2	12.1	5.9	2.4	10.6
1954	-3	-5.1	4.2	7.2	15	18.8	16.1	17.8	15	11.1	3.9	4.1	8.8
1955	-1.5	-1.8	1	7.3	12.1	16.1	19.9	19.5	15.5	9.5	5.2	3.1	8.8
1956	0.6	-8	3.4	5.6	14.3	15.5	19.1	16.1	15.2	9.7	2.7	2.6	8.1
1957	1.5	4.4	6.2	8.9	11.6	19	19.6	16.3	12.4	10.2	5.3	0.6	9.7
1958	0	2.1	0.4	6	14.6	15.8	18.8	18	15.3	10.7	4.8	2.7	9.1
1959	0.6	0.5	7.1	10.7	14.6	18.3	20.9	19.4	14.8	9.5	3.7	1.5	10.1
1960	0.4	-0.4	4.3	7.7	14.7	18.2	17.3	17.4	14	9.5	6.3	2.5	9.3
1961	-1	4.8	6.9	11.5	11.4	18.4	16.7	16.9	17	12	4.5	-1.3	9.8
1962	2.4	1	1.1	10.1	11.3	15.6	16.1	16.6	12.9	10	4.1	-2.8	8.2
1963	-7.2	-4.5	3.1	9.3	14.3	18.5	20.5	18.3	15.6	9.5	8	-2.6	8.6
1964	-1.8	0.2	0.4	9.8	14.9	19.5	19.6	17	14.7	8.2	5.5	1.5	9.1
1965	1.8	-0.9	2.6	8.2	12.4	17.5	16.4	16.8	14.8	9.3	0.9	2.8	8.6
1966	-2.7	1.4	4.2	9.6	14.9	19	17.9	17.6	13.8	12	3.2	2.5	9.5
1967	0.7	3.4	6.5	7.7	14.8	16.7	20.8	18.3	15.9	12.2	5	1.4	10.3
1968	-0.8	1	5.5	11	12.1	19	18.2	19	14.9	10.8	4.6	-1.8	9.5
1969	-0.8	-2.2	0.1	8.1	14.6	17.3	20.8	18.6	15.4	11.1	6.3	-5.5	8.7
1970	-4.1	-1.5	1.7	6.4	13.3	19.7	18.1	19.5	14	9.9	6	2	8.8
1971	-0.7	2.5	2.4	8.5	15.9	15.5	20.2	20.6	13.4	10.3	4.8	4.7	9.8
1972	-3.4	2.1	6.2	8.7	12.7	16.8	20.2	17.4	12.3	7.9	5.5	1.6	9
1973	0.5	2.8	5.9	6.5	13.7	17.8	19.6	19	14.9	8.2	3.9	0.8	9.5
1974	3.7	4	6.3	9.1	12.4	15.7	16.7	19	14.8	7.3	5.9	5.6	10
1975	5.4	1.6	4.7	7.9	13.6	17.1	20.6	20.9	17.2	8.3	3.2	3	10.3
1976	0.8	0.3	1.5	8.1	13.9	18.6	21	18.1	14.1	9.6	5.8	0	9.3
1977	0.9	3	6.6	6.8	13.4	17.9	17.6	17.4	12.7	10.7	6.5	3	9.7
1978	1.7	-0.5	6	7.8	13.6	17.1	17.5	17.2	12.7	10.5	5.8	-0.5	9.1
1979	-3.6	-2.6	3.7	7.9	14.5	19.1	16.1	17.8	14.6	8.3	4.6	4.2	8.7
1980	-3.6	1.3	2.6	7.1	11.8	16.7	16.7	17.4	14.6	9.3	3.9	2	8.3
1981	-0.5	1	7.1	8.5	15.5	17.3	18.4	17.6	15.5	9.2	5.3	-2.4	9.4
1982	-2.2	0.2	5.7	8	14.4	17.8	21	20.3	17.7	11.1	6.9	3	10.3
1983	5.2	-0.4	5.7	9.8	13.7	18.1	22.1	19.8	15.1	10.2	4.8	1.1	10.4
1984	1.9	0.5	2.8	8.9	13.7	15	16.9	19.2	13.5	11.3	4.6	0.7	9.1
1985	-5	-2.8	4	8.8	15.6	15.2	19	18.4	14.3	9.9	2	4.4	8.7
1986	0.4	-6.4	3.8	7.4	15.9	17.4	19.4	18.2	12.3	10.3	7.1	2.5	9
1987	-6.9	-0.3	0.5	10	11.3	15.7	18.5	16.4	14.7	9.9	6.2	2.7	8.2
1988	3.9	3.1	3.1	9.3	16.3	16.8	19	18.7	14.6	10.3	3.4	3.7	10.2
1989	3.6	4.5	7.6	9	15.6	17.6	19.3	18.8	16.8	11.8	3.3	3	10.9
1990	4.1	6.6	8.3	9.5	15.3	17	18.1	19.8	13	10.8	5.3	1.2	10.8
1991	2.4	-2.2	6.8	8.5	10.8	15	21	19.4	16.4	9.5	4.8	1.9	9.5
1992	1.6	4.1	5.5	9.3	15.6	20.5	20.9	20.9	14.4	6.5	5.3	1.2	10.5
1993	2.5	0.5	4.5	11.6	16.8	16.4	17.3	16.9	13.1	9.1	0.3	3.7	9.4
1994	3.5	-0.5	6.2	9.9	13.8	16.9	23.7	19.4	14.4	8.2	7	4	10.5
1995	0.9	5.1	4.1	9.1	13.7	15.9	22	20.6	14.3	12.4	2.6	-2.8	9.8
1996	-3.9	-2.5	0.9	10.3	12.6	16.9	16.9	19	11.8	10.5	5.4	-2.4	8
1997	-2.1	4.7	5.8	7.2	14	18	19.6	22.3	15.2	8.7	3.9	2.3	10
1998	3.2	6.1	5.2	10.9	15.8	17.9	17.9	17.6	14.4	8.9	1.7	1	10.1
1999	3.2	1.6	5.7	10.4	14.9	17.2	21.4	19.1	18.5	10.1	4.3	2.8	10.8
2000	1.6	4.5	5.6	12.1	16.8	19	17	18.8	14.5	12.4	7.1	3.3	11.1
2001	1.2	2	3.4	8.5	15.1	15.2	20.4	19.9	13.1	13.1	4.5	0.1	9.7
2002	2.2	5.5	5.7	8.8	15.8	18	19.6	21.2	15.2	8.4	4.4	-2	10.2
2003	0	-1.6	4.9	9.2	15.8	20	20.6	21.1	15.6	6.6	6.5	2.8	10.1
2004	-1.2	3	5.4	10.2	13.1	16.3	18.1	20.2	15	10.7	4.9	2.5	9.9
2005	3.2	-0.3	3.6	10.4	14.1	17.2	19.4	17.2	16.3	11.8	5.0	1.5	9.9
2006	-3.7	0.1	1.7	9.3	14.4	18.8	24.4	17.7	18.5	12.8	7.9	5.7	10.6
2007	5.5	3.6	7.8	12.1	15.9	19.1	18.8	18.7	13.8	8.8	4.1	2.4	10.9
2008	4.0	5.1	4.9	8.9	15.6	19.2	20.1	19.1	13.9	10.0	6.0	2.0	10.7
2009	-1.8	0.9	5.5	13.5	14.7	16.0	20.1	20.8	16.4	8.5	8.2	0.6	10.3
2010	-4.5	0.3	5.3	9.8	11.6	18.4	23.3	18.9	13.7	8.6	5.4	-4.0	8.9
2011	1.9	0.1	5.5	13.1	15.6	19.0	18.1	19.0	16.5	10.6	5.0	5.0	10.8
2012	2.3	-1.3	8.0	9.9	15.9	16.8	19.2	19.4	15.5	9.8	5.9	1.1	10.2