1955	-3.5	-5.95	-2.91	3.53	5.46	10.64	13.43	13.18	9.98	4.43	1.37	-0.54	4.09
1956	-3.35	-11.4	-0.11	1.29	9.28	8.24	12.54	9.77	10.76	4.57	-0.61	-0.29	3.39
1957	-2.13	0.09	4.03	4.22	5.74	12.73	13.44	10.63	7.91	6.59	0.87	-1.89	5.19
1958	-3.13	-1.45	-3.98	1.24	9.1	10.13	12.37	13.05	11.2	6.08	0.91	-0.3	4.6
1959	-3.04	0.43	3.21	6.12	9.13	12.24	16.09	13.92	11.98	6.87	1.06	-0.97	6.42
1960	-3.25	-1.97	0.9	3.89	9.43	11.96	10.96	11.43	9.32	6.05	2.34	-2.34	4.89
1961	-3.72	2.39	3.13	7.03	5.69	11.77	9.9	11.84	13.72	7.26	0.69	-3.23	5.54
1962	-1.57	-3.59	-3.9	3.95	4.97	10.03	10.47	11.32	8.86	6.53	-0.53	-4.35	3.52
1963	-10.17	-7.09	0.46	5.12	7.62	11.49	13.23	11.29	10.45	5.3	3.83	-4.69	3.9
1964	-3.07	-2.16	-2.69	4.74	10.43	12.63	14.18	12.29	10.46	3.71	1.45	-2.2	4.98
1965	-2.49	-5.14	-0.91	2.91	7.44	11.56	10.17	11.26	9.13	6.28	-1.96	-1.17	3.92
1966	-5.48	1.62	-0.65	5.37	9.18	12.96	11.06	11.59	9.88	7.5	-0.59	-1.72	5.06
1967	-2.05	-1.04	0.95	2.54	8.77	10.86	15.11	12.32	10.19	7.37	1.58	-2.41	5.35
1968	-3.51	-3.08	0.62	5.37	6.63	11.41	11.96	12.56	9.87	7.62	0.48	-4.29	4.64
1969	-1.03	-5.61	-2.69	3.15	9.17	10.7	14.79	12.47	10.58	9.33	0.93	-6.44	4.61
1970	-3.13	-4.49	-2.37	0.64	8.16	13.57	11.49	13.52	10.27	5.73	2.88	-2.96	4.44
1971	-1.02	-1.95	-2.77	5.1	10.95	9.67	14.43	13.54	9.03	6.26	-0.22	0.87	5.32
1972	-4.84	0.13	2.5	2.63	6.77	10.24	13.77	11.5	7.23	4.83	0.78	-0.34	4.6
1973	-1.67	-2.38	0.69	0.82	8.32	12.41	12.81	14.97	11.09	4.7	0.19	-2.27	4.97
1974	0.66	-0.54	2.16	4.92	7.3	10.07	10.48	13.34	8.9	1.25	1.63	1.11	5.11
1975	0.91	-0.42	-0.38	3.02	7.2	10.66	14.53	15.87	11.74	5.57	-0.28	-1.91	5.54
1976	-2.07	-1.19	-2.35	3.06	9.36	13.93	15.54	13.1	9.29	7.21	1.26	-3.91	5.27
1977	-2.63	-0.3	2.75	1.0	7.57	10.99	12.21	12.17	8.13	8.61	0.98	0.42	5.16
1978	-2.69	-4.3	0.83	2.92	7.85	9.99	11.16	10.62	8.24	6.68	2.92	-2.39	4.32
1979	-6.82	-4.56	-0.43	2.4	8.35	12.07	11.15	11.05	9.63	6.33	0.26	0.08	4.13
1980	-4.41	0.17	-0.28	2.37	7.12	10.35	11.03	12.68	11.38	4.1	-0.59	-2.3	4.3
1981	-3.39	-4.01	3.49	4.3	9.62	10.42	12.02	12.53	10.73	3.65	0.71	-4.79	4.61
1982	-2.03	-1.84	0.38	2.49	9.05	11.78	15.05	12.95	12.97	6.32	2.77	-1.11	5.73
1983	0.55	-5.16	0.73	4.41	6.46	12.14	17.07	14.88	9.92	5.75	1.83	-0.67	5.66
1984	-2.74	-3.6	-1.27	3.35	6.46	9.39	11.83	13.83	8.26	6.93	3.84	-1.26	4.59
1985	-7.43	-5.33	-0.75	3.3	9.87	8.59	13.08	11.84	10.19	5.94	-2.97	0.86	3.93
1986	-3.26	-10.34	-0.25	1.5	10.14	12.64	12.61	11.92	7.6	6.86	3.17	-1.0	4.3
1987	-7.77	-2.39	-4.29	6.34	5.52	9.57	12.22	11.57	10.85	6.25	1.33	-0.12	4.09
1988	0.38	-2.13	-1.37	4.04	10.41	10.52	12.04	12.87	9.08	6.52	0.53	0.63	5.29
1989	0.78	0.71	3.76	2.57	10.9	11.61	13.64	13.43	11.14	7.68	1.57	1.3	6.59
1990	-0.38	2.27	3.63	3.17	10.17	10.6	12.53	14.81	7.54	7.78	0.88	-2.3	5.89
1991	-2.14	-5.13	3.98	3.23	5.64	8.44	15.09	14.4	11.42	5.27	1.47	-1.14	5.04
1992	-0.87	0.23	1.1	3.92	11.18	12.93	14.58	14.45	10.4	2.59	2.09	-0.12	6.04
1993	-0.25	-1.26	0.99	7.21	10.84	11.86	11.82	11.4	8.69	4.49	-2.1	-0.37	5.28
1994	-0.75	-3.37	2.2	4.09	8.67	11.66	17.83	13.27	9.15	5.04	5.05	0.56	6.12
1995	-2.96	0.5	-1.21	4.54	8.85	10.5	16.72	15.14	8.65	9.37	0.9	-4.08	5.58
1996	-4.18	-4.72	-2.57	5.49	6.25	11.37	11.65	12.88	7.22	6.08	0.09	-4.45	3.76
1997	-2.85	0.59	2.99	2.44	8.62	11.42	12.82	16.42	10.48	4.09	1.29	-1.15	5.6
1998	-1.17	1.92	1.54	4.22	10.29	11.97	11.56	12.27	9.71	4.11	-1.93	-1.47	5.25
1999	-0.32	-3.23	1.96	5.01	9.8	10.57	14.92	12.73	13.95	5.25	0.15	-1.74	5.75
2000	-2.07	-0.35	1.52	6.64	11.25	12.87	10.29	13.89	10.81	6.61	2.41	0.34	6.18
2001	-2.23	-0.36	0.29	2.5	10.91	10.82	14.72	14.88	7.63	9.95	0.86	-3.07	5.58
2002	-0.46	1.02	2.15	3.9	9.63	13.07	13.35	15.05	9.53	4.38	3.24	-1.78	6.09
2003	-3.54	-2.68	3.11	4.82	10.04	15.2	14.78	17.15	11.32	2.4	3.76	-0.52	6.32
2004	-3.17	-1.4	0.44	5.59	7.12	11.06	12.54	14.69	10.55	6.51	0.74	-0.52	5.35
2005	-1.58	-4.52	1.17	6.2	8.37	12.73	13.94	11.77	12.15	9.14	1.5	-2.2	5.7
2006	-3.4	-3.0	-2.2	3.6	9.2	13.1	18.7	11.1	14.2	9.2	3.9	1.8	6.3
2007	0.7	0.8	2.6	9.1	10.4	13.4	12.8	12.8	8.8	5.4	0.6	-0.2	6.4
2008	0.3	1.3	-0.3	3.3	11.5	13.0	14.0	13.2	8.8	5.7	2.0	-1.8	5.9
2009	-3.6	-2.3	0.5	9.1	9.9	10.7	13.9	15.2	11.3	5.0	4.1	-2.8	5.9
2010	-6.0	-3.6	0.3	5.6	6.0	13.0	17.0	12.5	8.6	5.4	1.1	-6.2	4.5
2011	-1.6	-1.5	2.6	9.2	10.7	12.3	11.5	13.6	12.2	6.8	5.3	-0.0	6.8
2012	-1.4	-5.4	4.6	3.9	10.6	10.6	13.1	15.0	9.9	6.4	2.2	-1.2	5.7