1955	99	99	99	7.09	10.64	16.01	17.47	16.6	13.07	7.32	3.04	2.36	10.4
1956	-0.06	-10.29	2.72	6.06	12.63	13.82	17.36	14.82	13.54	7.97	2.06	1.01	6.8
1957	-1.05	3.57	7.1	7.72	10.25	18.21	18.77	15.45	12.11	8.26	4.02	0.18	8.72
1958	-1.0	2.51	-0.19	5.98	14.66	15.49	17.71	17.48	14.31	8.56	4.42	1.91	8.49
1959	-0.51	-0.85	6.19	9.72	13.49	17.14	20.11	17.14	12.86	7.34	2.65	2.61	8.99
1960	-0.85	0.21	4.94	8.07	13.9	17.81	16.74	16.7	12.04	9.15	5.7	0.82	8.77
1961	-0.91	4.0	5.75	11.68	10.73	16.36	15.48	16.62	16.9	10.12	3.41	-0.9	9.1
1962	1.15	0.01	0.48	9.27	10.53	15.43	16.53	17.38	12.83	8.02	2.28	-4.93	7.41
1963	-7.37	-6.13	2.35	9.56	12.88	16.7	18.72	16.38	14.31	7.69	7.65	-4.41	7.36
1964	-4.91	0.29	1.11	9.9	14.49	18.37	20.19	16.83	14.31	7.6	5.19	-0.09	8.61
1965	0.87	-2.77	2.5	7.06	12.34	16.86	16.58	15.78	12.84	7.31	1.57	3.49	7.87
1966	-3.97	5.8	2.95	10.58	13.69	17.83	16.13	16.11	13.4	11.49	2.19	2.11	9.03
1967	0.04	2.33	5.52	7.11	13.49	15.86	20.38	17.2	14.24	12.01	3.43	-0.41	9.27
1968	-1.41	1.38	4.57	9.4	12.26	17.09	17.11	16.56	13.54	10.08	2.88	-1.96	8.46
1969	0.17	-1.92	2.5	8.12	14.58	15.73	19.86	17.23	14.31	9.25	5.28	-4.34	8.4
1970	-2.13	0.39	1.87	6.32	12.34	18.76	17.67	17.53	14.08	9.33	5.82	-0.27	8.48
1971	-1.8	1.2	1.47	9.97	15.69	14.67	19.92	19.02	11.82	7.98	3.33	3.39	8.89
1972	-2.15	2.26	6.12	8.06	12.08	15.72	19.03	16.59	11.02	6.16	3.8	-0.58	8.18
1973	-0.56	0.55	3.79	5.87	14.12	17.04	18.03	18.95	14.88	7.34	3.27	-0.29	8.58
1974	3.41	3.26	7.2	8.33	11.98	15.31	16.48	18.56	14.2	5.44	4.43	4.38	9.42
1975	3.92	1.27	4.36	8.13	13.53	15.89	19.4	19.01	16.41	7.38	2.68	0.58	9.38
1976	2.08	1.06	1.5	7.78	14.79	19.44	21.17	17.2	13.33	9.8	5.2	-1.8	9.3
1977	0.7	4.11	7.17	6.46	13.24	17.19	18.56	17.51	12.36	10.42	5.17	1.69	9.55
1978	0.81	-1.13	5.26	7.53	12.02	15.88	16.77	15.56	13.13	8.48	3.14	1.41	8.24
1979	-4.16	0.21	5.31	6.99	13.7	18.51	16.81	16.57	13.34	9.06	3.41	4.18	8.66
1980	-2.03	3.01	4.94	5.92	11.68	16.33	15.86	18.19	14.72	7.78	2.62	0.47	8.29
1981	-2.75	-0.56	8.13	8.48	13.87	16.75	17.47	17.21	15.02	9.06	4.58	-1.56	8.81
1982	-3.11	-0.39	4.36	6.77	13.73	17.53	20.54	17.75	16.23	9.39	5.73	2.69	9.27
1983	4.07	-2.11	4.85	9.76	12.32	17.87	22.9	19.19	14.05	9.03	2.22	-0.22	9.49
1984	0.75	-0.4	2.32	6.98	11.06	14.8	17.13	17.51	12.97	10.08	4.78	1.06	8.25
1985	-6.21	-4.71	3.22	8.44	14.58	14.68	19.22	17.43	13.94	8.04	0.92	3.49	7.75
1986	0.84	-6.21	3.92	8.04	15.72	17.41	18.05	18.2	11.91	9.32	4.67	1.93	8.65
1987	-5.74	0.28	-0.51	9.97	10.43	15.16	18.53	16.71	15.92	9.51	4.39	1.99	8.05
1988	3.0	2.18	3.16	9.41	15.88	16.32	18.66	18.37	13.88	10.63	2.59	3.27	9.78
1989	1.53	3.16	7.45	7.87	15.43	16.4	19.44	18.58	14.84	10.26	1.92	1.94	9.9
1990	1.48	5.37	6.88	7.58	15.42	16.5	17.99	19.64	12.53	9.89	4.55	0.46	9.86
1991	1.49	-2.19	6.63	7.86	10.25	15.22	21.07	19.58	15.67	7.95	4.23	-0.31	8.95
1992	1.02	2.72	5.2	8.81	16.25	17.66	19.69	21.19	14.25	7.04	5.89	0.36	10.01
1993	3.14	-1.23	3.91	11.9	16.46	16.98	17.81	17.92	13.63	8.14	0.78	3.98	9.45
1994	3.29	1.2	7.62	8.1	14.37	18.23	23.24	19.54	14.5	7.82	7.93	4.08	10.83
1995	0.01	5.09	3.48	10.39	13.82	15.51	21.99	18.75	13.11	12.43	2.43	-0.68	9.69
1996	-2.64	-1.62	1.62	8.59	12.19	17.19	16.42	17.01	11.1	9.15	4.47	-3.18	7.53
1997	-2.64	4.26	6.53	6.81	13.83	16.46	17.29	20.18	13.84	7.43	4.34	1.85	9.18
1998	1.71	3.61	5.48	9.47	14.83	17.94	17.43	18.12	13.51	9.33	1.57	0.72	9.48
1999	1.8	0.01	5.71	9.07	14.74	15.76	19.57	17.89	17.07	8.59	2.37	1.74	9.53
2000	0.26	3.77	5.77	10.79	15.43	18.55	15.99	18.52	14.12	10.47	5.68	2.34	10.14
2001	0.5	2.62	5.97	7.44	15.54	15.14	19.01	19.51	11.9	12.29	2.63	-1.22	9.28
2002	-0.35	5.09	5.76	8.59	14.23	18.73	18.38	18.81	12.67	8.83	6.14	1.4	9.86
2003	-0.43	-1.88	5.95	8.94	15.42	21.09	19.88	22.31	14.29	6.39	5.35	1.25	9.88
2004	-0.27	2.46	4.32	9.93	11.89	16.31	18.12	19.03	14.52	10.19	3.87	0.24	9.22
2005	1.18	-1.93	4.05	10.09	13.36	18.07	18.96	16.16	14.9	10.77	3.3	0.2	9.0
2006	-2.8	-0.4	2.1	8.7	13.9	17.5	22.5	15.5	17.1	12.0	6.4	3.2	9.6
2007	4.6	4.5	6.1	12.3	15.1	18.1	18.0	17.1	12.3	8.3	2.9	1.0	10.0
2008	3.4	3.5	4.5	8.3	15.6	18.1	18.8	17.8	12.4	8.9	4.8	1.1	9.8
2009	-3.5	0.2	4.4	12.6	14.5	16.0	18.5	19.4	15.1	8.4	6.9	0.4	9.4
2010	-2.9	0.0	4.4	9.3	11.7	17.6	21.0	17.0	12.3	7.9	5.5	-3.3	8.4
2011	1.0	1.0	5.7	12.1	14.8	17.3	16.7	18.9	15.8	9.2	3.8	3.8	10.0
2012	1.8	-3.4	7.0	9.1	15.6	17.7	18.8	20.1	14.4	8.5	5.2	1.7	9.7