1841	1.1	2	7.9	8.2	13.8	13.4	14.3	15.7	14.4	9.4	6.1	4.6	9.2
1842	0.4	4.6	6.9	7.2	11.9	17.2	15.6	18.6	13.5	7.4	6.1	7.1	9.7
1843	4.3	2.1	5.9	8.6	11.2	13.5	16	16.7	15.6	9.1	6.6	6.9	9.7
1844	4.1	1.9	5.3	10.8	11.6	15.9	16.5	14.3	14	9.8	6.6	0.8	9.3
1845	3.8	0.4	2	8	9.5	15.8	15.5	14.1	12.2	9.8	7.6	5.3	8.7
1846	6.4	6.6	6.4	8.5	12.9	18.6	18.2	17.3	15.8	10.3	7.4	0.6	10.8
1847	1.9	2	5.5	7	13.7	14.4	18.5	16.8	12.4	11.7	8.3	5.8	9.8
1848	1.6	6.6	6.4	8.6	15.4	14.7	16.8	14.7	13.7	10.7	6.6	6.7	10.2
1849	4.9	6.2	6.1	6.9	12.7	15.2	16.8	17.1	14.7	10.7	6.7	4	10.2
1850	1.2	6.9	4.4	9.6	10.9	16.2	16.8	16	13.4	8.2	8	4.7	9.7
1851	6.1	4.4	5.9	7.5	10.9	15.4	15.7	17	13.4	11.4	3.2	4.8	9.6
1852	5.5	4.8	4.8	7.4	11.2	13.8	19.4	16.8	13.8	8.8	9.4	8.7	10.4
1853	5.9	0.7	3.4	7.8	11.4	15	16.1	15.6	13	10.7	5.7	1.1	8.9
1854	4.1	4.1	6.4	9.2	10.7	13.6	16.1	16.2	14.4	9.7	4.8	5.1	9.5
1855	1.6	-1.6	3.2	7.7	9.6	14.3	17.01	16.9	14.1	10.8	5.3	2.3	8.4
1856	4	5.6	3.9	8.6	9.9	15.4	16.4	17.6	12.9	11.1	5	4.6	9.6
1857	2.7	3.8	5.5	7.9	12.4	16.9	18.4	18.7	15.5	11.8	7.8	7.3	10.7
1858	3.1	1.6	5.3	8.2	11.2	18.7	16.3	16.8	15.8	10.7	4.2	5.1	9.8
1859	4.7	6.3	8.2	8.6	11.9	16.8	20.5	17.7	13.9	10.8	5.6	2.6	10.6
1860	4.4	2.1	5.3	6.3	12.6	13.2	14.6	14.6	12.1	10.7	5	2.4	8.6
1861	1.1	5.7	6.7	7.2	11.5	15.5	16.4	17.5	14.1	12.9	5	5	9.9
1862	4.1	5.2	6.3	9.6	13.3	13.9	15.3	15.3	14.3	11.4	4.3	6.5	10
1863	5.7	5.7	6.6	9.8	11.4	14.9	16.3	16.8	12.2	11.1	7.7	6.4	10.4
1864	2.6	2.2	5.3	9.3	12.6	14.6	16.8	15.7	13.9	10.5	5.7	3.7	9.4
1865	2.5	2.8	2.6	11.6	13.8	16.5	18.1	15.8	17.7	10.7	7.3	6.1	10.5
1866	6.2	4.9	4.9	9.2	10.4	16.6	16.6	15.4	13.7	10.9	7.1	6.2	10.2
1867	1.4	7.3	3.3	9.9	12.2	15.1	15.6	16.9	14.3	9.5	5.3	3.2	9.5
1868	3.11	6.4	6.9	9.3	14.4	17.3	20.1	17.7	15.8	9	5.4	7.8	11.1
1869	5.2	7.6	3.3	10.5	10.6	13.4	18.2	16.1	15.1	9.6	6.3	3.3	9.9
1870	3.6	2.4	4.5	9.6	12.3	16.8	18.9	16.3	13.3	10.2	5.4	0.9	9.5
1871	0.8	5.9	7.2	9	11.3	13.1	16.7	18.3	14.3	9.8	3	3.6	9.4
1872	5.3	7.1	7.1	9.3	10.8	15.6	18.6	16.1	14.3	9.1	7.5	6.1	10.6
1873	5.7	1.5	5.6	7.9	10.7	15.2	17.8	17.2	12.7	9.1	6.9	4.8	9.6
1874	5.5	3.9	6.7	10.3	10.6	14.9	18.3	16	14.6	11.2	5.7	0.7	9.9
1875	6.4	1.9	4.9	8.3	13.1	15.6	15.5	17.6	16	9.6	5.9	3.7	9.9
1876	2.9	5.2	5.3	8.9	10.1	15.3	19.3	17.9	13.5	12	6.8	6.8	10.3
1877	6.1	6.7	5	7.8	9.7	16.8	16.4	16.8	11.8	9.7	7.8	5	10
1878	4.7	5.7	5.7	8.9	12.8	15.7	17.3	16.9	13.8	10.8	4.3	0.9	9.8
1879	-0.1	3.5	5.1	6.4	9.2	13.9	14.6	15.7	13.5	9.6	3.6	0.3	7.9
1880	0.7	5.6	6.8	8.4	11.4	14.2	16.4	17.1	15.4	8	6	6.3	9.7
1881	-0.2	3.3	5.9	7.7	12.2	14.8	18.6	15.1	13.2	7.4	9.4	4.4	9.3
1882	4.7	5.6	7.9	8.9	12.5	13.7	15.7	15.5	12.6	10.6	6.6	4.6	9.9
1883	5.2	6.1	2.4	8.3	11.7	14.9	15.4	16.8	13.8	10.4	6.5	4.7	9.7
1884	6.6	5.6	6.9	7.4	12.3	14.5	17.3	18.4	15.2	9.6	5.9	5.1	10.4
1885	2.6	6.6	4.6	8.7	9.9	15.3	17.6	14.8	13	8.1	6.4	3.9	9.3
1886	2.4	0.9	4.3	8.1	11.8	14.3	17.3	16.8	15.1	11.8	6.9	2.6	9.4
1887	2.1	3.8	3.3	6.8	10.1	16.1	19.2	16.9	12.4	7.3	4.9	3.3	8.9
1888	3.3	1.8	3.5	6.4	11.7	14.6	14.4	15.1	13.3	7.8	8.4	4.9	8.8
1889	2.9	2.9	4.8	7.6	13.4	16.3	16.1	15.6	13.3	9.3	6.8	3.1	9.3
1890	6.4	3	6.3	7.6	12.7	14.6	15.3	15.2	15.3	9.8	6.5	-1.2	9.3
1891	1.2	3.7	4.6	6.8	10.2	15.7	15.6	14.9	14.9	10.6	6.3	5.1	9.1
1892	2.6	3.9	2.9	8.1	12.7	14.5	15.3	16.5	13.6	7.5	7.3	2.6	9
1893	1.9	5.2	7.8	10.6	14.1	16.4	17.2	18.6	13.9	10.8	5.6	4.8	10.6
1894	3.6	5.4	6.9	10.6	10.2	14.8	16.6	15.4	12.4	10.2	8.3	5.8	10
1895	0.9	-1.6	6	8.8	13.3	16.3	17.1	16.7	16.6	8.2	8.6	4.6	9.6
1896	4.7	4.7	7.8	9.4	12.6	17.4	18.4	15.2	13.8	8.1	4.7	4.6	10.1
1897	1.9	6.2	7.3	7.9	11.3	16.3	18.1	17.2	13.1	10.6	7.7	5.2	10.2
1898	6.5	5.2	4.4	8.9	11.1	14.3	16.6	18.2	16.7	12.2	7.8	7.7	10.8
1899	6	5.5	5	8.4	10.6	15.8	18.8	18.6	14.6	9.6	8.9	2.8	10.4
1900	4.7	3.6	3.9	8.8	11	15.2	19.2	16	14.4	10.7	8	7.6	10.3
1901	3.8	2.2	4.1	9.2	11.7	14.8	18.2	16.9	14.4	10.3	5.2	4.4	9.6
1902	5.6	1.9	7	8.4	9.3	14.2	16.1	15.4	13.4	10.1	7.2	5.3	9.5
1903	5.1	7.3	7.9	6.9	11.9	13.4	16.4	15.3	14.2	11.6	7.3	3.7	10.1
1904	4.2	4.2	4.7	9.6	11.9	14.3	18.6	16.5	13	10.6	5.8	5.1	9.9
1905	3.6	5.8	7.3	8	11.8	15.3	18.9	15.8	13.4	7.7	5.5	4.8	9.8
1906	5.8	3.7	5.4	7.7	11.6	14.5	17.4	18.2	15.1	12.4	8.1	3.2	10.3
1907	3.8	3.2	6.8	8.1	11.4	13.6	14.8	15.8	14.4	10.8	7.4	5.6	9.6
1908	2.7	5.4	4.7	6.4	13.3	15.3	16.8	15.4	13.6	12.2	8.2	4.4	9.9
1909	3.8	2.7	4.1	9.5	11.7	12.2	15.6	16.6	12.7	11.6	5.5	4.7	9.2
1910	4.4	5.6	6.1	8	11.7	15.7	14.5	16	13.4	11.9	3.8	7	9.8
1911	3.4	5.1	5.5	7.9	13.4	15.3	19.6	19.7	15.7	10.3	6.8	6.9	10.8
1912	4.6	6.3	7.7	9.2	13.2	14.6	17.4	13.8	11.7	8.6	6.6	7.7	10.1
1913	5.1	4.9	6.9	8.2	12.7	14.9	14.7	15.6	14.3	11.5	9.1	5.5	10.3
1914	3.6	6.9	6.6	9.9	11.7	15.1	16.9	16.9	14	10.9	7.4	5.8	10.5
1915	4.3	4.7	5.3	8.1	11.8	14.8	15.9	16.1	13.9	9.4	4	6.8	9.6
1916	7.7	4.2	3.9	8.8	12.9	12	15.4	17.1	13.2	11.4	6.7	2.9	9.7
1917	1.9	1.7	3.4	5.6	13.6	16.8	16.8	15.9	14.8	8.3	8.2	2.2	9.1
1918	4.2	6.4	6.1	6.7	13.1	14	16.3	16.8	13.2	9.8	6.3	7.8	10.1
1919	3.2	2.1	4.5	7.4	13.6	15.3	14.2	17.6	14.1	7.4	3.9	6.1	9.1
1920	5.8	6.3	8	9	13.1	15.4	15.2	14.3	13.9	10.7	6.4	4.8	10.2
1921	7.8	5	7.8	8.8	12.6	15.5	19.8	17.1	15.4	13.5	4.2	7	11.2
1922	4.6	5.2	5.2	6.3	14.2	15.2	14.8	14.6	12.6	8.6	5.8	6.1	9.4
1923	5.3	6.2	6.8	8.2	10.7	13.1	19.1	16.8	13.6	10.7	3.8	3.9	9.9
1924	4.9	2.9	4.3	7.7	12.8	15.1	16.4	14.9	14.1	10.8	7.6	6.4	9.8
1925	5.4	5.6	4.9	7.9	12.6	16	17.8	16.2	12.1	11.2	4.7	3.7	9.8
1926	4.7	7.5	6.9	9.4	10.9	14.1	17.3	17.2	15.6	8.6	7.2	4.3	10.3
1927	5	4.6	7.6	8.9	12.2	13.7	16.1	16.2	13.2	10.7	6.4	2.3	9.7
1928	5.6	6.3	6.6	8.6	11.1	14.1	18.7	16.3	13.5	10.8	8.4	3.9	10.3
1929	1.6	-0.1	6.1	6.9	12.1	14.4	17.4	16.5	17.2	10.3	7.5	6.4	9.7
1930	6.7	3.3	6.1	8.8	11.8	16.2	16.4	17	14.6	11.2	7.4	4.8	10.4
1931	3.9	4.1	4.4	8.3	11.9	15.6	16.3	15.5	11.9	9.6	8.1	5.7	9.6
1932	6.7	3.2	4.8	7.4	11.2	14.8	16.9	18.8	14.3	9.6	7.3	5.8	10.1
1933	3	4.9	7.4	9.7	12.7	16.2	19.1	19.2	15.8	10.8	6.1	1.7	10.6
1934	4.2	3.4	5.3	8.8	12.6	16.1	19.1	16.4	15.7	11.4	6.7	8.5	10.7
1935	4.8	6.3	6.7	8.3	10.6	15.9	18.9	17.8	14.7	10.4	7.6	3.8	10.5
1936	4.9	2.9	7.4	6.8	12.2	15.9	16	16.9	14.9	9.8	6.7	5.7	10
1937	5.5	6.2	4.2	9.3	12.8	15.4	17.3	18.2	14.1	11.1	5.6	3.7	10.3
1938	6.4	4.9	9.4	7.9	11	16.1	16.3	17	14.7	10.4	9.9	4.4	10.7
1939	5.4	6	6.1	9.2	11.5	14.8	16.2	17	15.2	8.9	9.3	3.1	10.2
1940	-0.7	3.2	6.4	9	13.2	17	15.9	16.7	14.1	9.9	7.3	4	9.7
1941	1.2	4.1	5.3	6.8	9.6	15.9	18.9	15.2	14.8	10.7	7	5.7	9.6
1942	0.8	0.1	5.1	9.5	11.8	15.8	16.5	17.4	14.6	11.6	5.5	6.8	9.6
1943	5.5	5.8	6.9	11.7	13.4	15.2	17.5	17.2	14.1	11.6	6.3	4.2	10.8
1944	6.7	3.6	5.2	10.6	12.3	14.5	17.2	18.3	13.2	9.7	6.8	3.5	10.1
1945	0.8	7.7	8.4	10.8	13.4	15.7	17.8	16.5	15	12.2	7.7	5.3	10.9
1946	3.4	6.5	5.1	10.6	10.9	14	17.6	15.6	14.4	10.5	8.6	3.1	10
1947	1.9	-1.5	4.6	9.6	14.1	16.9	18.4	19.6	16.2	11.1	7.7	5.7	10.4
1948	6.4	5	8.5	10.1	12.2	14.6	16.5	15.9	14.8	10.3	7.6	6.4	10.7
1949	5.9	5.7	5.2	11.1	11.6	15.8	18.9	18.3	17.6	12.3	6.7	6.6	11.3
1950	99	99	99	99	99	99	99	99	99	99	99	99	99
1951	99	99	99	99	11.3	15.5	18.3	16.7	15.5	10.3	9.3	6.3	99
1952	4.1	3.4	7.3	10.6	14.5	16.4	18.6	17.8	11.9	10.2	4.2	3.5	10.2
1953	3.5	4.6	6.1	9.3	13.6	15.3	16.9	17.1	14.2	10.7	99	8.2	99
1954	3.8	3.7	6.9	8.1	12.6	14.7	15.8	15.9	14.3	13.3	7.9	7.4	10.4
1955	3.5	2.6	4.2	10.3	11.2	15.3	18.5	19.2	15.3	9.9	7.9	6.6	10.4
1956	4.8	-0.1	6.7	99	13.3	14.2	17.1	99	15.5	10.4	6.7	6.9	99
1957	6.2	6.4	9.9	9.5	11.4	17.1	18.5	16.7	99	11.9	7.3	5.4	99
1958	4.5	6.8	4.6	8.3	12.6	14.9	17.5	17.1	16.3	12.1	7.3	5.8	10.7
1959	2.8	4.6	8.25	10.6	13.05	16.35	19.35	19.1	16.85	13.45	7.55	6.7	11.55	
1960	4.7	5.2	6.95	9.75	13.7	16.85	16.3	16.25	14.2	11.1	8.35	4.9	10.69	
1961	4.3	7.9	8.95	11	11.85	16.2	17	17.05	16.5	11.7	7.1	3.9	11.12	
1962	5.25	5	3.75	8.8	11.2	14.55	16.25	16.15	13.75	11.7	6.45	2.4	9.6	
1963	-1.5	-0.45	6.85	9.3	11.5	15.85	16.05	15.55	14.1	11.75	9.5	3.15	9.3	
1964	3.3	5	4.9	9.25	14.7	15.1	17.85	17.3	15.4	9.5	8.55	4.35	10.43	
1965	4.4	4.05	6.45	9.25	12.9	15.4	15.5	16.55	13.55	11.85	5.7	5.7	10.11	
1966	3.25	7.2	7.25	9	12.5	16.8	16.4	16.2	15.45	11.95	6.7	6.4	10.76	
1967	5.25	6.4	8.45	8.5	12.15	15.4	18.85	16.9	15	12.25	6.2	4.75	10.84	
1968	4.55	3	7.4	8.45	11.1	16	16.55	16.8	15.4	13.75	7.3	3.15	10.29	
1969	6.15	1.95	4.6	9	12.75	15.15	19.15	17.6	15.45	13.9	6.85	3.8	10.53	
1970	4.55	4.2	4.6	7.7	13.95	17.9	16.8	17.25	15.65	12.1	8.7	4.45	10.65	
1971	5.4	5.5	5.95	8.4	12.9	13.9	18.1	17.15	15.15	12.85	7.3	7	10.8	
1972	4.2	5.3	7.7	9.6	11.95	13.45	17.45	16.85	13.1	11.75	7.15	6.5	10.42	
1973	5.1	4.85	7.2	8.35	12.8	16.75	17.1	18.6	16	10.55	6.75	6.05	10.84	
1974	7.1	6.6	6.8	9.25	12.55	15.5	17.1	16.75	13.6	8.6	8.3	8.75	10.91	
1975	8	5.65	5.75	9.2	10.95	15.9	18.9	19.95	15.35	10.8	7.05	4.95	11.04	
1976	6.4	5.05	5.85	9.15	13.8	19.15	20.45	18.7	15	11.8	7.1	3.2	11.3	
1977	3.95	6.7	7.9	8.25	11.7	13.35	17.5	16.5	14.5	12.8	8.15	6.95	10.69	
1978	4.1	3.95	7.7	7.3	12.3	15.4	16.55	16.5	15.8	12.6	9.45	5.45	10.59	
1979	1.1	2.25	5.8	8.85	11.9	15.55	18.15	16.5	14.85	12.6	7.45	6.95	10.16	
1980	3.75	6.6	6	9.5	11.75	15.65	16.05	17.75	16	10.3	7.35	6.3	10.58	
1981	5.6	3.65	9.25	8.8	12.1	14.85	17.35	17.8	15.8	9.7	8.65	2	10.46	
1982	3.7	5.6	6.7	9.6	12.75	17.2	18.15	17.65	16.1	11.4	9.3	5	11.1	
1983	7.6	2.35	7.25	8.15	11.45	16.35	21.3	18.75	15.45	11.55	8.45	6.4	11.25	
1984	5.2	4.65	5.95	8.65	10.6	16.15	18.05	18.8	14.8	12.2	9.7	5.9	10.89	
1985	1.35	3.5	5.85	10	11.8	14.4	17.95	16.3	15.7	12.45	4.9	7.95	10.18	
1986	4.6	-0.1	6.2	7.3	12.4	15.85	18.1	15.45	12.55	12.4	8.85	6.85	10.04	
1987	1.2	4.7	5.2	11.3	11.3	14.65	17.55	17.5	15.6	11.25	7.4	6.35	10.33	
1988	6.35	5.9	7.8	9.25	13.3	15.25	16.2	17.05	14.9	12.15	6.35	7.9	11.03	
1989	6.95	6.45	8.85	8.15	15.25	16.1	20.05	18.6	16.35	13.4	7.1	6.85	12.01	
1990	7.6	8.85	9.3	9.15	14.15	14.5	18.1	20.15	14.15	13	7.8	5.2	11.83	
1991	4.9	1.55	8.85	8.7	10.9	13.75	18.35	18.6	15.6	10.65	7.25	4.85	10.33	
1992	4.85	6.35	8.7	9.65	14.85	16.4	18.1	17.7	14.8	8.95	8.8	4.75	11.16	
1993	7.1	4.95	7.6	11	13.55	16.85	17.45	16.4	13.3	10.15	5.65	7.05	10.92	
1994	6.4	4.3	9.05	9.35	11.8	16.35	20.3	18.1	14.1	10.95	10.95	7.6	11.6	
1995	5.55	8.05	7.15	10.5	13.1	15.7	20.45	20.7	14.8	14	8.7	3.5	11.85	
1996	5.05	3.5	5.25	9.7	10.3	16.45	18.2	18	14.7	12.45	7.1	4.05	10.4	
1997	2.75	8	10.2	11.05	13.8	16	18.4	21	16.4	12.05	9.55	6.95	12.18	
1998	6.45	8.45	9.5	9.4	15.3	15.9	17.1	18.3	16.5	11.6	7.05	6.6	11.85	
1999	7.25	6.2	8.9	10.95	14.3	15.6	19.35	18.35	17.15	12.15	8.95	6.2	12.11	
2000	6.1	7.8	9.1	9.45	14.1	16.95	17.05	18.8	16.45	11.8	8.35	7.1	11.92	
2001	4.75	6.45	6.85	9.35	14.05	16.15	19.4	19	14.75	14.75	8.3	4.75	11.55	
2002	6.85	8.6	9.25	11.25	13.45	15.95	18.1	19	15.95	11.8	10.1	7	12.28	
2003	5.55	5.3	9.45	11	13.75	18.3	19.4	21.25	16.55	10.55	10.2	6.45	12.31	
2004	6.3	6.6	8.05	11.15	14.05	17.4	18.25	20.05	99	99	99	99	99