1949	22.1	24.4	27.9	29.0	29.6	30.1	28.9	28.3	28.4	28.1	26.1	22.6	27.11
1950	22.1	24.1	27.1	99	30.6	29.3	28.8	28.6	99	99	99	99	27.02
1951	99	99	99	99	99	99	99	99	99	99	99	99	99
1952	99	25.4	26.4	28.9	30.3	28.9	28.5	28.1	27.6	27.7	26.0	21.5	26.82
1953	22.9	24.4	26.7	29.7	29.0	29.0	28.4	27.9	28.2	28.0	26.0	23.5	26.81
1954	22.7	24.7	27.0	30.1	28.9	29.2	29.3	28.4	28.5	26.9	25.5	22.4	27.06
1955	21.4	23.7	26.2	28.7	29.6	99	99	99	99	99	99	99	99
1956	99	99	99	99	28.7	28.5	28.1	28.0	27.7	26.9	24.5	22.3	99
1957	22.2	22.9	27.1	30.3	30.6	28.9	28.2	28.3	28.0	27.4	26.1	23.4	26.86
1958	22.8	24.2	28.7	30.4	31.0	29.3	28.6	28.5	28.2	27.6	24.4	20.5	27.26
1959	22.6	24.1	27.5	31.3	30.1	29.3	28.4	27.9	27.5	26.9	25.8	25.5	26.83
1960	22.9	24.2	26.7	31.2	30.2	29.1	28.3	27.9	27.3	27.0	26.2	22.2	27.21
1961	21.7	24.6	26.9	29.2	28.9	28.0	28.1	27.4	27.4	26.6	25.1	22.7	26.34
1962	21.9	23.2	26.7	29.5	30.3	28.7	28.4	28.1	28.0	26.7	24.9	21.6	26.59
1963	20.5	23.3	26.8	29.0	31.0	28.5	27.7	28.0	28.4	26.9	25.4	22.1	26.43
1964	21.7	24.0	27.3	29.3	28.7	28.6	27.8	28.0	27.7	27.2	24.4	21.5	26.40
1965	21.0	24.2	26.3	29.7	30.6	28.6	28.8	27.8	27.7	26.6	24.6	23.9	26.45
1966	23.6	24.9	27.3	30.9	30.3	28.9	28.6	27.6	27.5	27.0	25.8	24.5	27.19
1967	22.4	23.6	27.2	29.7	29.2	28.9	28.5	27.8	27.3	26.6	24.9	22.3	26.72
1968	22.1	23.1	27.2	28.5	28.6	28.4	28.6	28.2	28.1	27.3	99	99	26.48
1969	99	99	99	99	99	99	99	99	99	99	99	99	99
1970	99	99	99	99	99	99	99	99	99	99	99	99	99
1971	21.1	23.4	27.5	29.6	29.2	28.3	27.7	27.4	28.1	26.2	22.9	21.9	26.07
1972	20.9	23.7	26.9	28.4	29.9	29.0	29.0	27.9	28.4	27.8	25.9	22.9	26.64
1973	21.3	24.4	26.8	30.4	29.0	29.1	28.4	27.6	27.6	27.6	24.3	20.7	26.62
1974	19.3	22.3	26.8	99	99	99	99	99	99	27.6	25.3	22.6	99
1975	22.9	25.6	28.7	31.4	29.9	29.1	28.6	28.1	28.2	28.4	25.9	21.5	27.45
1976	19.3	22.0	26.3	29.2	27.9	27.9	28.2	26.9	28.4	26.8	26.3	23.7	25.89
1977	22.8	22.5	99	99	99	99	99	99	99	99	99	99	99
1978	99	99	99	29.4	28.5	99	28.1	27.7	27.6	26.8	25.8	23.2	26.48
1979	23.8	25.7	28.4	30.9	29.9	28.8	29.0	27.8	28.1	26.7	24.8	23.0	27.26
1980	21.7	24.4	28.3	31.0	29.9	28.2	27.8	27.8	27.1	26.4	25.0	23.1	26.72
1981	21.9	23.9	27.7	29.4	28.4	27.5	27.1	27.3	27.5	27.1	25.0	20.9	26.33
1982	21.2	23.8	27.7	28.4	28.8	27.7	27.8	27.4	26.8	26.9	25.5	20.5	26.08
1983	21.0	25.1	28.6	31.7	30.4	28.9	29.0	27.9	27.5	26.7	23.1	20.7	26.70
1984	21.5	26.2	28.1	30.1	28.7	27.8	27.4	27.3	27.0	25.7	24.8	22.5	26.28
1985	23.3	25.1	28.5	30.1	28.8	27.3	27.0	27.2	27.4	26.6	24.4	22.0	26.52
1986	21.6	24.5	26.2	29.1	28.4	28.2	27.4	27.8	27.2	26.6	25.1	22.7	26.18
1987	22.5	24.0	27.2	29.5	29.7	28.3	28.3	27.7	27.7	27.6	26.4	99	26.80
1988	99	99	99	99	99	99	99	99	99	99	23.4	21.6	99
1989	22.6	23.9	27.7	30.1	29.1	28.0	28.1	28.1	27.7	26.7	24.7	20.4	26.53
1990	22.5	24.3	27.6	29.9	28.0	28.6	27.8	28.4	27.6	27.3	25.3	22.4	26.48
1991	22.3	24.6	28.7	30.3	30.4	28.4	28.3	27.4	28.0	27.1	24.4	22.2	26.86
1992	21.0	22.6	27.4	30.8	31.3	29.8	28.0	28.0	27.5	25.6	23.4	20.4	26.47
1993	20.9	22.6	27.3	28.9	28.8	28.7	28.4	27.5	27.6	26.5	24.1	22.0	25.98
1994	22.9	25.7	27.7	29.5	28.3	27.8	27.4	26.5	27.2	25.7	24.2	22.5	26.24
1995	22.7	24.1	29.1	31.2	29.3	29.4	28.3	27.4	27.5	27.2	24.7	21.5	26.95
1996	21.0	23.4	28.2	29.5	28.8	27.9	27.9	27.0	27.2	26.6	25.2	22.6	26.18
1997	20.9	23.2	27.5	27.7	30.3	29.8	28.4	27.6	27.3	27.2	25.2	23.7	26.48
1998	22.8	24.6	28.9	31.2	30.4	30.4	28.6	28.4	27.8	27.6	25.6	24.5	27.50
1999	24.1	26.8	27.4	29.3	27.4	27.8	28.0	26.9	26.9	26.3	25.1	20.5	26.71
2000	22.8	24.7	26.8	29.2	27.6	27.7	27.5	27.7	26.8	26.9	24.3	23.6	26.04
2001	24.4	26.0	27.5	99	28.0	28.1	27.5	27.9	27.4	26.9	23.2	23.7	26.64
2002	22.5	25.0	27.5	30.3	28.8	28.2	27.8	27.2	26.9	26.7	25.0	23.8	26.63
2003	22.2	24.2	27.0	29.7	29.1	27.6	28.3	27.8	27.8	27.5	25.3	22.6	26.69
2004	22.5	24.8	29.0	31.3	28.7	27.7	27.2	27.6	26.8	26.5	25.2	20.9	26.66
2005	22.8	26.0	27.8	30.1	29.6	28.6	28.4	27.2	27.0	27.0	25.5	22.8	26.74
2006	22.2	25.7	28.7	29.4	27.5	28.6	27.4	27.0	27.7	26.8	25.0	22.8	26.57
2007	22.0	24.3	27.5	30.5	27.4	99	99	99	99	99	99	99	99
2008	99	24.5	27.8	29.9	27.4	28.0	27.8	27.3	27.0	26.7	24.2	21.6	26.12
2009	21.4	25.4	27.1	29.6	28.5	27.7	27.8	28.0	28.0	27.4	25.1	22.5	26.47
2010	24.2	99	27.8	31.6	31.4	29.7	99	27.1	27.5	26.9	24.8	23.5	27.27
2011	22.7	24.5	25.4	27.3	99	27.8	27.7	26.9	27.2	26.5	25.0	23.1	25.96
2012	23.1	25.2	27.5	29.4