1949	22.5	26.8	30.3	30.0	29.2	29.6	28.1	28.3	27.7	27.1	25.4	25.1	27.31
1950	24.4	26.5	29.2	30.3	29.3	28.7	28.6	29.1	27.7	26.6	26.0	21.6	27.63
1951	23.5	26.6	29.4	31.2	29.3	28.4	28.4	27.8	27.9	26.9	26.0	23.5	27.25
1952	24.3	28.1	28.9	29.9	29.6	28.5	28.2	27.5	27.6	26.5	25.2	24.5	27.32
1953	24.2	26.1	28.6	29.9	29.0	28.7	28.6	28.4	27.9	27.7	26.2	22.6	27.48
1954	26.1	26.3	27.4	30.6	29.1	29.3	29.2	28.5	27.2	26.0	23.5	22.0	27.15
1955	21.2	27.1	29.4	29.4	29.5	28.3	28.4	28.2	27.7	26.2	23.6	21.6	26.75
1956	22.2	27.7	29.8	29.5	28.8	28.8	28.0	27.7	27.5	25.8	23.0	22.0	26.70
1957	23.8	26.5	28.4	29.5	30.7	29.3	28.9	28.5	27.8	26.5	25.3	24.2	27.27
1958	24.6	26.9	30.8	31.1	31.1	29.4	28.4	28.3	27.2	26.2	23.5	21.8	27.64
1959	22.9	27.8	27.4	30.5	30.0	30.3	28.0	28.2	27.7	26.4	25.6	27.3	27.22
1960	24.0	25.1	30.4	31.2	30.4	29.1	28.5	28.7	27.9	26.7	25.7	22.5	27.92
1961	22.4	27.8	28.9	30.2	28.6	28.0	27.9	28.2	28.0	26.7	25.4	24.6	27.05
1962	22.1	24.9	28.9	30.5	29.6	28.9	28.1	27.9	27.2	26.7	25.2	21.8	27.05
1963	19.8	24.7	28.1	28.7	29.8	28.6	27.7	27.9	27.5	26.9	26.2	23.2	26.48
1964	25.9	25.9	28.7	30.9	28.5	29.0	28.3	28.1	27.5	27.1	23.4	22.0	27.21
1965	21.8	26.6	27.8	29.7	28.9	28.5	28.6	28.4	27.2	27.2	25.9	25.4	26.88
1966	25.6	27.8	30.1	30.4	28.5	29.2	28.9	28.1	27.0	27.2	25.3	25.3	27.79
1967	23.0	25.3	28.8	29.7	29.4	29.2	29.0	99	99	99	99	99	27.30
1968	99	99	99	99	29.4	29.6	29.0	28.7	28.2	26.8	26.6	25.9	99
1969	27.2	28.0	30.7	31.0	30.8	29.7	28.3	28.5	27.8	27.4	24.3	22.3	28.30
1970	24.5	26.8	30.5	29.5	30.4	29.2	29.1	28.0	28.3	26.7	24.7	25.0	27.50
1971	22.3	24.8	27.5	28.9	27.7	27.7	27.0	27.1	26.9	25.2	22.9	23.2	26.08
1972	21.7	27.0	26.9	27.9	31.2	28.1	28.9	28.6	27.0	27.2	26.0	24.3	26.98
1973	24.1	27.4	29.6	30.5	28.9	29.2	28.2	28.0	27.3	26.0	23.9	21.5	27.28
1974	23.3	24.4	26.7	28.2	28.0	28.3	28.3	27.5	27.0	26.5	24.8	23.9	26.21
1975	23.9	26.9	29.0	30.6	28.6	28.1	27.9	27.8	26.7	26.2	24.1	20.5	26.98
1976	20.7	26.2	27.5	29.8	28.2	29.7	28.3	26.8	27.1	26.9	23.5	23.3	26.27
1977	24.0	23.6	27.7	29.1	28.6	30.0	28.8	28.0	26.7	27.0	23.9	23.6	26.73
1978	25.1	26.1	29.7	30.0	28.9	29.1	27.6	27.9	26.9	26.2	24.6	23.4	27.14
1979	26.3	28.0	31.3	30.7	29.5	28.4	29.1	28.4	27.6	26.3	24.3	23.6	27.78
1980	24.0	26.6	29.5	30.1	29.4	27.6	28.5	28.0	26.8	26.4	25.0	23.6	27.13
1981	22.7	27.0	28.9	29.0	28.2	28.7	27.7	28.3	27.7	26.8	25.1	21.7	26.98
1982	22.8	27.1	29.6	28.4	29.9	28.5	28.5	27.6	26.4	26.8	26.5	21.4	26.98
1983	22.7	27.9	29.6	32.2	30.1	28.9	28.6	27.6	27.1	26.3	23.8	22.3	27.18
1984	22.6	26.8	28.2	30.0	28.6	28.2	27.7	27.6	26.9	25.7	25.0	23.5	26.63
1985	23.9	27.5	28.1	29.1	27.4	28.1	27.6	28.1	27.1	26.6	26.0	22.7	26.92
1986	22.2	26.7	27.8	29.4	28.9	30.1	28.8	28.5	28.0	26.7	25.0	23.5	27.07
1987	24.2	26.9	28.9	30.5	29.6	29.4	29.4	28.6	27.6	27.3	26.5	21.1	27.70
1988	25.0	27.2	29.3	29.4	28.8	29.0	28.5	28.1	27.7	26.3	23.9	22.8	27.03
1989	25.6	26.6	27.2	30.8	29.0	28.6	28.3	28.2	27.8	26.6	25.2	23.3	27.23
1990	25.9	27.5	28.4	31.1	29.1	29.3	28.8	28.6	27.8	26.6	25.8	23.9	27.68
1991	26.5	26.6	30.4	30.2	29.4	28.8	29.0	27.7	27.7	26.3	24.8	24.1	27.61
1992	23.1	26.7	30.1	31.4	30.3	28.8	28.6	27.6	27.7	25.4	23.9	24.2	27.31
1993	23.7	25.8	28.9	29.9	29.3	29.3	29.1	27.8	27.3	26.5	25.4	23.0	27.27
1994	24.8	28.7	27.5	30.6	29.2	28.5	28.7	28.1	27.7	26.0	25.9	25.3	27.39
1995	24.6	26.5	29.5	30.8	29.4	29.6	28.1	28.0	27.3	26.7	25.0	23.1	27.57
1996	24.8	24.8	29.3	29.3	28.6	28.7	28.2	27.9	27.1	26.7	25.7	22.7	27.02
1997	23.6	26.8	28.6	28.5	29.9	30.6	28.9	28.6	27.9	27.6	26.9	26.5	27.55
1998	27.3	28.8	31.1	31.1	31.0	30.9	29.4	28.6	27.7	27.5	26.0	24.3	28.83
1999	24.8	26.8	29.9	28.7	28.1	28.3	28.7	28.3	27.6	26.8	25.3	21.4	27.30
2000	25.0	25.1	28.7	99	28.3	28.2	28.2	28.4	26.9	27.3	24.8	25.1	26.81
2001	26.6	27.6	28.1	32.0	29.7	28.9	29.0	28.3	28.7	27.8	24.0	22.1	27.98
2002	24.6	27.8	29.0	31.1	28.8	29.7	29.3	28.0	27.2	27.2	26.2	26.0	27.58
2003	24.0	27.0	27.9	30.4	29.9	29.4	28.4	28.5	27.4	27.3	26.6	23.6	27.73
2004	24.8	25.0	29.9	30.5	29.3	28.4	28.5	28.6	27.8	27.0	26.7	23.6	27.51
2005	24.9	29.3	28.4	30.2	30.2	29.9	28.7	28.7	27.3	27.1	26.1	23.7	27.87
2006	25.0	27.3	28.9	29.4	28.8	29.2	29.0	28.6	27.4	27.5	27.5	24.4	27.69
2007	24.3	27.4	30.1	29.7	28.3	99	29.2	28.4	27.8	26.5	24.2	25.7	27.48
2008	24.6	24.4	28.7	29.3	28.4	28.6	99	28.1	27.4	27.3	25.2	23.0	27.17
2009	22.4	28.2	28.4	99	99	29.1	28.8	28.7	27.8	99	25.8	25.4	27.48
2010	25.7	28.9	29.4	31.3	31.0	30.2	28.6	27.9	27.5	26.6	25.8	25.0	28.19
2011	22.7	26.7	26.1	28.8	29.0	29.3	28.4	27.8	27.5	99	26.4	23.1	27.09
2012	25.6	27.8	28.9	29.4