1903	99	99	99	99	99	99	99	99	99	99	99	17.70	99
1904	19.30	18.20	16.00	13.60	11.40	8.90	9.20	9.60	12.50	13.00	16.00	17.50	13.78
1905	19.20	18.70	17.00	12.70	11.30	9.60	8.20	9.50	11.70	13.10	15.70	16.30	13.68
1906	19.40	19.80	17.50	14.30	10.90	6.60	7.20	8.20	10.70	13.20	16.60	18.30	13.39
1907	18.90	19.40	15.90	12.00	9.50	7.00	7.60	9.50	10.30	13.20	16.10	17.60	13.14
1908	18.70	20.70	17.90	12.80	10.20	8.20	7.80	8.50	10.20	13.70	15.10	19.20	13.45
1909	19.40	18.20	17.20	13.20	9.80	8.10	7.10	8.00	10.30	14.20	14.90	18.70	13.30
1910	19.70	18.20	14.70	15.50	10.10	5.50	6.50	7.60	9.80	13.30	16.40	17.40	13.00
1911	19.10	18.00	15.20	12.90	10.30	6.60	7.50	7.30	9.80	13.00	16.40	17.80	12.79
1912	19.00	18.20	16.30	13.10	8.90	7.50	6.70	8.90	11.70	13.80	15.60	18.30	13.12
1913	19.10	19.00	15.90	13.20	10.80	8.50	7.50	9.00	11.40	13.00	17.50	17.90	13.60
1914	20.80	19.90	16.50	12.80	10.00	8.10	9.60	9.40	10.30	12.50	14.30	17.50	13.51
1915	18.50	19.10	16.70	14.00	10.30	7.90	8.20	9.00	11.30	13.10	17.40	19.60	13.58
1916	19.30	18.00	15.70	14.00	10.10	4.90	6.00	8.20	10.40	13.20	17.00	17.80	13.03
1917	18.80	18.10	16.40	12.80	9.10	8.10	7.10	9.60	10.30	13.50	15.90	17.70	13.12
1918	18.40	18.60	17.00	14.20	10.30	7.70	6.90	10.10	9.40	12.50	14.40	20.00	13.10
1919	19.80	18.20	16.80	14.40	12.90	6.90	8.20	9.60	9.40	13.80	14.80	19.10	13.73
1920	19.30	18.30	17.80	13.30	10.80	7.30	6.40	9.10	11.30	12.50	16.30	18.00	13.46
1921	19.10	18.00	15.80	13.10	11.60	5.50	6.60	8.80	10.30	13.40	16.60	18.00	13.07
1922	18.50	18.30	15.80	12.60	10.00	6.50	7.90	7.60	10.60	12.00	15.20	18.30	12.75
1923	18.60	17.50	16.40	13.10	8.30	7.10	5.90	8.20	10.80	11.10	16.40	16.70	12.64
1924	18.70	17.90	16.00	13.10	9.00	7.10	8.10	8.90	11.30	14.60	16.00	19.10	13.12
1925	20.00	18.10	17.00	13.00	9.40	8.40	7.60	10.30	11.40	13.60	15.60	19.10	13.62
1926	20.20	19.50	17.60	14.30	10.10	7.80	7.40	8.80	10.50	14.90	16.20	18.30	13.87
1927	19.90	19.10	17.20	14.00	9.30	8.30	7.30	9.60	9.80	13.20	15.80	18.00	13.48
1928	18.10	17.60	16.80	13.00	10.10	7.50	8.10	8.80	10.20	13.40	16.80	17.90	13.20
1929	18.50	18.60	15.80	14.40	9.30	8.10	7.90	8.10	11.10	12.50	17.40	18.20	13.30
1930	19.70	18.40	17.80	13.70	10.80	9.40	8.10	9.00	13.80	12.90	16.60	17.80	14.03
1931	20.20	20.10	18.10	13.40	9.00	8.60	6.60	8.40	10.30	15.30	15.30	20.80	13.59
1932	20.80	20.00	17.00	13.60	10.40	8.80	9.10	8.10	10.50	13.60	16.10	18.30	14.07
1933	19.80	19.50	16.80	13.60	10.30	7.80	5.60	9.40	10.50	13.60	16.90	18.40	13.51
1934	20.50	18.60	16.40	12.90	10.50	7.90	7.20	9.40	10.90	12.30	15.90	18.10	13.41
1935	20.70	18.90	17.90	13.60	11.70	6.90	5.70	9.50	9.60	11.40	17.60	18.70	13.47
1936	20.20	18.70	16.30	14.40	10.00	7.40	7.50	7.80	11.20	13.80	16.50	18.90	13.54
1937	20.10	19.10	17.00	13.50	11.20	7.80	7.20	9.20	10.30	13.80	15.50	19.50	13.63
1938	18.60	19.10	16.00	11.60	9.20	7.40	7.10	7.20	11.30	13.70	16.90	19.90	13.13
1939	20.70	18.90	17.20	13.50	10.00	8.80	8.10	10.60	12.20	13.50	16.20	18.80	14.13
1940	20.30	19.10	16.60	14.20	11.30	8.80	9.00	8.90	11.20	14.70	15.70	18.80	14.05
1941	20.80	19.20	17.00	12.70	10.10	7.60	8.30	8.40	10.90	15.60	14.80	18.60	13.68
1942	21.00	19.50	16.50	13.10	11.00	5.70	6.40	7.70	10.90	14.30	16.60	19.10	13.44
1943	20.80	20.30	16.10	13.60	10.60	7.60	7.60	7.90	11.20	14.60	16.70	19.40	13.84
1944	19.90	19.90	17.50	14.40	9.30	8.90	9.00	7.90	12.50	13.60	17.70	20.30	14.17
1945	19.80	18.90	17.90	15.30	12.00	8.90	7.30	9.50	12.80	16.10	16.50	18.60	14.61
1946	19.40	19.30	17.20	13.20	10.60	8.20	8.20	9.20	12.60	13.50	17.80	19.50	13.98
1947	21.40	19.30	17.90	14.30	11.30	9.10	7.40	8.60	10.60	13.70	17.10	19.10	14.18
1948	19.90	19.10	16.50	12.40	9.70	8.40	6.60	8.10	11.40	13.50	16.70	19.60	13.45
1949	20.60	19.20	16.60	14.10	11.60	7.20	7.20	8.10	10.00	15.00	16.40	19.20	13.80
1950	19.80	19.80	16.80	12.40	10.20	7.10	6.80	8.90	11.20	13.00	15.20	19.60	13.37
1951	18.30	18.00	17.50	13.00	12.30	8.30	9.10	9.90	11.40	14.50	16.80	18.80	14.06
1952	99	20.30	17.80	14.70	11.10	6.40	7.90	9.70	12.30	13.60	16.40	19.50	14.12
1953	19.70	19.70	17.00	13.40	10.50	7.70	6.80	9.40	11.10	11.00	16.90	18.50	13.56
1954	19.60	19.90	17.90	12.90	8.40	7.30	6.20	9.30	10.00	12.40	17.20	19.30	13.30
1955	20.90	19.50	16.50	12.40	9.60	8.30	4.90	7.60	10.80	13.20	18.00	19.30	13.42
1956	18.90	19.90	16.00	11.70	9.70	6.10	8.00	8.80	10.00	14.10	18.00	19.00	13.38
1957	20.40	19.80	18.00	13.60	99	8.30	7.40	9.20	11.00	13.20	17.40	19.70	14.02
1958	20.90	19.20	17.50	14.60	8.90	8.40	9.00	7.80	10.10	14.60	16.90	18.30	13.97
1959	19.40	19.70	17.60	12.50	10.40	7.50	8.20	8.60	11.90	13.40	16.80	20.10	13.69
1960	20.30	20.20	17.80	15.20	10.00	9.40	6.90	9.20	11.30	13.80	99	20.10	14.25
1961	20.40	20.10	17.30	14.30	11.40	7.50	8.60	10.00	9.70	14.80	16.70	19.70	14.24
1962	20.20	18.90	17.80	13.80	10.80	7.70	7.30	9.90	10.60	14.30	17.60	20.30	14.05
1963	20.00	19.90	16.90	15.40	10.80	7.80	8.20	8.90	9.70	12.90	14.90	19.60	13.81
1964	20.50	18.80	16.60	12.20	11.00	7.10	6.80	8.00	11.80	14.50	17.70	18.40	13.72
1965	21.20	20.50	99	13.70	9.90	11.00	8.00	8.20	10.80	13.00	16.20	18.20	13.97
1966	19.90	17.80	15.90	13.20	11.50	7.60	7.80	7.50	9.90	13.60	16.00	17.20	13.24
1967	19.50	19.00	16.70	13.70	10.40	4.80	5.40	7.80	9.40	13.70	16.30	19.40	12.82
1968	20.60	19.60	15.70	12.60	10.20	7.90	7.80	10.00	11.60	13.10	17.20	18.80	13.81
1969	21.10	18.90	16.60	13.70	10.40	7.80	8.10	9.30	12.30	13.20	16.20	20.30	13.87
1970	19.30	19.80	18.00	15.10	10.30	6.00	6.90	8.30	11.30	13.60	16.20	19.70	13.76
1971	18.70	17.70	15.60	11.90	10.60	6.80	8.90	8.20	10.70	14.20	18.60	18.90	13.47
1972	21.30	20.20	17.00	12.90	11.20	9.80	6.30	9.30	11.20	12.40	15.10	20.20	13.80
1973	21.10	18.40	16.50	13.20	10.60	7.60	9.70	8.10	10.10	12.20	16.50	17.90	13.68
1974	20.10	17.80	16.30	13.00	10.40	6.60	6.20	9.40	10.60	13.80	15.80	17.90	13.16
1975	19.70	18.60	16.00	13.30	10.20	8.30	6.70	8.00	10.10	13.90	15.70	19.40	13.20
1976	20.50	18.90	16.00	12.80	9.50	7.60	7.30	8.50	10.70	13.70	17.60	20.00	13.54
1977	21.20	19.90	16.70	13.50	10.80	7.30	6.30	7.90	10.30	12.80	16.50	18.20	13.60
1978	19.20	18.50	15.30	12.20	10.00	7.60	9.50	7.10	10.30	13.70	16.70	19.10	13.19
1979	19.20	18.10	15.80	12.10	10.40	5.20	7.80	10.00	9.50	12.90	15.60	18.70	12.97
1980	20.90	19.70	18.20	14.00	10.40	7.50	6.30	7.80	9.60	12.60	15.00	18.40	13.39
1981	18.80	19.00	16.30	17.80	11.10	6.90	6.40	8.70	10.00	12.10	15.40	18.40	13.41
1982	18.90	17.90	16.40	12.60	9.20	8.50	8.40	9.00	10.70	12.60	15.10	19.30	13.14
1983	19.80	19.70	16.40	13.40	8.80	5.50	5.80	8.50	8.80	13.90	17.00	19.00	13.07
1984	20.10	18.00	16.40	12.30	7.70	6.40	7.10	7.40	11.10	13.90	15.20	18.40	12.88
1985	19.30	19.20	16.40	12.10	9.90	8.70	6.90	7.40	11.10	13.50	99	99	13.28
1986	99	99	99	99	99	99	99	99	99	99	99	99	99
1987	99	99	99	99	99	99	99	99	99	99	99	99	99
1988	99	99	99	99	99	99	99	99	99	99	99	19.30	99
1989	99	99	99	99	99	99	99	99	99	99	99	99	99
1990	99	99	99	13.50	99	99	99	99	99	99	99	99	99
1991	99	99	99	14.00	12.00	8.80	7.30	7.00	11.80	13.00	16.30	99	13.91
1992	20.50	99	99	12.90	10.20	7.20	5.90	8.70	10.70	14.00	16.30	18.70	13.27
1993	20.50	19.70	18.00	13.60	8.70	8.60	5.30	8.10	9.80	13.40	16.20	19.10	13.38
1994	19.90	18.60	17.00	14.40	10.20	99	7.20	7.70	12.20	13.70	17.10	19.80	13.69
1995	20.40	18.60	16.90	14.30	11.60	9.40	6.60	7.60	11.30	14.00	16.60	19.30	13.93
1996	19.40	19.30	17.50	12.10	9.50	7.30	8.40	8.80	11.00	14.20	18.10	19.20	13.74
1997	21.10	19.90	17.70	15.20	11.40	9.10	8.70	10.30	12.00	12.70	16.50	18.60	14.48
1998	21.00	18.80	17.40	13.70	11.20	8.50	7.00	8.40	10.90	15.70	16.60	20.00	13.98
1999	19.50	19.90	16.60	13.60	10.80	8.70	7.00	9.10	10.60	13.50	16.60	18.80	13.82
2000	20.00	18.70	16.70	13.30	9.80	8.60	7.40	9.10	10.50	13.90	17.00	99	13.65
2001	20.00	20.00	17.70	13.30	9.90	7.20	9.10	9.70	10.00	14.40	16.20	20.50	13.90
2002	20.50	19.70	18.20	13.10	11.00	7.10	7.90	9.80	11.50	13.70	16.20	18.70	14.10
2003	21.10	19.40	17.60	13.60	9.60	10.30	7.00	9.10	12.00	15.80	18.10	18.70	14.36
2004	20.50	19.20	18.10	14.20	9.20	8.40	8.10	9.00	11.90	14.10	16.80	19.90	14.02
2005	20.40	19.80	18.10	14.20	9.90	10.70	8.30	10.50	10.40	13.40	17.30	18.60	14.41
2006	21.10	20.20	16.90	14.00	11.30	10.00	9.70	10.50	12.40	14.40	16.90	19.40	14.67
2007	20.60	18.70	17.60	13.10	8.80	6.0	7.0	6.5	10.3	14.2	17.5	19.1	13.31
2008	21.9	20.4	18.2	14.7	11.0	7.6	8.4	9.1	11.7	14.6	18.3	20.0	14.58
2009	21.6	20.4	19.3	15.9	12.0	8.7	8.0	10.1	10.3	15.1	16.4	19.9	14.82
2010	21.7	19.7	18.6	13.5	11.2	8.2	5.8	8.6	11.6	14.2	17.5	18.1	14.21
2011	21.1	20.2	17.8	14.2	10.4	7.4	6.7	8.4