1722	2.1	2.1	1.4	4.1	9.2	12.7	14.1	14.1	10	7.2	4.1	0.3	6.8
1723	-2.8	-0.9	2.6	6.4	8.6	14.1	14.9	14.8	9.7	6.9	0.6	0.2	6.3	
1724	1.6	-3.2	-2.4	1.5	6.1	13.2	12.8	12.8	8.6	3.3	-1.5	-8.2	3.7	
1725	-1.9	-1.7	-0.5	1.4	9.1	11.9	13.8	13.1	8.4	2.9	2.1	-2.7	4.7	
1726	-8.8	-3.3	-3.6	3.9	12.1	16.9	16	12.5	9.2	2.9	-0.9	-6.8	4.2	
1727	-3.4	-5.9	-3.3	0.3	8.8	14.8	15.8	16.2	14.1	5.3	0.9	0.3	5.4	
1728	-3.1	-7.8	-1.4	2.1	8.2	11.6	15	13.3	10.3	5.2	-0.3	-4.8	4.1	
1729	-7.5	-7.5	-4.6	1.9	6.3	12.7	14.9	14.1	10.9	4.7	-0.7	-2.3	3.6	
1730	-3.7	-3.4	-4.5	2.4	9.5	15.4	19.7	19	10	4.3	-0.1	-2.9	5.5	
1731	-3.5	-5.2	-1.5	2.9	8.3	12	14.1	14.1	9.9	6.2	2.3	-3	4.7	
1732	-6.5	-4.2	2.5	5.1	7.3	99	99	99	99	99	99	99	99	
1733	99	99	99	99	99	99	99	99	99	99	99	99	99	
1734	99	99	99	99	99	99	99	99	99	99	99	99	99	
1735	99	99	99	99	99	99	99	99	99	99	99	99	99	
1736	99	99	99	99	99	99	99	99	99	99	99	99	99	
1737	99	99	99	99	99	99	99	99	99	99	99	99	99	
1738	99	99	99	99	99	99	99	99	99	99	99	99	99
1739	-6.1	-5.6	-0.2	1.4	8.6	13.9	16.2	13.9	12.1	5	-0.6	0.6	5
1740	-5.7	-5.7	0.1	4.9	5.9	12.7	15.1	13.8	13.2	2.6	0.2	-1.2	4.7
1741	-6.4	0.5	0.9	4.1	7.2	12.2	16	14.8	10.1	7.6	3.9	0.2	6
1742	-4.4	0.2	-0.2	3.4	7.4	99	14.1	12.6	8.5	6.7	2	-1.7	99
1743	1.3	0.1	1.6	4.2	9.9	19	15.7	17.1	10.9	3.3	3.2	0.8	7.3
1744	-3	-1.1	-2	6.7	10.2	14.1	16.7	14	10.9	4.3	1.4	-3.7	5.7
1745	-5.2	-7.5	-3.9	99	10.1	17.1	15.5	16	10.6	6.2	0.2	-3	99
1746	-0.3	-4.8	-5.8	2.1	11.2	14.1	17	13.5	10.9	4.6	-1.2	1.1	5.3
1747	-5.6	-9.8	-3.4	2.7	9.6	19.1	15.5	14.5	12.1	7.5	-1.1	-6.3	4.6
1748	-4.6	-2.4	-9	1.7	10.3	17.2	18.4	17.3	10.3	5	-0.6	-2.1	5.1
1749	-2.3	-7.4	-5.3	1.5	11.7	14.5	16.8	16.9	10.9	4.7	2.5	-2.7	5.2
1750	-1.1	0.7	5.1	6.2	99	99	99	99	99	99	99	99	99
1751	99	99	99	99	99	99	99	14.4	10	6	-0.2	-2.4	99
1752	-5.9	-4.1	-0.8	2.3	6.7	15.5	21.2	19.4	11.2	7.1	2.4	-2.5	6.1
1753	-4	-4.4	0.6	2.8	6.4	12.3	15.7	15.7	10.8	7.1	-1.3	-13	4.1
1754	-6.3	-5.5	-5.5	2.8	10.6	15.1	14.4	14.4	9.7	5.7	0.3	-3.3	4.4
1755	-7.9	-9.2	-2.8	4.8	8.4	15.9	18.7	13.8	9.1	5.6	0	-3.4	4.5
1756	-4.1	-1.2	-2.3	-0.2	4.8	15.4	17	12.8	10.6	5.2	-3.9	-3.9	4.2
1757	-8.2	-3.4	-2.8	5.6	7.7	15.1	19.5	15.8	10.7	2.3	1.1	-4.2	5
1758	-6.5	-5.3	-1.5	2.6	11.4	15.2	16.6	15.4	9.2	3.5	1.6	-5.7	4.8
1759	-1	0.7	0.1	4.1	7.6	15.7	17.7	16	9.7	5.3	-0.4	-6.6	5.8
1760	-12.1	-3	-1.8	3.9	10.1	14.6	18.4	16	13.3	3.2	-0.3	-6	4.7
1761	-3.4	-4.6	1.3	5.1	10.5	17.9	18.4	19.4	12.7	1.8	0.6	-6.3	6.2
1762	-1.6	-3.1	-3.6	6.9	11.2	18.7	17.5	14.8	9.6	0.3	2.7	-2.8	5.9
1763	-7	-5.6	-4.1	2.9	10.7	14.8	19.3	16.3	9.7	4.7	0.3	-2.9	5
1764	-4	0.6	0.8	4.8	10.8	13.2	99	14.9	11.1	4.3	-0.2	-3.1	99
1765	-3.6	-4.8	1.2	5	8.1	99	99	16	9.9	6.3	2.9	-2.1	99
1766	99	99	99	99	99	99	99	99	99	99	99	99	99
1767	99	99	99	99	99	14.8	16.7	99	99	99	99	99	99
1768	-6.5	-5.7	-4.9	3.5	9	14.1	17.9	16.7	9.4	4.1	0.9	1	5
1769	-2.4	-3.8	0	5.2	9.5	15.8	16.7	15.1	11	2.5	-1.6	-4	5.4
1770	-4.9	-2.7	-10.6	99	99	99	99	99	99	99	99	99	99
1771	99	99	99	99	99	99	99	99	99	99	99	99	99
1772	-6	-12	99	99	99	99	99	99	99	99	99	99	99
1773	99	99	99	99	99	99	18.4	16.3	11.8	7.2	2.7	-2.8	99
1774	-13.4	-4.7	-2.3	4.6	11.2	17.7	18.6	16	10.2	6	-6.3	-4.4	4.5
1775	-5.6	-2	1.1	4.7	10.3	17.2	19.4	18.8	14.9	8.7	-0.8	0.1	7.3
1776	-8.5	-1.9	-0.3	3.7	8.2	16.6	19.9	16.9	11.2	7	2.4	-1.1	6.2
1777	-5.7	-5.9	-3.2	3.5	11.7	14.6	16.1	15.5	10.3	4.8	1.6	-2.3	5.2
1778	-6.6	-4.1	-2.2	4.9	11.3	15.2	18	15.6	10.8	0.5	0.2	-1.7	5.2
1779	-2.5	2.2	4.8	6.7	10.6	13.7	16.5	18.4	12.7	9.3	0.7	-6.1	7.3
1780	-7.3	-5.4	1.9	-0.9	9.1	13.8	17.8	15.8	10	6.2	-2.2	-4.3	4.6
1781	-6.9	-4.8	0.8	5	8.3	17.4	18.9	19.2	14.4	4.9	1.6	-6.2	6.1
1782	-3.1	-5.4	-4.6	2.1	7.8	14.2	15.6	15	11.5	4.3	-1.1	-3.6	4.5
1783	-7.7	-3.1	-3.2	6.5	10.5	15.9	18.3	15.3	12.3	7.4	-1	-4	5.6
1784	-8.9	-5.4	-9.9	2.2	9.1	14	16	13.7	9.7	4.4	1.9	-6.9	3.3
1785	-6.5	-7.1	-5.2	3.1	7.2	14.1	16.7	14.4	8.7	4.9	1.3	-5.3	3.9
1786	-7	-4.8	-6.3	4.2	8	15.6	16.5	15.7	10.7	4.8	-5	-3.4	4.1
1787	-4.2	-1.8	0.8	3.9	9.6	14.7	16	13.7	9.9	7.6	-2.3	-6.8	5.1
1788	-4.3	-9	-6.8	4.6	9.4	16.2	18.8	14.8	12.4	3	0.4	-11.6	4
1789	-9.9	-5.5	-9.8	1.7	10.7	17	19.9	18.5	13.1	8.7	1.9	2.1	5.8
1790	-1.4	0.5	3.3	0.9	10.9	14.5	15.5	13.7	10.4	4.6	-0.5	-3.1	5.8
1791	0.6	-0.9	2.1	5.3	8	13.8	17.8	15.7	9.9	4.6	0.9	-3.7	6.2
1792	-6.4	-6.5	-3.1	6.3	10.4	15.9	19.5	15.4	12	4.7	2.8	-2.6	5.7
1793	-3.3	-1.7	0.2	4.2	10.4	14.5	18	15.7	10.7	7.1	0.4	-4.6	6
1794	-0.4	-2.4	3.4	6.6	11.2	16.1	17.3	14.3	11.3	8	1.9	-1.7	7.2
1795	-7.9	-7.9	-6.5	5.4	8.2	14.4	16.3	15.5	12.8	7.2	0.1	-4.9	4.5
1796	1.7	-1.7	-1.6	5.2	9.4	15.8	16.7	16.3	10.7	6.8	0.2	-6.1	6.1
1797	-2.8	2.7	1.5	3.8	9.2	14.8	17.5	15.3	13.4	6	-0.1	-1.6	6.7
1798	-4.8	-2.3	-1.3	5.3	13.5	16.8	19	17.3	11.2	7.8	0.8	-4.3	6.6
1799	-2.5	-12.1	-4.1	2.3	6.5	14.6	16.6	14.1	10	5.9	4.1	-6.1	4.2
1800	-7	-6.5	-6.2	5.3	10.1	11.7	15.7	15.3	9.9	7.2	2.7	0.2	4.9
1801	-4.5	-3.9	0.8	6.3	14.2	14.7	18.7	13.7	10.8	6.2	1.4	-4.4	6.2
1802	-7.7	-1.7	2.3	5.7	7.5	13.6	15.8	16.2	9.6	7.4	-0.5	-2.8	5.5
1803	-8.9	-5.2	-0.7	8.3	10.9	14.2	17.7	16.4	9.8	5	-0.9	-7.6	5
1804	-5.3	-7.6	-4.6	2.4	11	15.2	18.8	15.7	12.9	7.9	-1.8	-9.2	4.7
1805	-5.4	-8	-1.9	2.2	7.4	11.7	17.3	15.2	11.5	1.6	-0.7	-4.6	3.9
1806	-3.6	-5.8	-5.1	0.5	9.2	12.1	15.2	16.3	12.7	5.1	1.1	0.2	4.9
1807	-5.4	-2.7	-2.4	0.4	8	14.2	18.2	19	8.9	3.4	0.1	-2.4	5
1808	-2.3	-7.2	-4.1	0.5	10.8	15.5	17.5	15.6	11.7	7.6	0.6	-7.1	5
1809	-12.7	-8.6	-4.4	-0.5	11	14	17.6	17.5	11.4	5.5	-1.8	1.3	4.3
1810	-3	-4.3	-5.6	-0.5	6.3	12.9	16.2	16	11.6	4.9	-1.3	-4.5	4.1
1811	-4.9	-4.1	2.3	2.5	11.7	16.3	18.5	15.6	10.4	4.4	1.4	-1.7	6.1
1812	-4.6	-2.3	-5	-1.2	6.6	13.8	14	15	8.4	8	-0.8	-5.8	3.9
1813	-3.3	-0.2	0.7	4.5	8	12.9	17.8	14.7	12.3	2.7	2.8	-2.7	5.9
1814	-14.9	-8.2	-2.2	5.2	7.1	13.2	19.1	15.9	10.5	5.5	2.4	-3.1	4.3
1815	-4.2	-2.8	-0.4	4.9	9.3	12.6	14.9	16.8	10.6	5.9	1.8	-4.1	5.5
1816	-4.1	-8.6	-3.4	3	6.1	14.4	17.3	13.7	10.7	4.6	-0.4	-2.3	4.3
1817	0.4	-0.7	-2.8	2.9	10.5	13.6	17.2	14.4	11.6	3.4	0.7	-9.1	5.2
1818	-4.8	-3.6	0	0.8	8.8	14	20	13.3	10.9	7.5	3.2	1.6	6
1819	0.8	-2.1	-0.1	3.6	10	16.1	18.6	18.3	13.1	4.2	-2.7	-7	6.1
1820	-10.5	-4.8	-3	4.1	10.2	13.7	16.3	15.3	11.1	5.2	-0.8	-6.4	4.2
1821	-6.8	-3.8	-3.9	5.2	9.2	10.7	13.6	13.3	11.1	8.8	1.7	0.8	5
1822	-3	2	4	5.7	11	14	15	15.5	10.6	7	4.4	-1.7	7.1
1823	-8.6	-5.9	-0.1	1.9	7.8	14.9	16.4	16.4	11.1	8.8	1.7	-0.5	5.4
1824	0	-0.4	-1.2	5.2	8.6	13.6	15.8	14.7	13.6	4.5	0.5	-2.3	6.1
1825	-0.7	-2.7	-0.4	3.7	9.3	14.5	15.7	15.2	10.6	7.2	1.9	-2	6.1
1826	-6.9	0.4	1.4	3.7	11.5	16.1	20	17.8	11.2	7.5	0.9	-1.4	6.9
1827	-6	-6.8	-2.3	6	11.6	16.9	15.9	14.9	13	6	-0.8	2.3	6
1828	-4.6	-6.1	-1.2	3.6	10.2	16.3	18.5	16	10.2	6.3	1.5	-5.3	5.5
1829	-5.8	-10.9	-5.8	-0.1	9	16.6	17.4	14.2	10.9	3.3	-4	-6.8	3.3
1830	-5.7	-7.1	1.4	5	8.2	14.5	18.3	15.2	10.9	5.9	2.6	-5.8	5.4
1831	-9.6	-4.8	-4.8	5.3	9.7	14.5	19.1	15.7	8.8	7.1	-0.9	-1.4	5
1832	-4.1	-0.9	0.9	5.1	6.9	13.5	13.2	14.2	9.2	7	0.3	-0.6	5.4
1833	-3.6	-2.4	-3	1.3	14.1	16.6	15.7	12.4	12.2	8.7	2.5	-2.1	6.1
1834	-3.6	-0.2	0.6	3.7	8.9	13.7	19.6	19.1	10.9	6.2	0.3	-2.1	6.5
1835	-2	-0.7	0.1	3.4	6.1	15.9	18.1	14.6	12.5	6.8	-1.1	-5.2	5.7
1836	-4.7	-3.7	1.3	4	8.1	14.2	15.2	13.3	8.4	5.9	-1.1	-4.1	4.8
1837	-6.9	-1.6	-4.7	0.6	8	13.2	14.4	15.1	9.7	6	1.7	-3.1	4.4
1838	-9.1	-13.1	-5.2	-0.7	7.9	14.5	16.3	13.8	12.8	4.4	-1.4	-1.8	3.3
1839	-4.9	-3.7	-7.1	0	11.4	14.6	18.2	15	11.7	6.8	0.3	-4.1	4.9
1840	-3.9	-3.2	-1.6	5.7	6.9	14.6	14.9	15.3	11.5	3.9	0.5	-5.5	4.9
1841	-7.6	-6.8	-0.8	4.4	12.6	14.2	14.4	15.6	10.1	4.6	-1.3	1.2	5.1
1842	-3.1	-0.2	0	3.8	12.2	14.2	14.6	18.8	10	4.6	-2	1.6	6.3
1843	-1.2	-4.8	-2.3	1.3	6.8	13.3	17	18.2	11.1	3	1.5	0.7	5.5
1844	-5.8	-11.6	-5	5.2	10.9	12.9	13.9	14.7	11.1	5.5	-1.1	-5.2	3.8
1845	-1	-10	-5.9	3.3	7.5	15.7	17.7	15.5	10.5	3.9	2.3	-2.8	4.8
1846	-4.8	-5.4	1.6	2.9	8	15.1	18.6	20.3	12.4	10	2.1	-6.9	6.2
1847	-5.2	-6.6	-1.5	0	7.7	14.7	16.1	17.3	10.6	4.4	4.7	-0.4	5.2
1848	-6.9	-2.6	-0.1	3.9	11.1	15.6	15.6	14	10.8	5.2	-2.6	-2.6	5.1
1849	-6.8	-2.1	-1.4	2.2	10.5	13	15.8	15.1	10.6	4.3	0.5	-3.6	4.9
1850	-9.9	-1.7	-4.2	3	10.6	15.9	17.4	16.8	9.7	4.2	-1.3	-0.7	5
1851	-2.1	-2.7	-3.8	3.7	7.6	13.7	15.8	14.3	10.6	7.3	1	-0.4	5.5
1852	-2.1	-5	-0.9	0.7	11.6	15.9	19.3	17.4	11.5	1.8	-1.6	-1.1	5.7
1853	-0.3	-7.9	-7.7	0.2	10.3	16.7	17.9	14.5	11.2	6.1	1.3	-3.2	5
1854	-5.8	-4.3	0.7	4.8	10.7	14.9	18.5	17.5	10.8	6	-1.3	-3.6	5.8
1855	-6.4	-12.1	-4.3	2.5	7.8	15.6	20.5	14.8	9.9	5.8	0.2	-6.8	4.1
1856	-5.2	-7.3	-2.6	3.4	6.4	13.6	15.5	11.9	9.5	6.5	-4.8	-3.9	3.6
1857	-7.2	-1.5	-1.5	1.1	7.6	13.2	16.3	18.1	11.4	7.7	0.9	1.3	5.7
1858	-2.9	-4.9	-1.2	2.9	9.2	16.8	18.8	18.3	13.5	4.9	-3.7	-2.3	5.9
1859	-0.6	-0.8	0.1	1.7	11	16.9	17.1	16.7	10.9	4.6	0.6	-5	6.1
1860	-2.9	-7.4	-3.1	3.1	7.2	15.2	16.9	15	10.8	4.6	0.4	-6.8	4.5
1861	-9.6	-1.8	-0.2	2.4	6.5	17.4	18.7	14.9	9	6.9	-0.6	-1	5.3
1862	-8	-7.4	-5.3	3.2	11.3	13.3	13.8	13.5	10.2	6.2	2	-2.8	4.2
1863	0.2	-0.3	-0.8	3.8	8.2	14.9	14.3	14.6	10.7	7.1	2.3	-1.9	6.1
1864	-5.4	-2.7	-2.9	1.8	4.8	14.8	16.2	10.6	9.9	1.7	-2.4	-1.7	3.7
1865	-3.8	-10.6	-5.7	3.3	11.1	11.5	19.1	13.5	11.7	3.3	2.5	-0.6	4.7
1866	0.3	-4.6	-7.4	3.8	6.9	15.1	14.2	14.5	12.8	5	-2.6	-3.8	4.6
1867	-10.9	-3.3	-5.6	-0.1	3.4	11.6	14.2	14.5	9.8	6.4	-1.1	-8.9	2.5
1868	-6.9	-2.5	-0.4	3.3	10.9	15.2	18.1	18.3	10.4	5.6	-0.6	-2	5.8
1869	-3	-1.4	-3	5.5	7.1	11.8	15.5	13.7	10.6	4.5	-1.7	-2	4.8
1870	-2	-9	-2.4	5.4	9	13.8	16.4	14.1	10.4	3.7	1.1	-9.1	4.4
1871	-6.4	-13.7	1.6	0.3	6.4	10.4	16.4	15.1	8.1	4.6	-2.9	-4	3.1
1872	-0.4	-2.2	-1.2	3.9	10	14.7	17.9	14	10.4	8.2	3	-3	6.3
1873	1.3	-3.1	-1.2	2.3	6.5	14.9	18	15	11.3	5.2	1.3	-1.3	5.9
1874	1	-1.6	-1.2	3.7	6.3	14.3	16.6	13.2	11	8.1	0.1	-6.7	5.5
1875	-11	-7.1	-3.9	1	10.2	15	16.5	15.3	10.3	3.1	-2.8	-5.7	3.5
1876	-4.5	-4.9	-2.6	3	5.9	16.6	16.9	15.4	10.1	5	-2.9	-8.6	4.1
1877	-6.1	-7.5	-5.9	-1.1	5.4	14.5	15.9	13.2	7.1	4.1	4.4	-0.3	3.7
1878	-3.6	-1.3	-1.5	4.7	8.9	13.5	14.3	15.3	11.9	7.6	0.5	-5	5.5
1879	-6.1	-7.4	-4.1	0.9	9	14.1	15.4	15.9	12.1	5.1	-2.3	-5	4
1880	-3.5	-1.2	-0.1	4.3	9	14.2	16.4	17.5	12.5	-1.5	-1.6	-6.1	5
1881	-8.8	-9.7	-7.8	-0.4	8	13	15.5	13.3	10.2	3.1	1.2	-0.3	3.2
1882	0.5	-1.9	0.9	3.1	9.7	13.8	16.7	16.6	11.8	5.5	-2.1	-5.9	5.8
1883	-4.8	-2.8	-5.7	2.2	9.4	14.7	16	14.2	10.5	5.1	3.2	-2.3	5
1884	-2.8	-2.4	0	2.2	7.5	11.8	16.1	13.6	12.9	5.9	-2.5	-4	4.9
1885	-5.9	-2	-1.6	3.6	6.7	12.9	15.7	12.2	8.8	3.5	-0.6	-2.7	4.3
1886	-4.5	-4.4	-3.5	4.5	9.4	13.9	16.2	15.4	11.3	4.9	3.6	-3.9	5.3
1887	-1.5	-0.5	-0.4	4.1	9.7	13.6	16.8	14.4	11.2	2.6	-1.1	-4.2	5.4
1888	-4.8	-11	-11.1	-0.8	7.7	12.6	14.5	13.6	10.1	3	-1.6	0.1	2.7
1889	-2.1	-7.7	-4.8	2.3	12	17.2	15.1	14.5	8.9	7.3	1.6	-2.5	5.2
1890	0.1	-2.1	0.2	4.1	11.8	13.6	14.6	14.7	11.7	4.1	0.8	-4.7	5.8
1891	-6.2	-0.7	-4.1	2.4	9.1	12.7	17.6	13.8	10.8	7.7	0	-1.2	5.2
1892	-7.2	-6.7	-2.4	3.3	8.4	12.8	14.9	14.5	11.4	4.7	1.9	-5.5	4.2
1893	-8.8	-11.9	-1	3.8	7.9	14.1	16.8	14.9	9.1	6.3	-1.1	-1	4.2
1894	-2	-1.6	2.5	6.1	9.3	13.6	17.1	14.7	8.1	2.5	3.1	-1	6.1
1895	-7.5	-9.5	-3.9	4.2	12.2	15.3	14.8	14.9	10.6	4.5	0.8	-2.7	4.6
1896	-3.3	-1.1	-0.4	3.4	8.4	17.2	18.2	14	10.7	6.4	-1.3	-2.6	5.8
1897	-5.9	-5.6	-2.2	4.1	10.8	15.7	17.7	17	10.4	5.1	0	-0.8	5.6
1898	-0.2	-3	-2.2	1.2	9	13.8	14.2	14.4	10.2	4.7	1.6	-1.5	5.2
1899	-5.4	-3.5	-4.3	2.8	7.4	11.4	19.2	13.5	10.4	5.2	2.9	-4.4	4.7
1900	-4.3	-9.4	-3.7	2.3	7.4	15	16.3	16	10.4	6.1	1.3	-2.6	4.6
1901	-4.9	-8.2	-3	3.8	10.7	15.8	21.2	17.4	12.1	9.3	-3.1	-5	5.6
1902	-2.6	-5.9	-3.4	-0.2	6.2	11.9	13.3	12.6	8.7	3.2	-0.2	-7.2	3.1
1903	-5.2	0.2	3.3	2.4	9.3	13.2	15.7	13.7	11.2	3.7	-1.2	-1.5	5.4
1904	-1.1	-5.8	-3.1	3.6	7.5	12.6	15.7	13.9	10.4	5.6	-2	-3.5	4.5
1905	-4.3	-2.3	-0.1	1.7	10.3	16.5	16.4	13.9	10.2	2.7	0.9	-0.9	5.5
1906	-1.7	-2	-2.7	4.8	11.1	14.2	16.6	14.4	9.9	5.6	2.9	-3.9	5.8
1907	-5.2	-3.6	-0.4	2.5	7.3	13.4	14.8	12.4	9.9	9.5	1.9	-5.1	4.8
1908	-3.3	-2.7	-3.5	2.7	8.7	13.8	16.2	15.1	9.9	6.9	-2.2	-1.4	5
1909	-1.9	-6.4	-2.7	0.9	5.4	13.7	15.4	15	10.3	9.3	-3.9	-2.5	4.4
1910	-3.1	-0.7	1.4	5.1	10.3	15.2	14.9	13.7	11.1	5.4	-0.1	-0.9	6.1
1911	-2.5	-2.5	-0.2	4	10.9	13.4	15.9	17.5	11.5	4	1.9	0.1	6.2
1912	-7.4	-5.3	1.4	3	7.6	14.3	18.6	15.6	8.2	3.7	0.2	0.9	5.1
1913	-4.1	-0.9	1.5	5.1	10.2	13.8	16.4	14.9	10.9	6	3.5	-3.9	6.2
1914	-4.2	1.2	-1.2	6.7	9.4	14.8	21.4	15.6	11.1	4.8	0.1	1.8	6.8
1915	-5.8	-2.8	-4.3	3.9	7.9	12.8	16	14.3	8.9	2.6	-0.9	-9.5	3.6
1916	-2.8	-3.1	-3.5	4.9	8.2	12.1	16.9	12.8	9	4.2	3.8	-1.7	5.1
1917	-9.9	-6.4	-6.8	0.8	9.5	18.4	15.8	17	11.6	6.4	1.6	-3.6	4.6
1918	-7.2	-2.6	-0.4	3.6	10.2	12.5	17.2	14.6	10	7.3	2.1	-3	5.4
1919	-2.4	-6.5	-2.8	2.9	10.5	13.5	18	13.4	11.8	4.6	-3.5	-4.9	4.6
1920	-3.9	0.1	3.2	5.3	10.9	13.7	16.9	14.6	11.4	4.7	2.1	-2.6	6.4
1921	-2.9	-2.9	3.4	6.8	12.9	13.6	15.1	15	10.2	6.2	-2.2	-2	6.2
1922	-6.8	-4.9	-1.8	1.8	10.4	14.2	15.8	13.9	9.8	3.4	-0.4	-1.6	4.6
1923	-1.5	-7.1	-0.8	2.1	8	10.2	17.3	13.5	10.3	6.2	-0.8	-5.1	4.5
1924	-4.8	-7.6	-4.7	1	9.3	12.9	16.9	16.1	12.5	7.2	2	2.1	5.3
1925	-0.1	-0.2	-3.3	5.4	10.4	14.4	19.5	15.5	10	3.1	-3.1	-6.3	5.5
1926	-5.1	-6.4	-0.3	3.7	8.1	13.9	18.5	15.8	10.7	2.6	2.4	-4.6	5
1927	-2.3	-2.4	1.3	2.9	6.1	12.9	19.3	16.6	10.6	4.4	-1.5	-7.1	5.1
1928	-4	-3.5	-2.7	3.8	8.2	10.7	14.5	13.7	10.2	5.7	2	-1.8	4.8
1929	-5.2	-10.3	0.4	0.8	9.9	12.8	15.5	14.2	11.1	6.6	3.3	2.5	5.2
1930	1.5	-2.7	0.8	5.1	11.1	15.8	17.7	15.9	9.2	6.8	1.2	0.1	6.9
1931	-4.6	-4.3	-5.3	1.9	10.5	12.4	17	14.7	7.8	4.4	3.3	-3	4.6
1932	0.6	-2.7	-2.5	3.5	9.3	12.1	18.5	15.9	10.9	4.1	1.7	1.9	6.1
1933	-2.4	-4.4	0.4	3.7	8.4	15.4	18.6	15.5	11.1	6.7	-0.2	-4.7	5.8
1934	0	-0.3	0.2	5.1	11.9	14.6	16.3	16.5	14.1	7.4	2.3	2	7.6
1935	-3.5	-2	-0.7	4.5	7.7	15.8	16.8	15.1	10.7	6.4	3.9	-1.1	6.2
1936	-2.6	-6.1	0.2	3.1	10	18.2	18.5	15.9	9.9	3.7	2.5	2.2	6.3
1937	-2.5	-4.6	-2.7	5.4	13.1	15.8	18.7	18.1	12.2	8.1	1.8	-5.1	6.6
1938	-2.5	0.3	3.8	4.6	9.6	14.3	17.7	17.8	13.1	7.2	4.2	-1.2	7.5
1939	-2.2	1.5	-0.3	4.5	9.6	15.2	17.6	18.6	10.8	2.8	2.3	-4.9	6.3
1940	-8.5	-11.4	-6.1	2.5	11.2	16.2	18	14.4	9.9	5.1	1.7	-4.1	4.1
1941	-12.6	-7.8	-3.3	1.4	8.3	14.9	20	15.3	10.5	3.8	-0.3	-4.3	3.9
1942	-12.5	-12.2	-7.7	4.1	8.3	12.8	15.9	15.9	11.5	6.8	1.2	-1.2	3.7
1943	-4.8	1.5	2.6	6.9	11.4	15.8	17	15.1	11.6	8.4	1.3	-0.6	7.2
1944	-2.8	-2	-1.3	2.3	8.1	13	18.6	18.4	11.1	6.8	1.8	0.8	6.3
1945	-3.7	-1.7	1.3	5.3	9.6	13.6	18.2	17.1	9.9	5.2	0.6	-3	6.1
1946	-3.5	-5.7	-1.7	5.9	9.7	13.7	18.1	15.2	11.9	4.1	1.8	-1.2	5.8
1947	-4.4	-12.3	-5.4	4.3	12.3	16.7	18	16.9	13.7	5.5	-0.9	-3.1	5.2
1948	-6	-3.6	1.7	6.4	10.4	14.1	17.4	14.6	11.4	4.9	0.7	2.1	6.2
1949	-0.6	0.5	-0.7	5.6	12.3	13.2	17	14.5	14.1	6.6	3.5	0.1	7.2
1950	-6.1	-2.3	0.8	5.4	10.9	15.3	15.6	16.3	11.3	6.8	1.1	-2.5	6.1
1951	-4.6	-1.8	-4	4.4	8.1	14.2	16.2	17	12.6	7.2	3.1	1.3	6.2
1952	-2.4	-2.9	-3.6	6.6	8.9	13.2	15.8	14.3	8.4	4.2	-1.5	-2.9	4.9
1953	-3.6	-4.6	2.6	6.1	10	16.7	16.4	15.3	10.8	8.8	2.8	1.4	7
1954	-5.5	-7.6	0.2	2.5	11	14.2	15.6	14.8	11.1	5.8	0.8	1.1	5.4
1955	-4.4	-5.7	-3.9	1	6.8	12.6	18.8	18.4	13.1	5.6	1.5	-4.4	5
1956	-5.3	-9.3	-2.3	0.4	10.8	13.7	15	12.6	10.8	5.6	-2.8	-0.6	4.1
1957	-0.7	-2.3	-3.1	3	8.4	12.7	17.1	14.5	9.4	6.6	1.3	-1.7	5.5
1958	-4.6	-7.4	-5.9	2.2	9	12.9	15.3	14	11.7	7.6	3.1	-3.1	4.6
1959	-6	-1.6	2.1	5.7	9.9	14.4	18.5	17.5	11	6.7	3.1	-0.4	6.8
1960	-4.9	-6.4	-1.7	3.9	10.9	16.1	16	14.7	11.3	5.2	2.6	0.5	5.8
1961	-3.9	0.1	3	5.1	9	16	15.5	14.1	12.2	10.3	2.4	-5.2	6.6
1962	-2.1	-3	-5.2	4.6	8.1	13.3	14.2	13.3	10.1	7.4	1.1	-4.4	4.8
1963	-8.4	-8.2	-4.2	3.9	12.2	14.7	16.4	15.8	12.2	6.7	1.7	-2.4	5.1
1964	-2.1	-4.1	-2.1	5.4	11.4	14.2	15.7	13.9	10.6	6.3	1.4	-1.7	5.8
1965	-2.1	-4.3	-1.8	4.2	8	14.4	13.9	13.8	12.3	6.8	-3.5	-5.7	4.7
1966	-8.4	-12.3	-1.6	0.9	10.2	17.4	17.3	14.5	10	5.5	1.8	-0.9	4.7
1967	-7	-1.6	2.8	4.5	9	14.3	17.3	15.5	11.8	7.8	3.7	-6.3	6
1968	-8.2	-4.8	0.5	6.4	7.8	16.9	15.7	16	11.5	4.6	-1	-3.1	5.2
1969	-3.9	-7.7	-5.2	4	9	16.4	17.6	17.6	11.2	7	-0.2	-5.8	5.1
1970	-8.7	-12.5	-1.3	2	9.7	17.1	15.4	15.6	10.6	6.2	-0.5	-1.5	4.5
1971	-1.6	-2	-3	2.7	11.3	14.3	17	15.2	9.6	6.4	-0.1	0.3	5.9
1972	-5.5	-1.6	-0.2	3.2	9.1	16	19.1	15.3	10.1	6	2.2	3.1	6.5
1973	0.9	-1.5	2.9	3.1	10.2	16.4	19.1	15.2	9.4	3.5	-2	-3.3	6.2
1974	0.2	0.8	0.4	5.5	8.8	14.6	14.8	15.3	12.1	5.1	2.9	0.4	6.8
1975	0.8	-1.4	0.6	3.7	10.8	14	18.5	18	13.2	6.8	2.9	0	7.4
1976	-6.2	-2.3	-3.1	3.7	10.7	14.2	16.6	16	8.5	5	1.7	-3.5	5.2
1977	-2.6	-5.5	0.6	2.4	10	14.6	13.9	14.2	9.3	7.4	2.4	-0.9	5.6
1978	-1.9	-6.6	-1.4	2.4	9.9	15.1	14.9	14.5	9.2	5.7	4.2	-8.5	4.9
1979	-7.8	-7.8	-0.5	3.2	10.7	16.4	14.7	15.2	10.8	4.5	2.1	-3	5
1980	-5.2	-7.1	-3.3	4.8	8.6	16.3	16.9	14.5	12.2	4.7	-1.7	-1.4	5
1981	-4.2	-2.9	-2.5	3.9	12	13.3	16.6	14.6	11.3	5.8	0.3	-6.9	5.2
1982	-8.2	-4.4	1.3	4.1	9.9	12.5	17.5	16.4	11.4	6.7	4	-0.2	6
1983	0.3	-4.6	-0.4	4.3	11.1	14.4	17.8	16.9	12	7.2	0.9	-1.5	6.6
1984	-3.6	-2	-2.6	5.5	12.1	14.1	15.6	15.9	10.4	8.4	3.1	0.4	6.5
1985	-9.6	-12.6	-1.1	2.1	10.1	14.6	16.5	15.5	9.8	7.2	-0.4	-6.2	3.9
1986	-5.7	-9.3	0.8	2.7	12.8	16.5	16.6	13.2	8.1	6.6	4.6	-1.9	5.5
1987	-12.8	-4.7	-4.5	4.7	8.3	12.1	15.8	12.6	9.8	7.9	1.6	-2.2	4.1
1988	0.1	-0.9	-2.2	3.4	12.1	15.8	18.1	14.8	12.4	5.1	-1.9	-3.5	6.1
1989	2.7	2.5	2.9	5.3	12.1	15.4	17.8	15.3	12.4	7.1	1.4	-3.6	7.6
1990	0.1	3.6	4.1	6.7	11.7	14.8	15.7	16.5	9.9	6.5	0.7	0.2	7.6
1991	-1.1	-3.3	1.7	5.3	8.3	12.1	18.4	16.9	11	6.7	3.2	0.3	6.7
1992	0.6	0	2.5	2.9	13.5	17.2	17.1	16.4	11.2	3	1.6	0.7	7.3
1993	0.1	-0.5	1.4	6.6	13.4	12.7	16.8	14	8.6	5.3	0	-0.7	6.4
1994	-2.7	-7.9	0.2	6.7	9.6	13.7	21	16.6	11.5	5.7	2.1	1.5	6.6
1995	-3.1	0.5	1.6	3.7	9.2	15.8	17.3	17.3	11.7	9.1	-1.1	-7.4	6.3
1996	-4.6	-7.8	-1.1	5.7	8.4	15	15.8	19	10	8.1	2.6	-3.6	5.6
1997	-1.8	-0.2	2.1	4	9.4	16.4	19.2	20.5	12.5	4.5	1.4	-0.8	7.3
1998	-0.4	0.8	-0.7	4	10.2	12.8	15.8	13.8	12.2	5.6	-1.1	-0.7	6
1999	-2.5	-2.6	1	6.9	9.5	16.5	19.2	15.5	14.7	7.2	4	-2.6	7.2
2000	-1.3	-1.1	1.4	6.5	12.1	13.9	15.7	15.2	10.6	10	6	1.9	7.6
2001	-1.3	-4.5	-1.1	5.5	10.7	14.8	19.3	16.4	12	8.8	2.1	-2.7	6.7
2002	-1.8	0.9	1.8	6.7	12.3	17	18.8	20.2	12.3	2.9	-0.5	-4.5	7.2
2003	-4.1	-4.1	2.7	4.2	11.3	15.4	20.2	16.7	12.5	3.9	3.3	0.2	6.9
2004	-4.2	-1.6	0.9	6.7	10.7	13.9	16.4	17.7	12.8	6.6	0.4	0.9	6.8
2005	0.7	-2.4	-2.8	6.3	10.5	14.3	18.5	16.1	13.0	8.1	3.9	-1.0	7.1
2006	-3.2	-3.1	-4.1	5.3	11.0	17.1	20.1	18.5	14.6	8.7	3.9	4.0	7.7
2007	-0.9	-4.0	3.8	7.8	11.0	16.4	16.9	17.3	11.4	6.8	1.3	0.6	7.4
2008	1.5	2.2	1.3	6.8	11.6	16.1	18.2	15.2	10.8	7.4	1.9	0.1	7.8
2009	-2.2	-3.4	0.4	8.2	11.8	13.7	17.6	16.9	13.2	4.5	4.9	-3.2	6.9
2010	-8.6	-6.6	-1.1	5.7	11.4	15.2	20.7	16.6	11.2	5.3	-1.1	-7.9	5.1
2011	-2.9	-5.9	0.5	9.0	11.8	17.1	18.8	16.9	13.4	7.6	5.1	1.6	7.8
2012	-2.4	-3.8	3.9	4.5	11.8	13.4	17.2	16.0	11.8	5.8	3.8	-4.6	6.5