1898	16.00	16.40	17.40	17.70	18.90	16.80	15.40	14.80	14.60	15.10	14.00	14.00	16.00
1899	99	99	99	99	99	99	99	99	99	99	99	99	99
1900	99	99	99	99	99	99	99	99	99	99	99	99	99
1901	99	99	99	99	99	99	99	99	99	99	99	99	99
1902	15.50	16.30	17.30	16.60	16.50	17.30	17.60	17.80	17.30	16.40	15.70	15.30	16.58
1903	17.30	17.80	18.60	18.70	18.20	17.10	16.80	16.00	16.10	16.00	14.60	14.90	16.88
1904	15.00	17.10	17.80	18.30	18.30	17.80	99	99	99	99	99	99	99
1905	99	99	99	99	99	99	16.30	15.60	16.10	16.90	16.40	16.10	99
1906	15.40	18.10	18.00	17.80	19.30	18.40	16.30	16.50	16.70	16.10	14.60	13.30	16.94
1907	14.60	17.50	18.60	18.30	18.80	17.70	16.00	15.50	15.90	15.90	14.80	12.60	16.41
1908	15.50	16.00	19.30	19.20	20.80	18.00	16.10	15.50	17.50	99	14.00	13.40	16.71
1909	14.30	15.90	17.00	16.00	17.50	16.10	16.30	16.40	16.20	15.90	14.70	15.50	15.81
1910	15.60	16.90	18.60	18.80	19.30	17.70	17.50	16.60	16.00	16.00	15.70	16.40	17.02
1911	16.40	17.00	19.00	18.30	19.30	17.90	16.40	16.20	16.30	17.10	16.30	16.20	17.22
1912	99	99	99	99	99	99	99	99	99	99	99	99	99
1913	99	99	99	99	99	99	99	99	99	99	99	99	99
1914	99	99	99	99	99	99	99	99	99	99	99	99	99
1915	99	99	99	99	99	99	99	99	99	99	99	99	99
1916	99	99	99	99	99	99	99	99	99	99	99	99	99
1917	99	99	99	99	99	99	99	99	99	99	99	99	99
1918	99	99	99	99	99	99	99	99	99	99	99	99	99
1919	99	99	99	99	99	99	99	99	99	99	99	99	99
1920	99	99	99	99	99	99	99	99	99	99	99	99	99
1921	99	99	99	99	99	99	99	99	99	99	99	99	99
1922	99	99	99	99	99	99	99	99	99	99	99	99	99
1923	99	99	99	99	99	99	99	99	99	99	99	99	99
1924	99	99	99	99	99	99	99	99	99	99	99	99	99
1925	99	99	99	99	99	99	99	99	99	99	99	99	99
1926	99	99	99	99	99	99	99	99	99	99	99	99	99
1927	99	99	99	99	99	99	99	99	99	99	99	99	99
1928	99	99	99	99	99	99	99	99	99	99	99	99	99
1929	99	99	99	99	99	99	99	99	99	99	99	99	99
1930	99	99	99	99	99	99	99	99	99	99	99	99	99
1931	99	99	99	99	99	99	99	99	99	99	99	99	99
1932	99	99	99	99	99	99	99	99	99	99	99	99	99
1933	99	99	99	99	99	99	99	99	99	99	99	99	99
1934	99	99	99	99	99	99	99	99	99	99	99	99	99
1935	99	99	99	99	99	99	99	99	99	99	99	99	99
1936	99	99	99	99	99	99	99	99	99	99	99	99	99
1937	99	99	99	99	99	99	99	99	99	99	99	99	99
1938	99	99	99	99	99	99	99	99	99	99	99	99	99
1939	99	99	99	99	99	99	99	99	99	99	99	99	99
1940	99	99	99	99	99	99	99	99	99	99	99	99	99
1941	99	99	99	99	99	99	99	99	99	99	99	99	99
1942	99	99	99	99	99	99	99	99	99	99	99	99	99
1943	99	99	99	99	99	99	99	99	99	99	99	99	99
1944	99	99	99	99	99	99	99	99	99	99	99	99	99
1945	99	99	99	99	99	99	99	99	99	99	99	99	99
1946	16.20	18.20	17.90	17.80	19.00	16.20	16.20	16.10	17.10	17.50	16.50	16.60	17.05
1947	17.20	17.50	18.10	17.20	18.70	19.10	16.60	16.60	16.60	16.90	17.40	16.30	17.38
1948	18.20	18.00	18.00	17.80	18.20	15.10	15.00	14.80	15.80	15.30	14.50	15.50	16.42
1949	16.10	16.60	18.30	18.40	17.00	15.80	14.40	15.00	15.00	16.40	15.20	14.50	16.14
1950	15.70	16.40	18.40	18.10	18.60	16.40	15.40	14.80	15.30	15.10	14.60	14.90	16.11
1951	18.30	19.60	19.30	99	20.10	19.10	16.30	16.20	99	18.30	99	18.50	17.89
1952	99	20.20	21.10	18.40	20.90	18.50	15.90	15.60	18.20	17.20	18.50	18.50	18.52
1953	19.10	19.50	20.50	19.00	21.20	18.50	15.70	16.30	19.60	17.40	19.40	18.10	18.72
1954	18.70	20.50	19.80	21.00	20.90	17.40	15.00	15.50	16.50	15.70	18.10	17.60	18.10
1955	18.00	18.20	20.10	19.70	20.70	17.70	15.80	15.20	17.40	17.30	18.30	17.30	18.00
1956	15.40	17.30	18.30	16.90	17.60	15.90	14.90	14.70	14.80	14.70	13.30	14.40	15.92
1957	16.20	15.90	16.00	16.40	17.00	16.40	14.60	15.10	15.90	16.10	15.50	15.20	15.79
1958	16.50	16.20	17.90	17.90	18.50	16.90	15.20	15.60	15.90	15.30	14.50	15.20	16.30
1959	15.90	17.00	17.50	18.20	17.70	16.70	15.20	14.80	15.60	15.10	15.00	15.10	16.16
1960	14.60	16.60	17.30	17.50	17.50	16.70	15.70	15.40	15.20	14.90	14.90	16.60	15.95
1961	15.60	16.50	17.40	17.20	18.70	16.50	15.30	14.80	15.40	15.60	15.10	15.00	16.22
1962	15.50	16.40	17.30	18.60	19.00	17.20	15.40	15.00	15.60	15.70	15.60	16.00	16.36
1963	15.00	16.70	17.70	16.90	17.10	16.10	15.20	15.20	15.40	16.90	15.90	15.20	16.17
1964	15.80	17.20	18.50	17.70	17.90	16.20	14.40	14.60	14.90	14.50	14.50	14.10	15.95
1965	15.30	16.00	17.70	17.10	18.90	17.20	15.20	15.00	15.70	15.20	15.00	15.10	16.03
1966	15.90	16.40	17.10	17.80	19.30	16.30	15.10	15.40	15.80	16.00	15.00	14.60	16.27
1967	14.60	17.50	18.00	17.20	17.00	16.70	14.70	14.80	14.70	14.90	15.10	13.60	15.82
1968	14.80	15.10	16.30	16.20	17.70	16.20	15.20	15.10	15.70	15.90	15.00	15.30	15.57
1969	16.20	15.90	16.60	18.30	18.20	16.00	15.20	15.00	15.90	16.50	16.10	15.80	16.27
1970	16.40	17.50	16.60	18.20	19.00	16.80	15.10	14.70	15.20	16.00	14.20	14.40	16.29
1971	15.10	16.10	16.90	17.40	16.70	15.70	14.80	14.60	15.30	15.60	14.60	14.10	15.60
1972	15.90	15.60	17.30	16.60	17.70	16.70	15.60	15.40	16.10	16.00	15.70	15.70	16.06
1973	16.70	17.80	19.50	20.00	18.10	16.90	15.70	15.10	15.60	15.20	14.40	14.50	16.72
1974	16.30	16.00	16.80	17.20	17.40	15.90	14.50	15.40	15.50	15.10	15.00	14.40	15.80
1975	15.10	16.80	18.40	18.10	18.40	16.20	15.20	15.40	15.40	15.80	14.20	14.40	16.12
1976	15.20	17.00	17.60	16.70	18.40	17.80	15.20	15.90	16.20	16.90	16.50	15.60	16.48
1977	17.40	18.00	19.10	20.00	17.70	16.70	15.70	16.10	15.80	16.20	15.10	15.00	16.95
1978	15.40	16.90	17.10	17.90	17.70	16.80	15.40	15.90	15.70	15.50	15.30	15.80	16.22
1979	15.90	17.10	17.60	17.90	18.80	17.70	16.40	16.50	16.80	16.90	16.00	16.20	16.95
1980	16.90	18.20	19.00	18.70	19.50	17.40	16.20	16.40	17.10	16.70	16.30	15.90	17.38
1981	17.20	17.60	17.40	17.60	19.00	18.60	16.10	16.30	16.10	16.30	16.00	15.80	17.01
1982	16.90	17.70	18.30	17.70	18.50	17.20	16.20	15.90	16.70	16.10	16.40	16.50	16.95
1983	16.10	18.00	19.40	18.60	18.50	17.90	17.20	16.40	16.50	16.40	16.30	15.50	17.32
1984	15.60	16.40	18.50	18.40	18.70	16.60	15.80	16.30	15.20	16.00	15.40	14.60	16.53
1985	16.00	16.30	18.00	17.10	17.40	16.60	15.00	15.10	15.50	16.00	15.50	15.20	16.09
1986	15.50	99	99	99	18.10	16.40	15.90	15.80	15.70	15.90	15.90	16.00	16.43
1987	15.60	17.30	17.60	17.70	17.70	16.80	16.80	17.00	17.80	17.70	16.40	16.40	17.03
1988	17.30	18.30	19.40	18.10	17.70	17.50	16.00	16.30	16.00	16.20	15.10	15.00	17.02
1989	14.40	16.30	18.00	16.70	18.40	16.90	15.90	16.30	15.90	15.90	15.40	16.60	16.26
1990	16.20	17.20	17.10	17.30	19.10	16.90	16.30	16.00	16.20	16.00	16.10	15.30	16.75
1991	17.40	17.90	18.40	19.00	19.60	17.90	16.20	16.10	16.90	16.30	15.60	15.60	17.22
1992	99	17.20	19.10	19.00	19.40	17.50	16.70	15.80	15.40	15.90	15.40	13.60	16.94
1993	16.60	16.80	18.40	17.60	18.00	16.90	15.80	16.00	16.00	16.20	15.50	13.50	16.45
1994	16.20	99	18.60	18.50	18.70	18.70	16.00	16.00	16.10	15.20	15.10	99	16.58
1995	14.70	18.00	18.50	18.10	18.20	17.40	15.90	16.50	16.50	16.90	16.60	16.60	16.86
1996	16.60	18.90	18.40	17.90	18.50	16.50	16.20	16.20	16.40	16.20	16.00	16.00	17.03
1997	16.40	16.70	18.30	18.00	19.30	18.30	16.20	16.20	16.90	16.60	16.00	15.00	17.07
1998	17.40	18.70	17.50	19.90	18.00	17.90	16.80	16.50	16.50	15.80	13.70	12.80	16.97
1999	15.70	17.00	18.00	19.00	18.20	17.90	99	14.10	16.00	15.00	13.80	14.20	16.07
2000	14.90	15.70	17.70	18.60	18.30	16.60	16.30	15.60	15.80	15.70	99	14.00	16.21
2001	99	16.50	17.70	18.20	17.80	16.50	15.80	99	16.50	16.70	14.90	15.30	16.26
2002	16.00	17.40	18.20	19.10	19.30	17.40	17.10	16.40	15.70	16.60	16.50	17.10	17.08
2003	17.10	17.10	18.40	18.40	19.20	18.00	16.10	16.30	16.50	15.90	15.60	15.30	17.14
2004	17.40	16.80	17.90	17.90	19.20	17.20	16.20	16.40	16.40	15.70	15.40	16.50	16.82
2005	16.10	17.50	18.80	19.10	18.30	17.60	16.40	17.00	16.70	99	15.20	15.00	17.12
2006	16.70	18.00	18.50	18.30	18.40	17.40	16.40	16.10	16.30	17.30	16.10	15.70	17.04
2007	16.60	16.7	17.8	18.1	18.9	17.4	16.5	16.1	16.4	15.7	16.4	15.2	16.92
2008	16.9	16.4	16.9	18.9	18.9	17.3	16.3	16.1	99	16.6	15.1	14.9	16.73
2009	16.1	17.4	17.3	18.6	19.6	18.9	16.4	16.5	17.4	16.7	15.4	16.0	17.10
2010	16.5	17.6	