1851	-4.53	-2.03	4.33	9.83	14.33	16.13	18.63	18.73	13.13	10.83	7.83	-3.03	8.68	
1852	-2.53	-1.13	0.53	4.43	12.53	18.13	18.23	18.03	14.63	10.13	6.53	-0.07	8.29	
1853	-0.67	2.13	4.43	6.13	15.23	17.93	20.53	18.83	14.03	10.83	1.13	-3.63	8.91	
1854	-0.83	-3.83	-1.73	5.73	14.73	15.93	18.73	17.23	11.13	8.83	2.03	-0.47	7.29	
1855	-4.73	-1.83	4.13	7.03	14.53	19.03	18.73	18.33	12.43	11.63	2.73	-5.73	8.02	
1856	-2.63	-1.23	-1.83	8.43	12.83	17.13	16.83	18.23	13.23	7.33	-2.83	-1.93	6.96	
1857	-2.33	-5.23	0.73	10.23	12.23	14.93	17.43	16.33	11.33	11.23	0.83	-3.63	7.01	
1858	-11.63	-12.83	-0.17	6.03	13.63	15.83	18.53	16.23	13.83	11.33	0.73	-3.83	5.64	
1859	-6.03	-0.07	2.73	8.63	14.33	14.83	19.53	19.93	13.33	11.43	1.03	-1.53	8.18	
1860	-0.37	-1.43	0.73	9.53	12.83	17.83	16.63	18.33	14.53	6.73	1.73	-2.03	7.92	
1861	-9.33	1.33	2.83	5.23	9.93	17.53	18.63	18.73	13.63	7.53	4.33	-8.33	6.84	
1862	-6.23	-4.33	4.33	9.73	14.23	17.43	18.83	18.53	14.93	8.63	3.03	-8.53	7.55	
1863	-2.73	-3.23	5.03	5.03	14.93	15.93	16.83	17.63	15.53	9.93	4.03	-4.43	7.87	
1864	-14.83	-3.53	4.63	3.93	10.23	16.93	15.23	15.63	13.93	6.93	3.83	-4.73	5.68	
1865	-1.13	-5.13	0.23	7.03	14.63	13.83	19.53	17.33	10.33	10.03	2.23	-5.13	6.98	
1866	-5.33	0.23	6.43	9.83	10.83	17.93	18.73	16.83	16.63	5.43	-0.07	-3.13	7.86	
1867	-0.67	0.23	2.23	8.73	14.73	15.53	17.83	16.43	13.73	8.73	-2.53	-5.83	7.43	
1868	-2.43	-3.43	1.13	7.23	15.13	18.43	18.13	17.23	14.73	10.73	-0.17	-1.63	7.92	
1869	-7.63	0.63	2.03	8.13	15.93	15.63	17.43	17.23	12.73	8.93	2.33	1.63	7.92	
1870	-3.83	-7.93	-0.67	5.43	14.23	15.53	18.53	15.73	9.93	6.53	6.93	-1.43	6.58	
1871	-2.53	-3.93	2.53	6.73	9.53	15.63	18.53	17.53	12.63	5.63	4.93	-13.14	6.17	
1872	-4.63	-4.13	4.53	10.23	16.63	14.83	16.93	17.33	15.43	11.63	5.13	1.73	8.8	
1873	-1.23	-0.07	6.23	8.83	11.53	15.23	18.63	19.43	13.73	11.83	3.13	-6.23	8.42	
1874	-11.63	-5.53	-1.93	9.33	9.23	17.83	20.03	18.23	15.33	9.63	0.53	1.53	6.88	
1875	-5.03	-9.63	-2.93	6.03	13.13	19.73	18.33	17.03	10.13	8.53	2.33	-5.33	6.03	
1876	-9.23	-1.53	6.33	11.93	11.93	17.03	17.93	17.63	13.63	7.93	-2.83	2.53	7.77	
1877	1.13	-1.63	2.53	7.33	12.13	17.53	18.53	19.73	12.23	5.43	0.93	-3.23	7.72	
1878	-6.53	-1.33	0.63	8.43	14.13	16.53	16.93	18.03	15.43	10.43	5.23	-1.63	8.02	
1879	-6.73	2.03	1.63	9.73	11.83	17.83	17.33	17.33	15.03	8.23	-1.43	-9.43	6.95	
1880	-10.43	-5.83	-1.63	10.03	12.53	16.03	18.93	15.83	12.83	9.63	3.63	-1.13	6.7	
1881	-7.4	-5.1	3.7	8.5	14.0	16.5	19.3	20.1	13.7	8.3	0.3	-4.1	7.32	
1882	-3.4	-3.1	6.8	9.9	13.9	16.0	20.41	17.1	15.9	9.4	4.3	1.1	9.03	
1883	-5.4	-3.9	-1.2	6.1	14.2	18.7	20.0	18.2	15.2	9.2	3.8	-3.9	7.58	
1884	-3.6	0.2	3.5	8.7	15.1	16.0	18.3	17.2	13.6	8.1	-2.3	-0.7	7.84	
1885	-3.9	-0.4	4.0	11.3	13.9	18.3	19.3	17.5	14.6	11.4	4.4	-4.9	8.79	
1886	0.5	-0.4	1.5	10.1	13.9	17.2	17.8	18.7	15.0	9.5	3.2	2.4	9.12	
1887	-1.5	-5.6	2.8	8.9	15.7	15.3	20.8	18.6	16.2	8.9	5.1	-2.0	8.6	
1888	-11.4	-5.2	5.6	9.2	14.5	17.8	19.7	19.1	16.2	9.3	-1.0	-1.4	7.7	
1889	-4.3	-1.3	2.7	9.2	16.8	18.4	20.3	19.6	12.5	12.7	3.3	-7.2	8.56	
1890	-3.4	-10.0	4.1	11.4	15.5	15.4	20.9	21.9	13.3	8.8	6.5	-2.9	8.46	
1891	-6.2	-6.8	4.3	6.4	17.1	17.7	19.5	19.8	15.5	9.9	3.9	-1.7	8.28	
1892	-2.3	-0.4	3.4	10.6	14.9	18.2	18.4	20.6	18.2	11.0	0.4	-4.6	9.03	
1893	-11.4	-1.4	1.8	6.1	13.2	17.3	19.9	17.9	14.4	10.4	4.3	-1.5	7.58	
1894	-7.1	-3.7	3.7	11.1	14.6	15.9	22.2	18.6	13.0	11.3	1.8	-2.8	8.22	
1895	-1.2	-5.1	1.9	8.5	13.4	17.2	21.1	18.7	14.2	10.6	3.5	-1.1	8.48	
1896	-12.2	-2.3	5.5	6.4	13.8	17.7	20.0	19.6	16.1	14.1	2.6	-0.4	8.41	
1897	-2.0	-1.5	5.0	9.9	14.2	17.8	20.3	20.0	16.0	7.2	-1.9	-4.7	8.36	
1898	-4.7	-0.4	4.1	11.0	15.3	18.6	19.3	19.3	13.4	11.6	5.2	-1.8	9.24	
1899	-1.6	0.2	1.3	10.9	16.1	16.6	19.3	17.3	14.7	6.7	1.4	-3.0	8.33	
1900	0.4	3.9	-0.1	9.3	14.5	17.7	20.6	18.7	14.9	10.6	6.0	0.0	9.71	
1901	-9.4	-3.3	6.1	8.7	14.7	18.0	18.7	17.0	13.2	9.3	0.3	1.9	7.93	
1902	-1.1	2.2	2.7	7.91	10.9	16.2	17.3	17.9	13.5	9.6	-2.1	-7.4	7.3	
1903	-3.7	-0.7	4.8	7.4	13.3	16.2	17.8	16.9	13.8	8.8	4.8	0.8	8.35	
1904	-6.2	2.2	2.8	8.5	13.4	16.8	19.0	17.6	12.7	9.5	-0.7	-1.2	7.87	
1905	-8.0	-4.8	3.8	7.1	14.7	16.9	19.4	20.0	14.6	6.5	5.6	-1.8	7.83	
1906	-3.9	0.6	4.2	9.9	14.4	16.9	19.0	17.1	12.8	7.9	5.8	-2.0	8.56	
1907	-6.3	-5.3	-2.6	7.0	17.3	17.7	18.3	18.0	13.2	12.2	1.8	0.1	7.62	
1908	-3.9	-0.6	3.7	8.7	16.8	19.3	18.6	17.7	12.9	7.1	-1.8	-3.0	7.96	
1909	-8.6	-8.3	4.8	9.4	14.4	17.0	19.5	20.4	15.7	9.5	2.2	1.6	8.13	
1910	-1.4	3.1	3.1	9.0	14.8	17.8	18.4	18.3	14.5	8.1	2.6	0.6	9.08	
1911	-1.9	-5.6	3.5	9.1	15.0	16.9	18.6	18.3	13.5	8.9	5.2	-0.1	8.45	
1912	-7.9	2.0	6.8	6.9	13.0	18.2	18.5	17.0	11.5	6.6	2.0	-0.5	7.84	
1913	-3.9	-5.1	5.8	9.6	13.4	16.4	16.4	16.3	14.2	8.1	3.3	-0.9	7.8	
1914	-8.0	-4.9	4.9	9.5	13.6	16.4	18.6	17.8	12.2	6.8	1.2	-0.1	7.33	
1915	0.8	0.7	2.0	8.3	14.4	19.1	18.9	16.0	11.4	9.1	1.1	2.9	8.73	
1916	-0.27	-1.83	7.63	9.03	13.53	17.53	18.83	16.83	12.73	9.23	5.93	3.03	9.35	
1917	-0.57	-7.03	3.33	9.13	14.03	17.93	18.83	20.33	14.63	10.73	4.93	-3.43	8.57	
1918	99.0	99.0	99.0	99.0	99.0	99.0	99.0	99.0	99.0	99.0	99.0	-0.37	99.0	
1919	1.23	-1.03	5.73	9.73	9.33	16.33	17.83	17.13	15.53	7.93	3.23	-0.67	8.53	
1920	-0.37	-6.13	4.03	13.03	15.53	16.03	20.03	18.23	13.83	4.73	-2.33	0.93	8.13	
1921	0.83	-2.73	4.5	8.6	15.4	15.6	18.9	19.9	12.4	7.6	1.1	-2.6	8.29	
1922	-5.2	-2.9	5.4	8.8	13.6	16.2	19.7	18.9	13.5	8.3	-0.4	-5.5	7.53	
1923	-3.8	-1.4	4.7	8.7	16.4	15.6	18.0	18.0	15.3	11.4	8.3	-0.2	9.25	
1924	-8.9	-1.4	3.4	9.7	17.6	19.1	19.2	17.9	16.4	8.4	-0.4	-2.6	8.2	
1925	-3.3	4.1	4.4	10.2	15.1	14.6	19.1	16.3	13.6	8.6	6.2	-3.7	8.77	
1926	-1.5	2.6	2.8	11.3	13.8	17.1	19.1	15.7	14.2	10.0	10.1	-1.3	9.49	
1927	-1.00	-4.10	7.60	10.00	14.40	19.50	20.40	20.10	16.50	9.40	4.60	-4.90	9.66
1928	-5.80	-4.40	0.90	10.50	12.10	17.40	22.20	19.70	16.00	7.90	5.70	-3.40	8.11
1929	-7.40	-7.50	-0.70	6.00	16.60	16.80	18.50	20.90	12.20	9.80	5.30	-0.80	7.26
1930	-3.90	-2.50	4.90	9.90	13.20	17.90	19.60	18.00	15.60	9.10	4.70	-1.30	8.81
1931	-2.40	0.90	1.00	7.00	16.40	18.60	20.80	18.50	10.70	8.00	2.20	-3.90	8.37
1932	-9.00	-8.90	-2.70	8.30	14.60	15.40	19.80	18.20	16.00	11.60	0.20	-2.20	6.63
1933	-6.90	-1.90	2.40	4.30	12.10	14.10	17.80	16.90	11.80	9.00	3.70	-6.50	6.76
1934	-5.90	-5.10	7.10	13.10	16.20	17.00	18.30	18.30	14.70	8.20	6.20	2.30	8.47
1935	-5.40	-4.20	2.00	8.30	13.10	18.50	17.30	17.90	13.60	12.50	1.10	-0.40	8.08
1936	1.30	0.20	7.20	9.60	15.00	16.10	22.00	16.50	13.10	6.50	2.90	-3.40	9.17
1937	-6.00	-1.60	7.10	7.30	16.00	18.90	18.90	17.10	16.20	8.30	4.10	0.40	8.57
1938	-5.30	-2.70	3.80	6.40	13.00	18.80	20.60	18.90	13.70	10.20	3.90	-1.60	8.47
1939	-1.10	0.00	0.60	9.70	13.50	16.50	18.80	16.80	13.10	8.10	2.00	-2.70	8.03
1940	-12.60	-5.60	0.90	8.40	11.60	15.90	19.50	15.90	14.90	9.40	5.00	-7.10	6.72
1941	-3.10	1.90	3.10	9.80	12.20	15.90	18.00	17.90	10.50	6.80	-1.00	-3.00	7.07
1942	-10.70	-2.90	1.40	7.30	14.40	17.70	19.20	19.40	16.80	7.90	0.90	-2.50	7.37
1943	-8.00	0.00	2.80	9.20	11.50	16.40	18.80	21.40	16.30	9.70	4.20	-0.60	8.32
1944	-3.90	-2.20	1.50	8.70	12.00	18.10	18.40	19.30	15.00	10.80	3.70	-2.70	8.40
1945	-7.10	-2.80	2.20	8.10	16.40	18.10	19.80	19.10	14.90	7.30	1.80	-3.70	7.92
1946	-7.90	-2.80	3.20	11.50	16.10	19.70	21.70	22.80	16.80	5.30	4.90	-1.40	8.97
1947	-10.80	-1.00	7.60	11.80	16.40	19.20	20.70	17.90	14.70	7.10	4.30	-0.30	8.88
1948	3.10	-1.40	3.50	12.00	14.60	15.90	17.70	18.60	14.70	9.90	1.10	-8.40	9.12
1949	-1.20	-3.50	0.10	9.70	16.20	14.20	17.10	17.40	13.80	9.00	7.50	-0.60	7.66
1950	-7.20	-0.60	4.20	12.30	14.70	17.40	21.10	19.40	15.90	7.80	3.90	3.40	9.03
1951	0.20	2.60	6.70	10.40	14.40	18.40	18.90	20.10	16.70	6.70	5.60	-3.10	10.34
1952	-1.70	-0.60	0.50	11.80	12.50	16.90	20.40	21.60	15.80	10.00	4.80	1.90	9.07
1953	-2.10	-2.10	2.20	9.90	13.10	19.00	21.10	18.60	15.70	10.10	0.20	-2.80	8.97
1954	-8.80	-7.40	6.20	6.80	14.00	19.00	18.80	19.20	16.40	9.00	4.40	1.50	7.90
1955	-0.40	1.50	3.10	5.60	13.80	16.70	18.60	17.50	14.70	10.30	3.30	1.70	8.85
1956	-1.80	-7.40	-0.20	10.00	13.50	17.30	19.10	20.40	14.10	8.50	0.20	-1.10	7.95
1957	-3.50	3.00	5.10	9.70	12.90	19.20	19.80	19.00	15.80	8.60	4.10	-3.70	9.38
1958	-1.80	2.50	0.80	6.70	16.60	16.40	19.30	18.90	15.20	8.30	3.80	0.40	8.58
1959	-2.90	-6.40	5.00	8.80	13.20	15.90	19.20	18.20	11.60	6.70	2.70	2.80	7.70
1960	-3.80	-2.20	4.20	8.60	12.70	16.30	17.10	17.50	11.50	10.80	7.10	4.50	8.55
1961	-5.67	-0.75	5.55	11.81	12.02	18.49	18.19	18.02	14.64	10.43	6.37	-1.37	8.98
1962	-3.19	-2.54	0.55	10.55	14.45	16.16	17.89	19.96	13.93	9.0	7.45	-4.74	8.29
1963	-9.15	-1.9	0.88	9.48	14.65	18.11	20.24	20.87	16.15	9.33	6.85	-3.34	8.51
1964	-9.2	-4.53	2.41	9.45	12.31	19.75	18.41	16.93	13.5	10.62	4.91	0.08	7.89
1965	-2.35	-7.82	3.53	7.02	13.24	17.62	18.89	16.69	16.0	7.88	2.7	0.97	7.86
1966	-6.51	4.73	3.84	11.1	13.83	16.01	18.72	18.52	13.76	13.23	5.07	-0.3	9.33
1967	-6.24	-2.01	4.66	9.17	14.58	16.06	19.63	19.02	15.54	10.78	4.28	-2.07	8.62
1968	-4.53	1.31	3.52	11.91	16.53	18.49	17.97	16.77	14.24	8.04	6.43	-2.62	9.01
1969	-8.04	-0.88	2.4	7.82	16.16	16.24	17.62	17.75	14.51	8.33	6.86	0.32	8.26
1970	-1.45	-1.23	3.52	9.65	12.06	16.92	19.33	17.99	14.02	7.38	4.91	-0.65	8.54
1971	-0.9	0.54	2.73	9.52	15.83	16.22	18.3	19.39	12.38	7.08	3.89	0.82	8.82
1972	-2.37	1.88	5.28	11.46	14.28	18.14	19.29	17.54	11.96	6.64	3.84	-2.2	8.81
1973	-2.23	1.21	1.67	9.39	14.62	16.96	18.78	18.05	16.3	8.41	0.01	-3.1	8.34
1974	-4.11	3.13	5.61	7.2	12.36	15.84	17.86	18.9	15.43	8.69	2.51	-0.1	8.61
1975	-0.66	-2.61	6.93	9.62	15.02	17.3	18.84	17.54	15.42	8.8	0.5	-2.17	8.71
1976	-3.03	-4.57	1.36	9.63	13.71	15.72	18.84	15.15	13.45	9.79	5.0	-1.01	7.84
1977	-1.26	3.79	6.72	8.46	14.44	16.83	18.7	17.73	12.49	8.76	4.92	-4.73	8.9
1978	-3.46	-0.24	5.19	8.49	12.32	16.5	17.2	16.95	12.3	8.18	0.2	-0.42	7.77
1979	-3.89	0.32	5.93	8.15	14.6	19.68	16.65	17.07	15.01	7.22	6.3	1.8	9.07
1980	-7.39	-1.09	3.61	7.5	12.49	17.0	18.12	17.48	13.1	10.2	3.8	-1.77	7.75
1981	-4.93	-2.47	6.38	7.77	13.53	19.12	18.17	17.43	15.13	10.87	1.83	-0.16	8.56
1982	-6.68	-5.45	2.52	6.76	15.91	17.79	18.12	19.01	16.94	9.89	1.62	2.97	8.28
1983	1.1	-1.68	5.91	11.6	16.29	17.17	19.92	18.1	14.45	8.01	0.85	-2.29	9.12
1984	-1.73	-2.78	2.25	8.13	14.95	16.05	17.4	17.43	15.76	10.66	3.74	-2.56	8.27
1985	-7.92	-8.28	3.31	10.06	15.89	15.47	18.94	18.94	13.77	6.94	4.21	0.99	7.69
1986	-1.37	-2.39	3.86	11.92	16.5	16.94	17.74	19.96	15.47	7.65	2.12	-4.46	8.66
1987	-4.49	-1.28	-1.96	8.46	12.89	18.15	21.68	17.4	17.26	7.86	4.92	-0.73	8.35
1988	0.65	0.77	3.32	7.76	14.44	16.84	21.62	19.8	14.64	7.2	-1.58	-0.61	8.74
1989	-2.85	1.24	6.09	12.06	12.82	15.82	19.09	18.35	13.62	8.88	2.29	-2.13	8.77
1990	-4.7	2.1	7.31	9.2	14.09	16.85	18.92	18.94	12.33	9.39	4.99	-0.96	9.04
1991	-2.59	-3.8	5.36	8.21	11.24	17.89	19.57	17.52	14.26	8.49	4.19	-4.93	7.95
1992	-5.0	-2.93	3.66	10.31	13.1	17.06	19.18	21.91	13.45	9.78	4.74	-3.31	8.5
1993	-3.44	-6.11	1.24	8.7	15.67	17.75	18.78	19.04	12.98	10.84	-0.47	1.92	8.08
1994	0.47	1.2	5.98	10.45	14.55	17.65	20.42	19.63	18.63	8.39	3.67	-1.36	9.97
1995	-3.83	3.12	4.6	8.82	13.44	17.3	21.15	17.95	13.06	9.17	-0.95	-1.37	8.54
1996	-2.72	-4.03	-0.93	9.2	16.52	19.29	18.5	18.71	11.79	9.39	5.98	0.01	8.48
1997	-1.21	-0.15	2.09	4.81	15.2	18.36	18.15	17.49	12.52	5.99	3.94	0.68	8.16
1998	-1.53	1.26	0.86	11.15	13.21	18.3	19.56	18.78	13.21	10.17	1.84	-6.57	8.35
1999	-1.83	-1.47	4.49	9.95	13.86	18.89	20.69	18.99	15.61	9.17	2.13	-1.81	9.06
2000	-5.98	-0.07	3.44	12.17	15.96	19.24	20.31	20.66	13.57	9.6	7.39	0.63	9.74
2001	-0.75	0.51	7.68	9.76	15.47	16.42	20.22	19.78	13.7	11.05	1.62	-8.51	8.91
2002	-3.1	3.62	5.43	8.95	17.14	19.05	20.91	18.39	13.63	9.52	5.63	-3.73	9.62
2003	-1.72	-5.19	2.43	7.98	18.38	20.82	19.85	21.34	13.63	7.51	5.43	-2.52	9.0
2004	-5.39	-0.22	4.65	10.22	13.36	18.0	19.82	18.83	13.66	10.23	4.42	0.35	8.99
2005	-1.52	-4.97	0.83	9.46	15.34	17.01	19.3	18.43	14.91	8.55	2.88	0.37	8.38
2006	-5.22	-1.7	3.82	11.12	14.3	17.56	20.27	18.61	15.04	10.81	4.66	0.79	9.17
2007	2.34	3.16	6.83	10.35	17.19	20.05	21.87	20.17	14.04	10.01	2.76	-1.88	10.57
2008	-1.76	2.27	6.32	10.82	15.61	19.8	20.46	21.37	14.77	11.64	5.18	2.12	10.72
2009	-2.5	0.43	4.68	12.75	16.09	19.03	20.92