1881	13.70	14.80	13.20	12.10	10.50	8.30	9.10	8.20	99	10.20	10.20	13.80	11.04
1882	15.50	13.80	14.20	12.70	10.90	9.40	8.10	8.10	9.80	9.70	11.30	13.80	11.44
1883	14.30	16.00	14.00	12.00	10.90	7.80	7.80	8.10	8.90	9.40	10.70	14.20	11.14
1884	12.90	13.30	13.10	11.00	8.80	8.60	7.20	7.90	8.90	9.10	11.40	12.30	10.53
1885	13.80	14.50	14.80	11.70	10.10	9.40	7.60	8.20	8.20	9.20	11.50	11.10	10.94
1886	12.80	14.90	14.30	12.10	11.10	8.10	6.80	7.30	8.30	10.00	11.60	12.00	10.70
1887	14.30	14.00	14.20	12.70	10.30	8.70	7.20	7.40	8.30	10.50	10.40	12.70	10.83
1888	14.30	12.80	12.80	10.90	9.00	8.30	7.80	8.80	7.90	10.40	10.60	11.00	10.53
1889	15.10	14.00	13.00	11.10	9.70	7.20	6.50	7.20	9.30	10.40	10.80	13.20	10.44
1890	12.60	13.00	12.60	11.70	9.00	7.70	7.20	7.30	9.60	11.40	10.70	14.80	10.50
1891	14.10	14.30	12.80	12.30	8.70	6.90	6.90	6.70	9.10	99	99	99	10.53
1892	99	99	99	99	99	99	8.30	9.10	8.80	10.00	12.90	13.10	99
1893	14.40	14.40	12.30	12.60	11.00	7.90	7.60	99	9.60	11.30	12.90	13.60	11.23
1894	14.10	15.40	12.70	11.00	11.10	9.20	8.30	8.10	8.80	10.80	12.60	15.50	11.31
1895	16.40	13.90	12.70	11.30	10.30	8.80	6.70	6.60	9.30	10.80	12.50	14.10	11.23
1896	15.40	14.20	14.70	13.40	9.60	8.20	8.40	7.40	9.10	8.80	10.00	12.00	11.11
1897	15.20	13.30	14.40	12.40	9.30	7.40	8.00	7.40	9.10	9.80	10.80	11.10	10.76
1898	13.40	13.80	11.10	10.40	9.80	8.20	6.70	8.00	9.70	9.30	11.30	14.30	10.23
1899	14.40	14.00	14.10	11.20	10.80	8.40	6.30	6.40	8.80	10.20	11.00	12.70	10.83
1900	12.40	12.90	12.90	12.60	10.60	7.70	7.10	8.20	8.80	11.90	11.10	12.60	10.74
1901	14.80	14.70	13.20	12.40	9.80	8.80	6.80	6.70	9.10	10.80	10.50	13.30	10.85
1902	15.50	15.30	15.30	12.00	10.10	9.00	6.80	8.10	7.90	8.90	9.80	11.00	11.00
1903	12.90	13.30	12.20	11.80	11.10	7.50	8.20	7.30	7.80	10.70	12.50	14.30	10.53
1904	13.40	14.10	14.80	11.20	8.40	8.70	7.10	7.80	9.90	11.00	11.00	13.20	10.98
1905	12.70	14.70	13.90	11.90	10.00	7.20	7.10	8.70	10.00	10.70	12.70	13.20	11.07
1906	13.90	14.90	11.70	10.90	10.00	9.10	8.40	8.30	8.90	10.30	11.70	14.10	10.94
1907	14.90	15.40	14.20	14.10	10.00	8.10	7.80	7.70	8.80	9.30	11.10	13.80	11.29
1908	14.20	14.10	13.80	12.00	10.60	99	7.60	7.10	8.90	10.80	10.90	12.70	10.98
1909	13.80	14.90	14.90	12.60	11.30	6.80	7.70	9.20	8.40	11.20	12.30	15.10	11.32
1910	14.20	16.10	14.40	12.30	10.80	99	6.80	8.20	8.90	10.60	11.60	13.70	11.42
1911	14.80	13.60	14.30	14.40	10.90	9.20	8.10	8.10	9.30	10.40	11.20	10.50	11.50
1912	14.30	12.90	13.10	11.80	9.40	8.50	8.70	7.20	10.10	10.40	11.70	13.40	10.72
1913	16.00	13.60	13.20	10.80	8.70	7.30	7.10	8.50	8.90	10.80	12.50	13.10	10.90
1914	15.20	15.20	14.40	13.10	10.90	8.30	7.10	7.30	8.70	9.80	10.70	11.50	11.15
1915	99	99	99	99	99	99	99	99	99	99	99	99	99
1916	99	99	99	99	99	99	99	99	99	99	99	99	99
1917	99	99	99	99	99	99	99	99	99	99	99	99	99
1918	99	99	99	99	99	99	99	99	99	99	99	99	99
1919	99	99	99	99	99	99	99	99	99	99	99	99	99
1920	99	99	99	99	99	99	99	99	99	99	99	99	99
1921	99	99	99	99	99	99	99	99	99	99	99	99	99
1922	99	99	99	99	99	99	99	99	99	99	99	99	99
1923	99	99	99	99	99	99	99	99	99	99	99	99	99
1924	99	99	99	99	99	99	99	99	99	99	99	99	99
1925	99	99	99	99	99	99	99	99	99	99	99	99	99
1926	99	99	99	99	99	99	99	99	99	99	99	99	99
1927	99	99	99	99	99	99	99	99	99	99	99	99	99
1928	99	99	99	99	99	99	99	99	99	99	99	99	99
1929	99	99	99	99	99	99	99	99	99	99	99	99	99
1930	99	99	99	99	99	99	99	99	99	99	99	99	99
1931	99	99	99	99	99	99	99	99	99	99	99	99	99
1932	99	99	99	99	99	99	99	99	99	99	99	99	99
1933	99	99	99	99	99	99	99	99	99	99	99	99	99
1934	99	99	99	99	99	99	99	99	99	99	99	99	99
1935	99	99	99	99	99	99	99	99	99	99	99	99	99
1936	99	99	99	99	99	99	99	99	99	99	99	99	99
1937	99	99	99	99	99	99	99	99	99	99	99	99	99
1938	99	99	99	99	99	99	99	99	99	99	99	99	99
1939	12.60	13.00	12.30	11.70	9.30	8.60	6.20	7.20	8.30	10.10	10.60	13.70	10.12
1940	15.30	13.60	12.80	10.60	10.30	7.30	6.50	8.30	8.90	9.20	10.80	12.70	10.61
1941	15.80	14.70	15.20	10.30	10.60	7.20	7.70	7.40	8.60	8.90	11.00	12.20	10.84
1942	13.90	15.10	12.30	12.60	11.30	8.30	8.00	7.70	9.20	9.80	11.30	12.70	10.98
1943	13.90	14.90	13.10	12.70	9.30	9.20	8.60	7.50	10.40	10.30	12.40	14.20	11.25
1944	14.20	16.30	15.40	13.30	10.40	8.60	8.20	8.30	8.40	10.50	11.40	12.80	11.60
1945	15.30	16.30	14.90	11.90	10.40	7.60	7.20	8.60	8.70	9.10	10.70	11.40	11.13
1946	12.90	14.20	13.20	11.40	11.10	8.70	7.80	8.10	9.70	9.90	9.60	12.10	10.67
1947	12.10	14.00	13.30	11.40	10.20	8.20	7.70	7.80	9.30	10.70	11.10	12.90	10.66
1948	14.90	13.70	14.30	11.90	10.30	8.20	8.10	7.90	8.90	9.30	10.80	12.10	10.93
1949	12.30	14.30	12.60	11.40	9.80	7.80	7.90	8.30	9.00	10.80	11.80	13.90	10.68
1950	15.50	15.10	13.20	11.40	10.90	7.20	6.90	7.30	8.70	10.30	11.90	12.60	11.03
1951	13.70	15.00	14.80	13.40	10.10	7.40	8.10	7.70	8.70	9.70	11.60	12.80	11.07
1952	13.70	16.10	13.20	11.60	9.60	8.20	7.00	8.40	9.80	10.40	12.30	13.80	11.09
1953	14.70	14.20	13.60	11.80	10.40	9.30	7.70	8.00	8.80	9.10	12.70	13.50	11.18
1954	13.50	14.20	15.80	12.70	11.00	9.00	7.50	8.30	8.80	10.40	12.10	12.40	11.40
1955	14.30	15.80	14.70	12.80	10.70	7.40	7.50	8.90	9.30	10.60	12.00	12.20	11.37
1956	15.60	14.00	12.10	14.00	10.40	8.80	8.30	8.00	9.10	10.80	13.10	13.90	11.37
1957	15.90	16.40	15.70	13.40	11.70	8.70	7.50	8.10	9.40	10.10	11.90	12.90	11.89
1958	13.70	15.70	14.60	10.30	10.10	7.80	7.00	8.10	8.20	12.00	12.30	15.00	11.06
1959	14.70	15.30	14.20	12.40	10.20	8.10	7.10	7.60	9.40	9.60	11.00	12.90	11.22
1960	13.40	15.10	13.90	11.90	10.50	9.90	8.10	8.20	8.90	11.10	11.90	13.40	11.32
1961	13.50	14.60	13.20	12.00	10.10	8.60	8.10	7.70	8.60	10.80	11.70	13.90	11.03
1962	15.50	15.10	14.80	13.30	12.20	10.20	8.90	8.80	9.30	12.20	12.00	13.70	12.18
1963	14.40	15.70	13.80	12.00	10.70	9.00	7.80	6.90	9.30	9.40	10.70	12.60	11.12
1964	14.00	14.20	14.30	11.80	10.10	8.50	9.20	8.20	9.50	10.10	11.10	14.30	11.13
1965	16.30	14.20	14.80	12.10	9.70	8.60	7.20	8.10	8.70	9.10	11.60	13.10	11.23
1966	14.30	15.50	12.90	12.00	10.20	8.40	7.60	8.00	8.10	9.70	11.10	13.80	10.91
1967	14.40	14.90	14.20	12.90	9.80	7.70	6.70	9.00	7.80	10.00	11.30	13.50	11.04
1968	14.60	13.90	14.80	14.10	11.90	9.80	8.10	8.90	9.00	10.10	10.90	12.50	11.63
1969	15.20	13.70	14.00	11.20	9.20	8.20	7.00	8.30	10.60	9.40	10.80	15.10	10.84
1970	15.40	15.30	15.50	12.70	10.10	9.40	9.10	9.00	9.80	9.20	11.10	11.90	11.81
1971	13.20	14.70	13.50	11.90	11.00	9.40	7.40	9.00	9.60	10.10	12.30	12.80	11.17
1972	13.70	13.00	13.40	11.40	9.50	6.50	7.70	6.40	9.00	10.30	12.20	12.20	10.49
1973	13.60	14.00	13.70	11.80	9.80	9.60	6.50	9.10	10.00	10.40	11.90	13.20	11.05
1974	14.00	15.60	12.70	13.50	10.00	8.40	9.10	8.70	10.20	10.70	11.30	15.10	11.45
1975	15.80	15.60	15.10	13.50	10.70	8.10	7.70	8.60	8.80	10.00	9.90	11.70	11.58
1976	13.30	12.80	12.80	11.90	9.50	8.10	8.10	8.10	8.20	9.20	10.60	13.70	10.36
1977	14.10	15.10	13.80	13.10	10.10	8.70	8.00	8.70	8.70	10.10	11.30	13.60	11.28
1978	14.30	15.30	14.30	13.20	11.20	8.90	8.50	9.10	9.20	9.90	11.30	14.70	11.57
1979	15.10	15.50	15.30	12.60	10.00	8.70	8.40	8.90	10.00	10.40	12.50	14.90	11.84
1980	15.60	16.00	13.40	11.90	9.70	8.00	7.30	8.30	9.70	10.30	10.40	13.80	11.29
1981	15.50	14.90	15.40	13.40	9.80	9.60	9.30	7.70	8.70	10.20	11.70	14.10	11.67
1982	14.50	15.00	14.00	11.60	10.70	8.00	7.10	8.30	8.70	9.20	12.30	12.40	11.13
1983	13.20	12.10	13.20	11.80	10.00	8.40	8.40	8.40	9.00	10.70	11.90	13.60	10.79
1984	13.70	14.70	15.50	13.10	9.90	9.50	8.80	8.20	9.00	9.90	12.10	15.50	11.50
1985	17.00	16.10	14.50	12.30	11.00	9.80	9.30	8.30	9.30	9.70	11.50	13.50	12.03
1986	15.80	17.20	15.00	13.20	10.90	9.50	8.30	8.00	8.70	10.60	11.30	13.30	11.83
1987	15.80	15.20	14.20	12.50	10.90	8.80	7.30	8.80	8.40	10.30	12.10	14.10	11.47
1988	14.10	16.60	14.50	11.50	11.00	9.10	8.70	8.30	9.70	11.30	11.70	13.70	11.72
1989	16.30	15.20	14.10	12.10	11.20	9.50	7.40	9.20	9.10	11.70	13.30	13.10	11.90
1990	14.40	15.00	14.70	12.10	11.30	9.70	7.90	9.00	8.90	10.90	12.90	14.10	11.66
1991	14.80	15.70	14.40	13.90	10.80	8.70	9.00	9.60	10.10	10.50	10.80	12.50	11.87
1992	14.10	14.30	12.90	10.40	8.70	8.40	7.90	7.90	7.80	9.90	12.10	11.70	10.58
1993	12.90	13.70	12.00	10.80	10.30	9.80	8.00	7.50	8.00	10.30	10.60	12.50	10.47
1994	14.70	14.90	13.20	11.90	9.90	8.30	7.80	99	99	99	99	99	10.95
1995	99	99	99	99	99	99	99	99	99	99	99	99	99
1996	99	99	99	99	99	99	99	99	99	99	10.40	13.70	99
1997	13.40	14.70	14.00	12.40	10.40	8.80	7.60	9.20	7.90	10.50	11.20	12.90	11.15
1998	14.10	16.70	15.70	13.10	10.30	9.00	9.30	8.10	9.60	11.30	11.30	13.30	11.78
1999	15.40	15.30	15.80	12.60	12.20	9.90	9.60	8.40	10.40	10.50	13.60	13.10	12.25
2000	15.20	14.70	14.20	13.60	11.50	99	8.60	8.70	9.90	10.80	10.40	14.60	11.66
2001	14.60	15.40	13.10	12.00	99	9.70	7.60	9.50	9.60	11.40	12.50	16.20	11.65
2002	16.10	15.00	15.10	12.50	9.50	9.40	8.30	8.30	10.30	9.30	11.60	14.00	11.80
2003	14.50	15.70	15.40	12.80	11.00	10.00	7.20	8.10	10.40	10.80	11.50	13.80	11.78
2004	16.10	15.00	14.10	11.10	11.40	9.70	8.40	8.90	8.90	10.10	12.00	11.90	11.63
2005	14.60	17.30	15.40	11.80	99	8.50	9.00	9.50	9.90	10.30	11.50	14.70	11.72
2006	99	15.40	13.70	13.80	11.50	8.50	9.40	9.10	9.70	10.70	11.80	12.40	11.98
2007	14.7	13.90	14.60	11.80	11.10	7.80	7.60	8.8	9.4	10.0	10.6	13.7	11.06
2008	14.9	99	14.3	12.4	9.9	9.1	8.6	8.4	10.3	10.2	1.7	14.6	11.55
2009	16.2	14.8	13.5	12.4	10.6	7.5	6.8	9.1	9.2	99	99	12.5	11.42
2010	15.2	15.1	14.5	13.3	99	99	8.4	9.9	10.2	10.6	11.8	13.5	11.87
2011	14.5	15.1	15.0	12.4	13.1	10.2	