1932	99	99	99	99	99	99	27.80	27.70	27.30	28.20	29.10	28.60	99
1933	28.30	28.60	28.20	28.20	28.50	28.40	28.30	28.40	28.60	29.10	29.20	28.70	28.53
1934	28.80	29.10	27.80	28.70	28.10	27.80	28.20	28.60	28.70	28.70	29.70	28.30	28.57
1935	27.70	27.50	29.10	28.60	99	27.60	27.20	27.90	29.20	30.20	29.60	29.10	28.48
1936	99	28.90	29.40	29.20	99	26.80	99	27.50	27.30	28.70	29.10	29.40	28.44
1937	29.30	28.40	29.20	99	29.00	28.60	28.60	99	28.90	99	29.70	28.50	29.00
1938	28.10	28.40	28.60	28.60	28.50	28.10	28.20	28.80	28.90	99	28.80	29.30	28.53
1939	28.40	28.30	28.80	28.10	27.90	27.40	99	99	99	28.80	29.70	29.50	28.63
1940	99	29.40	28.70	28.80	99	28.30	27.50	28.10	28.30	28.70	29.20	28.80	28.72
1941	99	28.10	29.30	29.20	28.70	28.30	27.60	28.30	99	99	29.00	29.60	28.55
1942	28.40	27.50	99	29.10	28.50	28.40	27.80	27.70	28.30	29.20	29.20	27.80	28.54
1943	27.70	28.00	27.60	27.80	28.10	27.40	27.50	27.90	28.80	29.20	29.00	28.30	28.07
1944	27.60	27.60	28.10	28.50	28.30	27.80	27.00	27.40	27.70	27.50	27.60	28.30	27.78
1945	28.10	27.90	27.70	27.70	27.60	27.90	27.50	27.80	28.10	28.60	27.90	28.10	27.93
1946	28.10	28.10	27.70	28.10	28.30	28.10	27.50	27.90	27.90	27.90	28.20	28.70	27.99
1947	28.20	28.40	28.40	28.90	28.40	28.50	28.60	28.20	27.90	27.70	28.00	27.90	28.32
1948	27.70	27.50	28.10	27.80	28.30	27.80	27.20	27.20	27.60	27.90	28.30	28.70	27.77
1949	28.60	28.30	28.10	28.60	28.50	27.70	27.30	27.50	27.60	27.50	28.40	27.90	28.07
1950	28.10	28.10	28.40	27.60	27.80	27.60	27.50	27.70	28.30	28.40	28.30	27.50	27.97
1951	28.30	27.80	28.50	28.20	28.10	27.60	27.30	27.50	27.80	28.10	28.20	28.40	27.91
1952	28.10	28.50	28.20	27.90	28.20	27.60	27.40	27.60	28.10	27.60	28.50	28.30	28.01
1953	28.70	28.30	27.90	28.80	27.80	27.80	27.40	26.80	27.40	27.30	29.00	28.40	27.96
1954	28.40	28.00	27.80	27.80	27.90	28.00	27.40	27.80	28.00	28.00	27.80	28.10	27.94
1955	27.20	27.70	28.20	27.80	27.80	27.80	27.70	27.30	27.70	27.50	27.80	27.40	27.72
1956	27.80	27.70	27.80	27.90	27.90	27.70	27.20	27.90	28.10	28.00	28.30	28.00	27.81
1957	28.10	27.70	28.30	28.10	28.70	28.10	28.10	27.70	28.10	28.50	28.20	28.90	28.13
1958	28.70	29.10	28.00	29.10	28.50	28.40	27.50	27.70	27.90	28.30	28.60	28.40	28.39
1959	28.10	28.70	28.80	28.20	28.70	28.30	27.40	27.70	28.20	28.70	28.10	28.40	28.27
1960	27.80	28.30	27.90	28.20	28.30	28.10	27.90	27.50	28.00	27.80	28.10	28.30	28.02
1961	28.00	27.70	27.30	28.20	28.10	28.10	27.80	28.20	27.60	27.90	27.70	27.80	27.91
1962	28.40	28.10	28.40	28.30	28.90	28.10	27.90	27.60	28.20	27.70	28.00	28.00	28.12
1963	27.70	28.00	27.90	27.90	28.30	27.80	27.60	27.60	28.20	28.30	28.00	28.30	27.94
1964	28.50	27.90	28.60	28.40	27.60	27.60	27.50	27.70	27.60	27.50	27.30	26.90	27.88
1965	27.30	27.80	27.70	27.70	27.90	27.90	28.10	27.60	27.90	27.90	27.70	28.20	27.70
1966	28.20	28.20	28.10	28.20	28.20	27.90	28.10	27.30	28.30	27.80	27.90	27.80	28.03
1967	28.10	27.60	27.80	27.30	27.90	27.80	27.60	27.60	27.40	27.70	27.20	28.00	27.65
1968	28.60	27.90	28.00	27.70	27.70	27.70	28.00	27.70	27.50	27.80	27.80	28.40	27.87
1969	28.40	28.00	28.40	28.20	28.40	28.60	27.90	27.70	28.20	28.30	28.80	28.40	28.27
1970	28.40	27.70	28.50	28.10	28.30	28.00	27.90	27.60	27.60	27.20	27.20	27.10	27.91
1971	27.50	27.40	27.60	28.20	28.20	27.80	26.80	27.50	27.20	27.40	27.60	27.60	27.52
1972	27.40	27.80	27.70	27.70	28.20	28.40	27.90	27.90	27.90	99	28.20	28.30	27.89
1973	28.00	27.60	28.30	28.10	28.00	27.60	27.60	27.70	27.90	27.10	27.10	27.00	27.77
1974	99	27.30	27.40	28.00	27.90	27.70	27.60	27.30	27.70	27.50	27.40	27.40	27.49
1975	27.40	27.80	27.90	28.00	27.90	27.70	27.50	27.00	27.50	27.40	27.40	27.30	27.57
1976	27.30	27.30	27.40	28.10	28.00	28.10	28.00	27.80	28.30	28.50	28.80	28.00	27.91
1977	28.00	28.20	27.50	28.20	28.00	27.70	27.70	27.80	28.30	28.30	28.20	28.90	27.99
1978	28.30	27.70	27.80	27.90	28.10	27.70	28.30	27.60	27.90	28.30	28.00	28.10	28.04
1979	28.00	28.70	28.40	28.30	28.50	28.40	28.00	28.30	28.30	28.30	28.20	28.00	28.29
1980	28.40	28.20	28.30	28.80	28.50	28.50	28.40	27.90	28.20	28.30	28.00	28.60	28.29
1981	28.60	28.30	28.60	28.20	28.40	28.30	27.90	27.90	28.30	28.10	28.20	27.80	28.28
1982	28.30	28.10	28.30	28.40	28.60	28.40	28.40	27.90	27.30	27.70	28.10	28.20	28.11
1983	28.20	27.80	27.60	27.90	28.10	28.00	27.70	27.30	27.80	27.90	27.80	27.90	27.86
1984	28.00	28.10	27.70	28.10	28.10	27.70	27.60	27.50	27.50	27.70	27.70	27.60	27.80
1985	27.70	28.00	27.50	28.10	27.90	28.10	27.60	28.20	28.20	28.40	28.30	28.40	27.97
1986	28.30	28.10	28.40	28.00	28.20	28.30	27.70	27.80	28.60	28.50	28.60	99	28.24
1987	28.00	28.20	27.90	28.20	27.70	27.80	27.60	27.70	27.80	28.30	28.70	28.40	28.01
1988	28.40	28.10	28.60	27.70	28.10	27.80	27.50	27.80	28.20	27.50	27.90	27.80	28.00
1989	27.20	27.40	27.50	28.00	28.10	28.60	27.90	27.90	27.80	28.20	28.20	99	27.88
1990	28.20	27.90	28.00	28.10	28.80	28.40	28.20	28.00	28.30	28.70	28.50	28.30	28.27
1991	28.50	28.40	28.50	28.50	28.70	28.80	28.50	28.40	28.50	28.30	28.60	28.50	28.50
1992	27.80	99	27.10	28.10	28.00	28.10	28.10	28.30	28.40	28.20	28.10	28.00	28.06
1993	28.60	28.00	99	27.70	28.10	28.30	27.60	27.80	27.90	28.50	28.50	99	28.07
1994	27.90	28.50	29.00	28.70	28.60	28.40	28.40	28.20	28.30	28.40	99	29.00	28.44
1995	28.10	99	99	28.40	99	99	99	99	99	27.90	28.30	99	99
1996	99	28.20	28.00	28.20	99	28.40	99	28.20	99	99	99	99	99
1997	99	99	99	28.60	99	28.00	28.50	28.30	99	28.30	28.80	28.40	99
1998	99	99	99	99	99	99	27.60	27.70	99	27.60	28.20	99	99
1999	28.00	99	99	99	99	28.10	28.50	28.40	27.90	99	99	99	99
2000	28.00	28.50	27.90	28.40	99	99	99	99	28.50	28.70	99	28.70	28.31
2001	99	99	99	99	99	28.40	28.50	28.40	99	28.60	99	99	99
2002	99	99	28.20	99	99	28.50	99	28.40	99	99	29.00	99	99
2003	28.50	28.50	28.60	28.60	28.80	28.00	28.30	28.00	28.10	28.20	99	28.20	28.39
2004	28.50	28.40	28.40	28.30	99	99	28.40	99	99	99	28.90	28.90	99
2005	29.00	28.50	29.00	99	99	99	28.40	28.80	29.20	29.10	28.80	99	28.87
2006	99	27.90	28.40	29.10	29.00	28.60	99	28.40	99	99	28.70	29.30	99
2007	28.80	28.90	99	28.70	28.9	99	99	99	99	28.6	28.8	28.3	28.73
2008	28.0	28.3	28.3	28.5	29.0	28.8	99	99	99	28.6	99	99	99
2009	99	28.5	99	99	99	99	99	29.0	99	28.9	29.2	29.2	99
2010	99	99	99	99	29.6	29.2	99	99	99	99	99	99	99