1907	17.90	16.70	17.90	19.90	21.70	25.00	27.30	26.70	26.60	25.10	23.40	18.90	22.30
1908	17.80	17.50	17.80	21.70	22.90	26.00	26.90	26.60	26.20	25.40	21.30	19.30	22.42
1909	17.30	17.20	19.40	20.60	22.30	26.20	27.70	26.50	26.80	25.40	22.20	18.30	22.58
1910	18.80	16.70	17.60	19.90	22.90	25.70	26.70	26.70	27.20	26.30	22.10	19.20	22.41
1911	17.20	17.90	19.60	20.80	22.80	26.40	27.40	27.70	27.50	24.90	22.90	20.00	22.86
1912	17.70	18.50	20.30	21.60	22.90	24.50	27.20	27.50	27.10	25.00	22.90	20.10	22.93
1913	17.70	17.60	17.50	20.80	23.00	26.50	26.90	27.50	26.40	25.50	22.80	19.30	22.69
1914	17.60	17.30	19.90	19.70	23.90	25.80	27.40	27.30	26.20	24.00	23.10	19.40	22.62
1915	17.70	18.70	17.60	22.10	22.90	25.90	27.20	27.70	26.80	25.70	23.50	20.50	22.93
1916	18.70	18.00	17.90	21.20	23.70	25.60	27.70	26.80	27.00	26.20	23.70	20.10	23.08
1917	17.00	16.40	18.40	19.70	21.50	25.70	26.90	27.20	26.30	26.10	21.20	18.20	22.21
1918	15.60	15.90	17.30	20.40	23.60	26.00	27.50	26.80	27.50	26.20	22.90	20.00	22.32
1919	18.70	18.40	19.60	20.30	22.80	25.10	26.70	27.10	26.40	25.60	23.90	19.60	22.88
1920	17.60	17.70	17.90	20.00	22.00	25.00	27.20	27.40	26.20	25.00	23.70	20.30	22.44
1921	18.50	16.90	18.30	20.90	22.30	25.30	27.10	27.00	26.40	24.70	21.10	19.10	22.40
1922	17.60	17.90	18.00	20.50	22.40	24.60	27.10	27.10	26.30	25.10	22.40	17.80	22.34
1923	17.00	17.40	18.70	21.20	24.00	26.80	27.40	27.40	27.30	25.40	23.80	19.70	22.85
1924	17.50	18.20	17.60	21.40	23.30	25.60	26.60	26.70	26.80	25.30	21.90	18.60	22.55
1925	17.40	16.80	17.20	19.60	21.20	24.20	26.40	26.40	25.90	25.90	23.00	19.00	21.88
1926	16.50	16.60	17.80	19.30	21.60	23.60	27.00	28.00	28.00	24.90	99	17.90	22.12
1927	16.20	16.80	17.80	19.40	22.50	26.00	27.30	27.70	27.40	25.30	21.30	19.70	22.13
1928	17.80	16.80	17.50	19.30	22.60	25.60	27.40	26.40	26.50	26.10	23.50	19.80	22.43
1929	17.40	16.20	17.90	20.60	23.50	24.70	26.50	27.80	27.60	26.20	24.10	20.50	22.69
1930	19.00	17.50	19.10	21.30	24.40	26.50	27.70	27.40	26.50	25.60	21.90	20.10	23.12
1931	18.60	19.50	18.80	21.10	21.60	23.90	27.70	27.80	27.70	25.80	23.10	19.80	22.98
1932	17.90	17.30	17.70	19.50	23.60	25.60	27.30	27.80	26.80	25.90	22.90	20.00	22.68
1933	17.90	17.60	18.70	21.70	23.10	25.90	27.20	27.40	26.80	24.90	22.70	19.00	22.83
1934	16.10	16.00	17.20	20.50	99	26.00	27.90	28.50	27.80	26.20	22.70	20.60	22.52
1935	17.30	18.00	18.30	20.30	22.20	25.60	27.70	27.50	27.60	24.70	21.90	19.20	22.64
1936	16.20	16.60	17.40	20.20	23.10	24.80	27.20	28.20	27.80	26.30	23.50	20.50	22.54
1937	18.50	18.40	19.10	20.70	24.10	23.80	26.40	27.50	26.90	25.60	22.90	18.80	22.87
1938	17.10	16.50	20.20	20.80	22.90	26.40	27.30	27.20	26.80	25.70	21.70	19.90	22.62
1939	16.80	16.50	17.90	20.80	23.00	25.60	26.90	26.60	26.30	25.30	23.50	19.40	22.43
1940	17.20	16.10	17.20	19.70	21.40	25.90	28.10	28.40	27.20	25.70	24.20	19.60	22.54
1941	17.70	17.50	19.80	21.10	24.40	26.60	27.50	28.00	27.60	25.90	23.20	20.80	23.24
1942	17.30	18.20	21.20	22.10	24.00	26.50	28.70	28.50	28.10	25.20	22.20	19.30	23.57
1943	17.00	16.70	17.80	20.70	23.40	26.30	27.10	27.10	27.10	26.20	23.00	19.70	22.64
1944	99	99	99	99	99	99	99	99	99	99	99	99	99
1945	99	99	99	99	99	99	99	99	99	99	99	99	99
1946	99	99	99	99	99	99	99	99	99	99	99	99	99
1947	99	99	99	99	99	99	99	99	99	99	99	99	99
1948	99	99	99	99	99	99	99	99	99	99	99	99	99
1949	18.60	17.80	18.10	19.90	22.10	24.40	26.10	26.30	26.10	25.60	23.30	21.20	22.39
1950	18.50	18.20	18.40	20.40	22.60	24.70	26.40	26.60	26.20	24.90	22.70	19.30	22.57
1951	17.80	17.10	18.60	21.00	22.60	25.70	27.10	27.30	26.90	25.90	22.70	20.10	22.67
1952	18.60	18.70	19.60	21.10	23.40	26.30	26.90	27.20	27.70	25.60	24.70	21.10	23.33
1953	18.30	18.00	20.20	20.30	22.30	26.10	27.10	27.40	27.60	25.30	22.90	21.10	23.05
1954	19.10	18.20	19.30	22.00	25.10	26.20	27.30	27.50	27.30	25.80	23.80	20.90	23.56
1955	17.20	18.30	20.40	22.40	24.50	26.60	27.60	27.20	27.20	26.30	23.00	20.20	23.47
1956	17.90	16.90	19.30	21.90	24.70	26.20	27.30	27.80	27.10	26.20	24.20	19.30	23.31
1957	18.20	17.50	17.30	20.90	99	25.90	27.60	28.00	27.10	25.20	23.60	21.30	22.76
1958	18.70	18.90	19.80	21.60	24.40	25.20	26.30	26.80	27.70	26.90	24.60	20.70	23.52
1959	18.40	20.10	19.50	99	25.10	99	27.40	27.70	27.30	26.60	26.10	21.60	23.92
1960	18.90	18.70	19.50	99	23.60	25.60	99	99	26.80	25.30	23.20	20.90	23.44
1961	17.80	18.00	19.20	21.90	25.30	26.70	27.60	27.70	27.80	26.80	22.80	19.90	23.54
1962	17.40	17.20	19.40	20.70	24.40	25.90	27.80	28.00	27.70	25.70	23.70	19.90	23.15
1963	16.70	15.80	17.80	20.30	23.70	26.70	27.60	28.20	28.10	25.30	24.50	21.40	22.88
1964	19.60	18.50	99	99	99	99	99	99	99	99	99	99	99
1965	99	99	99	99	99	99	99	99	99	99	99	99	99
1966	99	99	99	99	99	99	99	99	99	99	99	99	99
1967	99	99	99	99	99	99	99	99	99	99	99	99	99
1968	99	99	99	99	99	99	99	27.70	26.00	25.10	21.90	19.40	99
1969	18.50	18.50	18.80	20.00	23.70	25.30	27.20	28.10	27.70	25.50	23.20	19.40	22.99
1970	17.30	17.50	17.60	21.00	22.70	25.80	27.70	27.80	26.90	25.50	21.90	18.60	22.59
1971	16.50	16.60	17.40	20.40	22.10	26.80	27.80	27.80	27.10	26.30	23.50	20.40	22.57
1972	19.20	18.50	18.20	20.60	23.30	26.20	26.90	27.50	27.50	25.60	22.60	20.20	23.04
1973	18.40	18.90	18.00	23.20	22.60	25.40	27.00	27.50	27.30	26.70	22.20	18.50	23.12
1974	16.30	17.00	17.70	22.20	23.40	26.50	27.80	27.30	26.40	26.70	23.30	20.40	22.76
1975	18.20	16.90	17.60	20.30	22.00	26.10	27.30	27.40	26.90	26.00	23.20	19.60	22.69
1976	17.20	17.40	18.90	20.70	23.40	25.30	25.80	27.40	27.20	24.90	22.50	19.60	22.53
1977	17.30	16.20	19.20	21.80	22.60	26.60	27.20	27.80	27.50	25.80	23.80	19.80	22.95
1978	18.70	17.80	17.80	20.30	24.10	26.40	27.30	27.50	27.60	26.60	23.60	20.70	23.12
1979	18.60	19.20	18.70	21.70	22.30	25.60	27.70	28.10	28.00	26.20	24.80	20.40	23.47
1980	18.60	17.20	18.60	20.30	22.90	26.30	27.90	28.20	28.30	25.60	23.30	19.30	23.13
1981	16.70	17.10	18.50	20.80	23.30	25.30	27.60	27.90	27.50	25.10	22.40	19.00	22.62
1982	16.80	16.50	18.60	19.30	23.30	26.20	26.30	27.50	27.00	25.50	23.20	20.20	22.43
1983	17.80	17.70	18.70	22.40	23.60	25.00	27.10	27.70	27.80	26.70	22.10	18.30	23.07
1984	16.90	15.90	17.20	19.30	22.30	25.60	27.30	27.20	27.60	26.00	23.00	19.90	22.22
1985	17.30	18.00	99	21.40	23.20	25.40	27.40	27.00	27.40	26.20	22.70	20.10	22.90
1986	17.50	16.00	17.60	20.70	23.40	25.30	28.00	27.90	27.70	25.00	23.40	20.40	22.72
1987	18.20	18.50	19.50	21.90	23.80	25.20	27.30	28.00	27.00	26.30	24.30	20.70	23.37
1988	20.50	17.90	20.50	20.50	22.60	25.50	27.20	26.90	27.40	25.80	21.60	19.00	23.09
1989	19.40	18.40	18.70	20.90	23.30	25.30	27.50	26.60	27.00	25.40	22.90	19.30	22.87
1990	18.10	19.40	18.60	19.80	22.60	25.40	26.90	27.50	27.40	26.50	23.80	20.40	22.94
1991	99	18.10	99	20.90	23.10	99	99	28.60	27.80	27.10	23.70	19.90	23.34
1992	19.20	18.30	21.20	21.30	99	25.70	27.00	27.20	26.40	25.10	23.00	20.00	23.25
1993	18.90	17.80	18.60	20.10	23.00	24.80	27.70	28.40	28.00	25.90	24.20	21.10	23.12
1994	18.60	18.10	18.20	21.10	23.40	26.60	27.70	27.80	27.60	27.00	23.90	21.00	23.43
1995	18.10	16.90	18.20	22.10	23.70	26.20	27.90	28.80	28.20	26.40	22.40	18.90	23.33
1996	18.00	16.90	19.30	19.50	21.60	24.90	26.90	27.80	27.90	25.70	23.90	19.80	22.61
1997	18.30	17.40	19.60	21.10	23.70	25.70	28.30	28.60	27.50	25.40	23.10	21.60	23.21
1998	19.50	19.30	19.60	23.10	25.50	27.40	27.80	27.60	27.50	26.70	23.70	21.00	24.11
1999	19.20	18.20	20.50	21.00	23.70	26.40	27.60	27.50	28.00	26.40	24.00	19.50	23.62
2000	19.20	17.40	18.60	21.00	22.30	27.30	27.20	27.30	27.20	26.90	25.70	21.50	23.30
2001	18.90	18.50	19.20	21.00	23.50	27.50	28.10	27.40	26.80	26.10	23.10	20.60	23.47
2002	18.60	17.60	19.20	20.80	23.90	26.50	27.90	27.40	27.20	26.10	23.40	20.90	23.27
2003	18.30	18.00	17.90	21.60	23.60	25.50	27.40	27.90	28.40	26.70	24.80	20.20	23.42
2004	18.10	18.30	19.50	21.60	24.90	27.10	27.00	28.30	28.30	27.30	24.60	21.90	23.77
2005	18.70	18.60	19.00	20.80	23.00	26.50	27.70	28.30	28.20	26.90	23.30	18.60	23.57
2006	17.40	18.90	19.30	20.20	23.50	26.40	28.30	27.90	27.70	26.00	24.20	22.10	23.20
2007	19.40	18.90	19.40	21.10	22.70	24.20	27.70	28.1	27.6	26.5	24.5	21.0	23.52
2008	19.3	17.3	18.9	20.4	24.0	26.6	27.3	28.2	27.8	26.5	23.7	20.4	23.42
2009	18.2	19.2	19.7	20.7	22.5	25.6	28.2	28.5	27.6	26.5	24.6	20.7	23.48
2010	18.2	19.3	20.6	22.0	22.6	25.1	27.7	28.0	27.8	27.3	24.0	21.0	23.61
2011	17.1	18.4	18.4	19.8	24.0	27.2	27.9