1941	25.30	28.10	30.20	32.70	32.90	30.60	28.60	27.70	27.60	29.70	27.40	24.70	28.84
1942	24.50	27.40	31.00	33.40	33.40	31.00	28.40	27.00	28.00	28.70	28.50	24.70	28.83
1943	24.60	27.40	30.90	32.30	33.40	30.00	28.00	27.00	27.50	29.00	26.90	25.20	28.48
1944	25.30	29.10	30.90	32.60	33.90	31.80	28.70	28.00	27.80	29.00	28.60	26.00	29.24
1945	26.60	29.10	30.60	33.30	33.20	32.60	28.40	27.00	99	27.50	26.30	24.90	28.91
1946	99	99	99	32.30	32.80	30.00	99	26.20	26.90	27.30	99	99	28.09
1947	25.10	28.50	31.00	32.60	33.50	31.60	27.80	27.10	27.00	28.40	26.50	25.30	28.71
1948	24.90	99	30.70	31.90	33.80	29.10	28.00	27.50	28.10	29.50	27.10	25.90	28.65
1949	24.80	27.60	31.70	33.70	33.30	30.30	28.60	27.20	28.00	30.20	28.20	26.50	29.13
1950	25.00	27.90	30.30	33.10	33.70	30.50	27.90	26.70	27.20	27.50	26.50	24.30	28.57
1951	25.20	27.90	31.00	32.00	33.20	31.80	27.60	27.40	28.00	27.90	27.30	25.20	28.63
1952	24.00	27.10	30.20	31.80	33.00	30.00	27.30	27.30	26.70	27.00	26.70	24.60	28.03
1953	26.70	27.40	30.10	31.80	32.50	30.20	27.10	27.20	27.00	28.00	27.00	25.20	28.30
1954	24.50	25.60	29.80	32.00	32.70	29.20	26.70	26.00	26.50	27.50	27.30	24.80	27.75
1955	25.00	27.20	31.10	32.10	33.20	30.30	27.30	26.80	26.80	28.50	28.70	25.30	28.48
1956	25.90	28.00	29.80	32.00	32.80	29.00	28.20	27.10	27.00	28.00	27.70	25.30	28.40
1957	24.50	27.80	30.20	31.90	32.60	31.10	28.10	26.20	27.10	28.00	28.20	26.30	28.42
1958	26.50	28.40	30.60	33.30	33.50	99	28.40	99	27.70	28.50	28.50	25.10	29.21
1959	26.20	27.70	30.70	32.90	33.40	31.80	28.00	26.80	27.70	29.50	27.80	24.40	28.97
1960	25.40	28.90	28.90	32.40	33.70	31.60	28.20	27.40	27.80	28.80	27.50	24.60	28.75
1961	24.70	27.70	30.50	32.00	34.00	31.00	27.50	27.00	99	28.80	25.90	24.70	28.37
1962	24.80	28.20	30.80	31.60	33.90	32.10	99	27.20	27.40	29.70	28.10	25.60	28.93
1963	27.70	29.60	30.20	32.30	33.10	32.40	27.70	27.50	28.30	27.20	26.30	99	28.99
1964	24.90	29.10	30.90	32.20	32.80	28.50	28.00	26.90	26.80	28.60	26.80	25.50	28.42
1965	23.60	27.70	30.80	30.60	34.90	30.90	28.10	27.20	27.50	28.00	26.70	23.30	28.46
1966	24.50	28.30	30.30	32.40	32.90	29.80	28.50	27.80	26.70	27.50	27.00	24.80	28.25
1967	25.80	27.30	29.70	32.20	32.70	99	27.10	26.70	26.80	28.00	27.30	24.20	28.22
1968	24.80	28.00	30.20	31.90	32.70	31.20	27.90	28.10	27.50	27.80	99	26.60	28.46
1969	27.70	30.60	32.80	33.20	34.10	32.20	27.80	27.00	27.50	27.90	27.20	26.20	29.55
1970	27.00	29.30	31.50	33.20	33.30	30.80	27.50	26.70	27.40	29.60	28.60	27.10	29.26
1971	26.40	28.80	31.00	33.90	33.70	31.40	27.50	26.20	26.70	27.50	27.00	25.90	28.93
1972	26.20	28.20	30.60	32.30	33.20	30.30	28.60	27.80	27.80	28.90	27.50	26.80	28.94
1973	26.60	29.30	31.40	33.70	33.90	30.20	28.30	26.90	27.80	28.50	28.10	24.90	29.29
1974	24.70	27.90	30.20	32.90	33.80	31.90	27.20	26.20	26.50	27.10	25.60	24.10	28.24
1975	24.60	27.50	30.00	32.50	32.90	31.50	26.90	26.70	26.30	27.80	25.20	24.70	28.00
1976	23.70	29.10	30.20	32.50	30.90	29.70	27.30	27.00	26.70	27.40	26.30	25.10	27.96
1977	26.80	29.10	31.30	33.00	33.60	31.00	28.30	27.90	27.10	28.50	26.60	27.10	29.03
1978	27.40	29.10	30.40	32.70	32.80	29.70	27.30	26.80	26.80	27.50	25.40	25.10	28.58
1979	27.30	28.30	31.00	32.90	32.80	29.60	28.00	27.30	27.70	28.10	28.40	26.20	28.88
1980	27.40	27.90	31.80	34.00	34.30	31.10	29.10	27.10	27.40	29.10	28.80	25.20	29.52
1981	25.80	28.50	31.50	33.80	31.60	32.10	27.70	26.80	27.20	28.70	27.70	25.70	28.88
1982	25.10	27.40	30.60	33.00	33.20	31.30	28.80	27.50	27.60	28.60	27.20	24.50	28.83
1983	26.00	29.20	32.10	33.40	33.80	30.90	28.10	28.10	27.90	30.00	99	25.90	29.38
1984	25.70	27.80	99	33.40	33.50	29.60	99	28.20	27.20	28.20	28.10	25.60	28.89
1985	26.10	29.40	99	32.50	33.50	99	28.10	27.10	99	28.70	27.60	24.80	28.99
1986	24.20	28.10	29.60	33.10	33.40	31.90	28.40	26.70	26.60	28.30	26.70	24.90	28.48
1987	26.10	28.20	30.20	33.20	33.50	30.60	28.60	27.40	27.40	28.10	28.30	26.40	28.88
1988	24.50	28.20	31.20	32.00	33.50	30.80	27.70	26.50	27.20	28.60	27.20	24.80	28.65
1989	25.60	28.50	30.30	32.40	32.40	29.80	27.20	26.40	26.90	27.90	28.10	26.30	28.36
1990	24.80	29.30	32.00	33.50	33.70	32.20	27.90	27.20	27.70	28.50	28.60	25.00	29.31
1991	20.80	28.10	31.20	32.50	33.50	32.20	99	99	27.00	99	99	99	99
1992	26.50	28.90	30.30	33.10	32.60	30.20	27.90	27.60	27.70	29.00	28.00	27.10	29.01
1993	26.50	28.90	31.70	33.80	34.80	32.20	28.30	27.10	27.50	29.30	28.70	26.50	29.66
1994	24.50	28.40	31.60	33.60	33.40	30.80	28.30	26.40	27.00	27.50	27.00	25.50	28.75
1995	24.90	28.00	31.10	32.80	33.50	32.20	28.70	27.00	27.20	28.50	28.00	25.80	28.95
1996	27.10	29.90	30.70	32.50	32.50	31.20	28.70	26.90	27.00	28.20	26.70	28.10	28.93
1997	99	29.70	30.00	32.50	32.20	29.70	29.00	27.90	99	28.40	28.80	26.20	29.31
1998	99	31.40	32.10	35.00	34.80	32.50	27.00	99	26.90	29.10	99	26.10	29.78
1999	99	26.70	31.50	33.00	33.30	31.00	27.80	99	27.70	27.80	28.60	26.80	28.80
2000	28.20	99	31.90	33.10	33.80	31.30	28.50	99	27.90	28.00	99	26.60	29.58
2001	26.80	29.00	99	33.30	99	99	99	28.20	99	28.20	27.20	99	99
2002	99	29.60	99	33.30	34.20	31.60	30.30	28.30	28.30	29.30	29.30	99	29.93
2003	26.80	28.90	99	34.60	99	31.20	27.60	99	27.40	28.30	28.40	26.80	29.18
2004	26.40	29.60	31.30	33.50	33.60	99	99	27.40	27.60	29.30	99	28.10	29.53
2005	26.30	29.10	32.20	32.00	33.00	31.70	28.30	27.50	27.50	28.60	27.90	27.60	29.35
2006	99	28.60	31.70	33.30	32.00	30.90	29.60	99	27.40	29.40	28.90	26.20	29.50
2007	27.20	29.50	99	33.20	34.30	31.90	28.40	27.1	27.7	29.9	27.8	26.5	29.56
2008	25.3	29.9	32.5	33.6	34.1	30.9	28.2	27.1	27.5	28.4	28.7	27.2	29.39
2009	24.9	29.1	31.8	33.4	33.5	31.2	28.3	27.2	27.5	28.8	28.1	27.3	29.25
2010	27.1	30.5