1928	25.6	25.1	25.4	25.5	25.6	26.23	25.6	26.13	26.4	26.73	26.43	26.03	25.9
1929	25.6	25.5	24.9	24.9	25.5	24.73	25.5	26.33	27	27.33	26.63	25.13	25.8
1930	25	25.1	25.6	25.3	26	26.03	25.4	26.73	26.5	26.83	26.83	26.13	26
1931	26.8	26.1	25.7	25.7	25.9	26	26	26.6	26.4	27.23	26.4	25.7	26.2
1932	25.2	25.1	25.2	25.8	25.7	25.6	24.7	26.3	26.9	27.43	27.8	26.3	26
1933	26	25.6	25.3	25.2	26.1	25.4	25.7	26.5	27.4	26.13	25.8	25.6	25.9
1934	24.9	24.5	25.2	25.2	25.6	25.9	26.6	26.6	27.4	25.93	26.6	26.1	25.9
1935	26.1	25.6	25.5	25.6	25.7	26.1	26.7	27.2	27.3	28.23	26.8	26.8	26.5
1936	25.3	26.4	26.4	25.7	26.9	26.8	26.7	27.3	27.6	27.33	27.3	26.7	26.7
1937	25.9	26.2	25.8	25.7	26.2	26.6	26.6	27.6	27.4	27.23	27.8	27.3	26.7
1938	25.93	25.9	25.9	26.1	25.7	26.4	26.8	27.2	29.71	27.53	26.9	26.6	26.7
1939	25.9	25.8	26	25.6	25.9	26.9	26.4	27.4	27.6	27.83	28.1	27.5	26.7
1940	26.4	26.8	26.7	26.2	26.5	26.9	27.1	27	27.5	27.73	27.6	27.2	27
1941	26.1	26.5	26.7	27.8	27.2	26.7	26.9	27.4	27.4	28.03	28	26.8	27.1
1942	26.4	26.4	26.1	26.4	26.6	26	26.1	27.2	28.3	27.93	27.8	26.6	26.8
1943	25.9	25.3	25.3	25.4	26.7	26.2	26.5	26.6	27.6	28.63	27.9	26.3	26.5
1944	25.7	25	25.8	25.8	26.3	27	27.4	29	26.9	27.93	28	27	26.8
1945	26.4	25.5	26	25.9	26.3	26.8	27.1	28.3	28.7	27.43	27.2	26.4	26.8
1946	25.8	25.9	26	26.3	26.6	26.7	26.8	26.7	27.5	27.63	27.2	27.1	26.7
1947	26.1	25.9	26.3	26	26.1	27	27.1	27.8	27.4	27.63	26.4	26.4	26.7
1948	25.5	25.2	26.1	25.8	26.4	27.1	26.7	27.4	27	28.03	27.2	26.9	26.6
1949	25.5	25.3	25.6	25.3	25.7	26.5	26.6	26.8	27.7	27.33	26.7	27	26.3
1950	25.7	25.4	25.4	26.3	25.9	26.7	26.7	27.6	27.8	27.23	27.7	26.1	26.5
1951	26.1	26.4	26	25.3	25.7	26.3	27.2	27.9	28.2	27.43	27.6	27.1	26.8
1952	26.3	26.4	26.8	26.6	26.4	26.2	27.1	27.4	27.5	27.63	26.7	26.9	26.8
1953	26.2	25.4	25.9	26	27	27.4	26.8	27.8	27.4	27.83	27.4	26.8	26.8
1954	26.1	26.2	26.3	26.6	27.3	27.1	27.1	28.4	28	27.33	26.7	26.3	27
1955	26.2	25.1	25.2	25.7	26.3	26.3	26.6	27.4	27.1	27.73	26.8	25.9	26.4
1956	25.8	25.1	25.6	25.3	26.1	26.2	26.3	26.5	26.4	26.63	26.7	26.4	26.1
1957	24.8	26.4	24.2	26.1	26.5	27.2	26.9	27.9	29.7	27.83	28.2	27.9	27
1958	26.8	27	26.3	26.4	27.4	27.4	28	28.1	29.1	28.43	27.1	26.8	27.4
1959	26.2	25.6	25.7	25.8	26.6	26.5	27.4	27.3	27.7	28.53	27	27.4	26.8
1960	26.4	26.1	25.8	25.5	25.8	25.9	26.1	26.9	27	27.03	26.6	26	26.3
1961	26	25.3	26.23	26.1	26.13	25.8	26.4	27.7	27.9	26.6	26.6	25.6	26.4
1962	25.8	25.6	25.8	25.7	26	25.8	26.4	27	28.4	27.8	26.8	26.9	26.5
1963	27	25.3	25.7	26	26.5	26.4	26.9	28	28.8	28.8	26.4	26.5	26.9
1964	27.10	26.70	26.10	26.10	25.90	26.30	26.80	27.70	28.10	27.70	27.50	26.00	26.90
1965	26.10	25.90	25.60	25.90	26.10	25.90	27.20	27.70	28.70	28.20	27.80	27.30	26.76
1966	27.00	27.00	26.50	26.60	26.40	26.90	27.10	27.60	27.10	28.30	26.80	26.80	27.05
1967	25.70	25.80	25.80	26.00	26.40	26.70	26.90	27.90	27.70	28.50	27.90	27.60	26.84
1968	26.20	26.50	25.70	26.10	25.20	26.50	26.80	27.70	27.10	28.20	26.80	27.00	26.70
1969	26.50	26.90	26.60	26.70	27.10	27.70	26.50	27.60	29.00	26.30	28.90	26.70	27.23
1970	26.10	26.10	26.00	26.20	26.60	26.70	26.50	27.60	27.40	28.40	26.80	27.20	26.76
1971	25.20	25.10	25.50	25.60	25.80	26.10	26.80	27.10	27.80	26.90	26.80	27.50	26.33
1972	25.40	25.20	26.00	26.00	26.50	26.70	26.90	27.20	28.30	28.10	28.00	27.20	26.82
1973	26.60	26.40	26.90	26.70	26.00	26.80	26.70	27.30	27.00	27.50	27.40	26.30	26.88
1974	26.10	25.40	25.70	26.20	25.90	26.20	26.20	27.70	27.20	28.00	27.40	25.90	26.53
1975	26.00	25.50	25.60	26.00	26.00	26.10	25.20	26.80	27.80	27.70	27.50	26.20	26.34
1976	25.30	25.50	25.40	26.00	25.60	26.30	26.60	27.90	29.00	28.20	27.70	27.20	26.64
1977	26.70	24.90	25.20	25.40	25.30	25.40	26.30	27.30	28.10	26.50	27.30	27.00	26.30
1978	25.70	25.80	25.70	26.00	25.70	26.20	25.80	26.10	26.60	27.10	27.40	26.20	26.26
1979	25.90	26.70	25.20	26.60	26.10	26.10	27.00	28.00	27.50	27.10	27.40	26.50	26.65
1980	25.80	27.20	26.20	25.70	26.70	26.40	26.50	26.60	27.40	26.70	26.60	27.40	26.53
1981	25.50	25.60	26.50	26.40	26.20	26.60	25.70	26.40	25.90	27.30	26.80	26.50	26.36
1982	25.70	26.10	25.70	26.20	26.30	26.70	26.60	27.30	27.80	28.10	28.00	26.30	26.75
1983	28.50	28.40	99	26.80	27.80	26.70	27.20	26.40	27.20	26.40	26.90	25.40	27.14
1984	25.30	25.80	25.90	25.90	99	26.70	27.20	27.10	26.60	27.40	27.00	27.20	26.37
1985	27.10	25.80	26.50	27.00	26.00	25.70	26.20	26.50	27.00	27.50	26.60	26.10	26.59
1986	25.60	27.10	25.50	26.60	26.40	99	25.80	28.20	27.10	26.80	26.60	27.00	26.52
1987	26.10	26.40	26.50	26.40	27.00	26.60	27.90	29.10	27.90	28.50	28.00	27.70	27.28
1988	26.20	26.50	28.10	26.60	26.20	26.30	26.40	27.70	99	27.80	26.50	26.40	26.93
1989	25.60	25.10	25.70	25.60	25.40	25.80	99	99	99	99	27.10	99	99
1990	26.20	26.30	25.80	26.10	26.80	27.00	26.00	27.40	27.90	99	27.70	26.60	26.84
1991	26.00	26.60	99	26.10	26.80	27.40	26.80	27.00	27.00	27.90	28.70	99	26.93
1992	27.30	99	26.10	27.00	27.70	99	99	26.10	99	28.20	27.70	26.10	99
1993	26.10	25.80	99	26.20	99	27.20	26.70	27.50	28.00	27.20	99	26.70	26.70
1994	25.80	25.50	99	26.30	99	26.20	26.70	27.50	27.60	27.80	99	99	26.62
1995	26.90	99	27.00	26.30	26.30	26.70	27.50	99	28.40	28.40	26.70	26.70	27.11
1996	27.40	26.00	26.20	26.00	26.30	99	26.30	27.10	28.20	27.70	27.70	26.80	26.81
1997	26.20	99	25.50	99	26.90	27.90	28.70	28.20	99	29.80	27.80	27.10	27.41
1998	26.80	27.50	99	26.90	26.30	26.40	26.60	27.60	27.00	99	27.00	27.50	26.91
1999	25.40	25.40	99	25.50	99	26.00	26.10	26.50	27.10	27.30	27.70	26.70	26.38
2000	25.90	25.90	25.70	25.60	26.50	26.80	26.20	26.50	27.30	27.30	27.60	27.20	26.50
2001	25.20	26.20	26.80	26.30	27.50	25.70	26.80	28.30	27.90	29.10	28.50	27.10	27.13
2002	26.80	26.30	26.80	25.90	26.90	99	27.90	28.10	28.90	28.00	27.70	26.80	27.32
2003	27.60	27.00	26.70	26.60	26.70	27.00	27.30	27.40	27.80	28.30	28.00	27.90	27.27
2004	27.00	26.60	26.40	26.80	26.80	26.70	26.90	27.50	99	28.00	28.80	27.30	27.32
2005	27.60	26.70	27.70	99	27.30	27.80	27.40	28.50	26.60	28.80	99	26.40	27.54
2006	26.80	26.50	26.60	26.60	26.20	26.10	27.30	28.10	28.60	29.60	27.00	27.30	27.15
2007	26.40	27.60	26.10	26.50	26.90	26.90	27.20	27.0	27.6	28.1	28.2	26.3	27.15
2008	25.9	25.8	26.3	26.4	26.1	26.4	27.2	27.9	27.7	27.5	27.1	26.6	26.72
2009	25.8	25.9	26.3	26.7	26.5	26.7	99	99	29.9