1913	26.93	27.13	27.23	26.53	25.53	24.73	24.23	24.13	24.83	25.13	25.63	25.33	25.61	
1914	25.43	25.63	25.93	25.93	25.03	24.53	23.43	23.63	23.93	24.83	25.33	25.63	24.94	
1915	26.03	26.33	26.73	26.23	25.33	24.43	23.53	23.83	23.83	24.73	25.23	25.53	25.15	
1916	26.33	26.93	25.93	26.03	25.23	24.03	23.13	23.33	23.73	24.33	24.93	25.13	24.92	
1917	25.93	26.63	26.43	25.73	24.93	23.23	23.03	22.83	23.63	24.83	25.23	25.83	24.86	
1918	26.13	25.93	26.03	25.53	25.13	24.33	23.43	23.03	23.93	24.93	25.23	25.33	24.91	
1919	26.13	26.13	26.13	25.93	25.13	24.23	23.33	23.33	23.83	24.93	25.33	26.03	25.04	
1920	26.13	26.23	26.43	25.63	25.13	24.13	23.73	23.53	23.93	24.73	25.53	26.23	25.11	
1921	26.43	26.73	26.93	26.13	25.23	23.93	23.13	23.13	23.93	24.93	25.13	25.73	25.11	
1922	26.33	26.23	26.73	26.53	25.53	24.43	23.73	23.73	24.13	25.33	25.23	25.83	25.31	
1923	26.53	26.63	26.83	25.83	25.33	24.53	23.13	23.43	24.33	25.33	25.93	26.53	25.36	
1924	26.93	27.23	26.93	26.73	25.53	24.33	23.53	23.33	24.13	24.33	25.33	25.83	25.35	
1925	25.93	26.03	26.43	26.03	25.53	24.63	23.73	23.93	24.43	25.13	25.73	25.93	25.29	
1926	26.73	26.93	26.83	26.33	25.33	24.43	23.53	23.63	24.43	25.23	26.13	26.53	25.51	
1927	26.73	26.73	27.13	26.33	25.83	24.23	23.13	23.93	24.53	25.43	25.83	25.63	25.46	
1928	26.33	26.43	26.63	26.43	25.53	24.73	23.73	23.53	24.23	24.93	25.53	25.73	25.31	
1929	26.93	26.93	27.63	25.83	24.53	23.93	23.13	23.73	25.23	24.93	25.33	25.43	25.3	
1930	26.23	26.53	26.53	25.83	25.33	24.53	23.43	23.93	24.53	25.23	25.73	25.83	25.31	
1931	26.5	27.2	27.5	26.6	25.4	24.7	23.9	23.3	24.03	24.9	25.3	26.13	25.46	
1932	26.3	26.7	26.1	26.2	25.5	24.7	23.5	23.3	24.33	24.9	25.5	25.93	25.25	
1933	26.5	26.4	26.3	25.5	24.3	23.4	22.8	22.9	23.93	25.0	24.9	25.73	24.81	
1934	25.9	26.5	26.4	25.9	24.7	23.3	22.3	22.5	23.83	24.2	24.9	26.13	24.71	
1935	26.4	26.3	26.7	26.1	24.5	24.2	23.6	23.3	23.73	25.1	25.4	25.93	25.11	
1936	25.6	25.9	26.1	25.7	24.9	24.1	22.8	23.3	23.73	24.6	25.3	25.53	24.8	
1937	26.2	27.2	26.5	25.9	24.5	24.2	23.2	23.2	23.53	24.9	25.8	26.13	25.11	
1938	26.5	27.2	26.6	26.3	25.0	23.7	22.7	23.4	24.23	25.0	25.4	26.23	25.19	
1939	26.1	26.0	26.4	26.0	25.0	24.3	23.1	23.5	24.13	24.6	25.6	26.23	25.08	
1940	26.4	26.9	26.2	26.2	25.5	24.0	23.6	23.5	23.83	25.1	25.3	26.33	25.24	
1941	26.8	27.1	26.4	26.3	24.9	23.5	23.2	23.5	24.13	25.0	25.6	26.0	25.2	
1942	26.6	26.6	26.5	25.9	25.2	24.2	22.8	22.6	24.23	24.8	25.5	25.6	25.04	
1943	26.2	26.2	26.1	25.5	23.9	23.5	22.7	22.6	23.33	99.0	24.8	25.3	99.0	
1944	25.2	26.3	26.9	25.6	24.3	23.8	22.7	22.6	23.43	24.4	25.4	25.5	24.68	
1945	26.3	26.3	27.0	26.2	25.2	23.3	23.0	23.1	23.13	24.3	25.5	25.9	24.94	
1946	26.2	26.6	26.8	26.2	25.3	24.3	23.9	23.3	24.23	25.0	25.6	25.6	25.25	
1947	26.2	26.7	26.7	25.7	25.0	24.0	23.4	23.6	23.93	25.0	24.4	25.93	25.05	
1948	25.9	26.6	26.7	26.0	24.9	24.1	23.5	23.4	23.53	24.53	25.4	25.7	25.02	
1949	26.5	26.5	27.1	25.93	25.13	24.3	23.1	23.0	23.33	24.7	25.5	26.0	25.09	
1950	26.8	26.6	26.4	25.73	24.73	23.4	23.1	22.9	23.83	24.53	25.33	25.73	24.92	
1951	26.0	26.7	26.8	25.93	24.73	23.8	22.8	22.6	23.23	24.63	25.23	25.73	24.85	
1952	26.6	27.3	26.5	26.53	24.63	24.5	23.9	23.6	24.83	25.13	25.93	26.1	25.46	
1953	26.4	26.8	26.6	26.23	25.03	24.6	23.4	23.3	24.23	24.83	25.63	25.8	25.24	
1954	26.10	26.50	26.70	26.10	25.20	24.60	23.40	23.30	23.90	24.80	25.60	25.60	25.18
1955	25.90	25.80	26.50	26.00	25.20	24.10	23.40	23.20	23.80	25.00	25.40	26.00	24.99
1956	26.00	26.30	26.70	25.60	25.50	24.40	23.70	23.00	23.60	24.70	25.00	26.10	25.04
1957	25.90	26.60	26.30	25.70	25.10	24.00	23.70	23.50	24.60	24.40	26.10	26.30	25.17
1958	26.60	27.00	26.80	26.60	25.60	24.60	23.90	23.50	24.60	25.30	25.70	26.00	25.54
1959	26.60	27.10	27.00	26.90	25.40	24.60	24.00	24.20	24.40	25.50	26.00	26.60	25.64
1960	27.00	27.00	25.90	25.90	26.00	24.60	23.70	23.70	24.10	24.90	25.70	26.80	25.43
1961	26.80	26.80	27.20	26.50	25.50	24.50	23.50	23.70	24.50	25.00	25.80	26.00	25.55
1962	27.10	27.00	27.10	26.80	25.50	24.40	23.50	23.50	24.40	99	25.70	26.40	25.51
1963	27.00	27.00	27.60	26.90	24.90	24.10	23.30	23.60	24.30	25.40	26.10	25.90	25.55
1964	26.40	26.90	26.70	26.20	25.30	24.30	24.00	24.00	25.00	25.00	25.10	25.70	25.40
1965	26.20	27.00	27.30	26.20	25.80	24.80	24.50	24.10	24.90	25.60	26.10	26.60	25.68
1966	27.10	26.50	26.60	26.50	25.40	24.80	24.00	23.90	24.30	24.80	25.80	26.10	25.53
1967	27.30	27.20	26.90	26.40	25.40	25.00	23.70	23.70	24.60	25.20	25.50	25.60	25.58
1968	25.90	26.60	25.90	25.90	24.40	22.90	23.10	23.00	24.00	25.00	25.00	26.10	24.78
1969	26.20	26.70	26.50	26.30	25.50	25.00	24.60	24.10	24.80	25.90	26.40	25.90	25.68
1970	26.40	26.90	26.90	26.00	25.30	24.30	23.50	23.50	24.70	25.70	25.90	26.60	25.42
1971	26.60	27.10	27.70	26.50	25.40	24.60	23.70	24.00	24.50	25.00	25.70	26.40	25.62
1972	26.70	26.50	27.50	26.20	25.60	24.80	24.30	24.40	25.10	25.90	26.50	99	25.83
1973	27.50	28.20	99	27.30	25.90	25.20	24.60	24.90	24.90	99	26.20	26.60	26.28
1974	26.70	26.60	26.70	26.50	25.50	24.40	23.60	23.80	24.40	25.20	25.30	26.50	25.44
1975	26.60	26.80	26.60	25.90	24.80	24.80	23.40	24.50	99	99	25.80	25.40	25.44
1976	26.50	26.00	26.40	25.70	25.90	24.50	24.30	23.50	25.40	25.40	26.60	99	25.47
1977	26.30	26.80	27.30	26.20	25.10	24.50	99	25.10	24.50	24.90	26.40	26.10	25.63
1978	26.40	26.50	26.10	26.00	25.50	24.20	24.00	23.80	24.40	24.90	25.40	25.50	25.28
1979	25.30	26.10	26.40	25.90	25.90	24.00	23.40	23.90	24.40	25.80	99	26.00	25.23
1980	26.00	25.80	26.30	26.00	25.30	24.20	23.70	24.10	24.30	24.90	25.00	26.30	25.13
1981	26.40	26.30	26.10	25.40	24.50	23.80	23.00	23.20	24.10	25.20	25.80	26.40	25.01
1982	26.90	26.40	27.10	25.60	24.70	24.20	23.80	23.90	24.00	24.80	25.90	26.40	25.31
1983	27.00	27.20	27.20	26.50	25.90	99	24.30	24.00	99	25.00	99	26.30	25.82
1984	99	27.60	27.50	25.60	25.40	24.80	24.10	23.80	24.20	25.10	25.10	26.70	25.54
1985	27.10	27.00	27.10	25.30	25.40	24.60	23.40	23.60	23.90	25.20	25.40	25.10	25.39
1986	26.60	27.30	99	26.30	25.40	24.20	23.50	23.70	23.70	99	99	26.70	25.33
1987	26.60	27.40	27.00	26.90	26.10	25.30	24.20	24.90	25.00	26.20	26.20	27.00	26.04
1988	27.60	27.30	27.30	26.80	99	24.70	23.20	23.20	24.40	26.00	25.80	26.30	25.77
1989	26.50	27.20	26.70	26.00	25.30	25.00	23.60	23.80	24.60	25.10	26.50	25.00	25.55
1990	26.40	27.10	27.10	27.20	25.90	24.60	24.00	23.80	24.30	25.20	26.10	25.70	25.56
1991	26.10	26.50	26.90	99	25.00	25.00	23.20	22.60	23.70	25.00	25.60	26.40	25.11
1992	26.40	99	99	26.40	25.90	24.30	23.60	23.60	24.10	25.20	25.40	25.70	25.45
1993	26.50	27.30	99	26.80	25.30	99	24.20	23.60	24.50	25.10	26.20	26.90	25.57
1994	99	27.20	99	26.10	99	24.70	23.90	99	24.10	23.90	99	26.60	25.43
1995	99	99	99	99	25.90	24.50	24.00	99	24.60	25.70	99	26.40	99
1996	27.30	27.20	99	26.40	99	24.20	23.60	23.70	24.20	25.60	25.30	99	25.51
1997	99	26.00	25.90	25.70	24.80	24.40	23.80	23.70	25.00	25.80	26.70	99	25.46
1998	28.10	28.30	28.20	27.50	26.50	24.90	24.20	24.30	25.20	26.10	26.70	26.90	26.47
1999	99	27.30	27.30	26.40	25.10	24.60	24.10	23.60	24.10	24.70	25.20	99	25.54
2000	26.80	27.20	26.60	26.00	25.50	99	23.70	23.90	24.30	25.80	26.30	99	25.59
2001	26.40	27.50	27.00	26.70	26.20	24.70	23.80	23.60	24.20	25.00	26.40	26.70	25.66
2002	26.20	27.00	27.20	26.70	25.40	24.60	24.00	24.00	24.30	25.80	26.50	27.10	25.70
2003	27.70	27.50	27.10	26.90	25.70	24.80	24.20	23.90	24.50	25.50	99	27.10	25.91
2004	26.60	26.90	26.80	26.30	25.50	24.40	23.40	23.40	24.50	25.30	25.90	26.90	25.51
2005	27.30	26.90	27.30	26.30	25.90	24.50	23.70	24.20	25.10	26.10	26.40	26.60	25.88
2006	27.20	28.10	28.00	26.40	25.00	23.80	23.50	23.90	24.20	25.20	25.70	26.90	25.63
2007	27.50	26.50	26.60	26.30	25.30	24.20	23.70	23.4	23.9	25.2	26.5	26.6	25.50
2008	26.9	27.2	26.8	26.5	25.2	24.0	23.2	23.4	24.5	25.6	26.2	25.8	25.51
2009	27.1	26.7	27.3	26.0	24.7	24.8	24.3	24.3	25.1