2009-8-1 0:00,2009,8,1,0:00,0.70,,-0.10,,94.00,,35.00,,9.00,,,,101.13,,,,,,NA
2009-8-1 1:00,2009,8,1,1:00,0.60,,0.00,,96.00,,35.00,,11.00,,,,101.12,,,,,,NA
2009-8-1 2:00,2009,8,1,2:00,0.40,,0.00,,97.00,,32.00,,9.00,,,,101.12,,,,,,NA
2009-8-1 3:00,2009,8,1,3:00,0.60,,0.20,,97.00,,31.00,,9.00,,,,101.15,,,,,,NA
2009-8-1 4:00,2009,8,1,4:00,0.70,,0.20,,96.00,,34.00,,7.00,,,,101.16,,,,,,NA
2009-8-1 5:00,2009,8,1,5:00,0.50,,-0.10,,96.00,,34.00,,11.00,,,,101.17,,,,,,NA
2009-8-1 6:00,2009,8,1,6:00,0.80,,0.10,,95.00,,33.00,,13.00,,,,101.19,,,,,,NA
2009-8-1 7:00,2009,8,1,7:00,0.80,,-0.20,,93.00,,33.00,,7.00,,,,101.21,,,,,,NA
2009-8-1 8:00,2009,8,1,8:00,0.90,,0.00,,94.00,,36.00,,13.00,,,,101.22,,,,,,NA
2009-8-1 9:00,2009,8,1,9:00,1.00,,0.00,,93.00,,36.00,,6.00,,,,101.25,,,,,,NA
2009-8-1 10:00,2009,8,1,10:00,1.30,,0.20,,92.00,,36.00,,7.00,,,,101.25,,,,,,NA
2009-8-1 11:00,2009,8,1,11:00,1.10,,0.10,,93.00,,1.00,,13.00,,,,101.25,,,,,,NA
2009-8-1 12:00,2009,8,1,12:00,0.80,,-0.20,,93.00,,1.00,,11.00,,,,101.26,,,,,,NA
2009-8-1 13:00,2009,8,1,13:00,0.90,,-0.20,,92.00,,1.00,,9.00,,,,101.26,,,,,,NA
2009-8-1 14:00,2009,8,1,14:00,1.30,,0.00,,91.00,,34.00,,11.00,,,,101.28,,,,,,NA
2009-8-1 15:00,2009,8,1,15:00,1.20,,-0.10,,91.00,,36.00,,9.00,,,,101.29,,,,,,NA
2009-8-1 16:00,2009,8,1,16:00,1.40,,0.20,,92.00,,36.00,,7.00,,,,101.30,,,,,,NA
2009-8-1 17:00,2009,8,1,17:00,1.20,,0.00,,92.00,,35.00,,7.00,,,,101.33,,,,,,NA
2009-8-1 18:00,2009,8,1,18:00,0.90,,-0.30,,92.00,,30.00,,6.00,,,,101.34,,,,,,NA
2009-8-1 19:00,2009,8,1,19:00,1.00,,-0.10,,92.00,,35.00,,6.00,,,,101.37,,,,,,NA
2009-8-1 20:00,2009,8,1,20:00,0.80,,-0.30,,92.00,,34.00,,7.00,,,,101.39,,,,,,NA
2009-8-1 21:00,2009,8,1,21:00,0.00,,-0.50,,96.00,,2.00,,11.00,,,,101.45,,,,-4.00,,NA
2009-8-1 22:00,2009,8,1,22:00,0.20,,-0.10,,98.00,,3.00,,6.00,,,,101.46,,,,,,NA
2009-8-1 23:00,2009,8,1,23:00,0.30,,0.00,,98.00,,30.00,,6.00,,,,101.47,,,,,,NA
2009-8-2 0:00,2009,8,2,0:00,0.30,,0.00,,98.00,,33.00,,6.00,,,,101.47,,,,,,NA
2009-8-2 1:00,2009,8,2,1:00,0.60,,0.30,,98.00,,32.00,,6.00,,,,101.47,,,,,,NA
2009-8-2 2:00,2009,8,2,2:00,0.50,,0.20,,98.00,,33.00,,7.00,,,,101.49,,,,,,NA
2009-8-2 3:00,2009,8,2,3:00,0.40,,0.10,,98.00,,33.00,,7.00,,,,101.51,,,,,,NA
2009-8-2 4:00,2009,8,2,4:00,0.60,,0.30,,98.00,,34.00,,4.00,,,,101.52,,,,,,NA
2009-8-2 5:00,2009,8,2,5:00,0.70,,0.40,,98.00,,8.00,,4.00,,,,101.55,,,,,,NA
2009-8-2 6:00,2009,8,2,6:00,-0.10,,-0.40,,98.00,,5.00,,7.00,,,,101.57,,,,,,NA
2009-8-2 7:00,2009,8,2,7:00,-0.10,,-0.40,,98.00,,2.00,,4.00,,,,101.61,,,,,,NA
2009-8-2 8:00,2009,8,2,8:00,0.30,,-0.30,,96.00,,31.00,,7.00,,,,101.59,,,,,,NA
2009-8-2 9:00,2009,8,2,9:00,0.60,,-0.50,,92.00,,36.00,,7.00,,,,101.62,,,,,,NA
2009-8-2 10:00,2009,8,2,10:00,0.30,,-0.20,,96.00,,1.00,,6.00,,,,101.63,,,,,,NA
2009-8-2 11:00,2009,8,2,11:00,0.90,,0.20,,95.00,,12.00,,4.00,,,,101.63,,,,,,NA
2009-8-2 12:00,2009,8,2,12:00,1.60,,0.50,,92.00,,9.00,,4.00,,,,101.62,,,,,,NA
2009-8-2 13:00,2009,8,2,13:00,2.20,,-0.40,,83.00,,1.00,,7.00,,,,101.61,,,,,,NA
2009-8-2 14:00,2009,8,2,14:00,2.20,,-0.40,,83.00,,35.00,,4.00,,,,101.61,,,,,,NA
2009-8-2 15:00,2009,8,2,15:00,1.40,,-1.20,,83.00,,4.00,,6.00,,,,101.62,,,,,,NA
2009-8-2 16:00,2009,8,2,16:00,2.20,,-0.10,,85.00,,35.00,,6.00,,,,101.64,,,,,,NA
2009-8-2 17:00,2009,8,2,17:00,1.00,,-0.60,,89.00,,36.00,,7.00,,,,101.65,,,,,,NA
2009-8-2 18:00,2009,8,2,18:00,1.20,,-0.20,,90.00,,1.00,,4.00,,,,101.65,,,,,,NA
2009-8-2 19:00,2009,8,2,19:00,1.00,,-0.60,,89.00,,33.00,,6.00,,,,101.66,,,,,,NA
2009-8-2 20:00,2009,8,2,20:00,0.20,,-0.40,,96.00,,31.00,,6.00,,,,101.66,,,,,,NA
2009-8-2 21:00,2009,8,2,21:00,0.90,,-0.30,,92.00,,28.00,,6.00,,,,101.68,,,,,,NA
2009-8-2 22:00,2009,8,2,22:00,1.10,,0.00,,92.00,,32.00,,6.00,,,,101.68,,,,,,NA
2009-8-2 23:00,2009,8,2,23:00,-0.30,,-0.70,,97.00,,30.00,,6.00,,,,101.69,,,,,,NA
2009-8-3 0:00,2009,8,3,0:00,0.00,,-0.30,,98.00,,35.00,,4.00,,,,101.67,,,,,,NA
2009-8-3 1:00,2009,8,3,1:00,0.40,,0.20,,99.00,,28.00,,9.00,,,,101.66,,,,,,NA
2009-8-3 2:00,2009,8,3,2:00,0.80,,0.50,,98.00,,27.00,,13.00,,,,101.63,,,,,,NA
2009-8-3 3:00,2009,8,3,3:00,0.50,,0.30,,99.00,,26.00,,9.00,,,,101.64,,,,,,NA
2009-8-3 4:00,2009,8,3,4:00,0.90,,0.60,,98.00,,33.00,,4.00,,,,101.66,,,,,,NA
2009-8-3 5:00,2009,8,3,5:00,1.30,,1.00,,98.00,,27.00,,7.00,,,,101.65,,,,,,NA
2009-8-3 6:00,2009,8,3,6:00,2.00,,1.70,,98.00,,26.00,,7.00,,,,101.65,,,,,,NA
2009-8-3 7:00,2009,8,3,7:00,3.20,,2.80,,97.00,,26.00,,6.00,,,,101.64,,,,,,NA
2009-8-3 8:00,2009,8,3,8:00,2.50,,2.00,,96.00,,27.00,,9.00,,,,101.64,,,,,,NA
2009-8-3 9:00,2009,8,3,9:00,1.80,,1.20,,96.00,,10.00,,4.00,,,,101.66,,,,,,NA
2009-8-3 10:00,2009,8,3,10:00,2.50,,0.80,,89.00,,9.00,,6.00,,,,101.63,,,,,,NA
2009-8-3 11:00,2009,8,3,11:00,1.80,,0.00,,88.00,,7.00,,6.00,,,,101.59,,,,,,NA
2009-8-3 12:00,2009,8,3,12:00,2.10,,-0.10,,85.00,,8.00,,7.00,,,,101.58,,,,,,NA
2009-8-3 13:00,2009,8,3,13:00,2.70,,0.30,,84.00,,7.00,,6.00,,,,101.56,,,,,,NA
2009-8-3 14:00,2009,8,3,14:00,3.40,,0.70,,82.00,,8.00,,6.00,,,,101.53,,,,,,NA
2009-8-3 15:00,2009,8,3,15:00,1.70,,-0.30,,87.00,,6.00,,9.00,,,,101.50,,,,,,NA
2009-8-3 16:00,2009,8,3,16:00,0.80,,-0.70,,90.00,,5.00,,7.00,,,,101.49,,,,,,NA
2009-8-3 17:00,2009,8,3,17:00,0.40,,-1.30,,88.00,,6.00,,7.00,,,,101.50,,,,,,NA
2009-8-3 18:00,2009,8,3,18:00,0.10,,-1.10,,92.00,,5.00,,9.00,,,,101.48,,,,,,NA
2009-8-3 19:00,2009,8,3,19:00,-0.20,,-1.20,,93.00,,5.00,,7.00,,,,101.49,,,,,,NA
2009-8-3 20:00,2009,8,3,20:00,-0.30,,-1.70,,90.00,,5.00,,6.00,,,,101.47,,,,,,NA
2009-8-3 21:00,2009,8,3,21:00,-0.30,,-1.90,,89.00,,6.00,,6.00,,,,101.41,,,,,,NA
2009-8-3 22:00,2009,8,3,22:00,0.00,,-1.60,,89.00,,6.00,,7.00,,,,101.36,,,,,,NA
2009-8-3 23:00,2009,8,3,23:00,0.10,,-1.40,,90.00,,6.00,,4.00,,,,101.33,,,,,,NA
2009-8-4 0:00,2009,8,4,0:00,0.70,,-1.30,,86.00,,34.00,,4.00,,,,101.30,,,,,,NA
2009-8-4 1:00,2009,8,4,1:00,2.10,,-0.40,,83.00,,26.00,,6.00,,,,101.27,,,,,,NA
2009-8-4 2:00,2009,8,4,2:00,1.40,,-1.00,,84.00,,22.00,,6.00,,,,101.25,,,,,,NA
2009-8-4 3:00,2009,8,4,3:00,1.80,,-0.80,,83.00,,14.00,,2.00,,,,101.24,,,,,,NA
2009-8-4 4:00,2009,8,4,4:00,1.60,,-0.50,,86.00,,8.00,,4.00,,,,101.24,,,,,,NA
2009-8-4 5:00,2009,8,4,5:00,2.60,,-0.20,,82.00,,5.00,,2.00,,,,101.25,,,,,,NA
2009-8-4 6:00,2009,8,4,6:00,3.50,,0.60,,81.00,,6.00,,4.00,,,,101.28,,,,,,NA
2009-8-4 7:00,2009,8,4,7:00,3.80,,0.20,,77.00,,7.00,,6.00,,,,101.30,,,,,,NA
2009-8-4 8:00,2009,8,4,8:00,4.90,,0.80,,75.00,,9.00,,6.00,,,,101.29,,,,,,NA
2009-8-4 9:00,2009,8,4,9:00,6.40,,1.60,,71.00,,6.00,,7.00,,,,101.28,,,,,,NA
2009-8-4 10:00,2009,8,4,10:00,6.30,,1.60,,72.00,,6.00,,7.00,,,,101.27,,,,,,NA
2009-8-4 11:00,2009,8,4,11:00,6.20,,1.10,,70.00,,7.00,,9.00,,,,101.24,,,,,,NA
2009-8-4 12:00,2009,8,4,12:00,6.10,,1.00,,70.00,,5.00,,6.00,,,,101.21,,,,,,NA
2009-8-4 13:00,2009,8,4,13:00,4.80,,0.40,,73.00,,4.00,,9.00,,,,101.20,,,,,,NA
2009-8-4 14:00,2009,8,4,14:00,4.40,,0.20,,74.00,,3.00,,7.00,,,,101.22,,,,,,NA
2009-8-4 15:00,2009,8,4,15:00,4.80,,0.60,,74.00,,1.00,,7.00,,,,101.23,,,,,,NA
2009-8-4 16:00,2009,8,4,16:00,4.40,,0.60,,76.00,,19.00,,4.00,,,,101.22,,,,,,NA
2009-8-4 17:00,2009,8,4,17:00,6.00,,1.30,,72.00,,33.00,,2.00,,,,101.23,,,,,,NA
2009-8-4 18:00,2009,8,4,18:00,5.00,,1.10,,76.00,,3.00,,6.00,,,,101.22,,,,,,NA
2009-8-4 19:00,2009,8,4,19:00,4.70,,0.80,,76.00,,8.00,,4.00,,,,101.21,,,,,,NA
2009-8-4 20:00,2009,8,4,20:00,4.50,,0.70,,76.00,,6.00,,7.00,,,,101.19,,,,,,NA
2009-8-4 21:00,2009,8,4,21:00,4.20,,0.60,,77.00,,8.00,,6.00,,,,101.16,,,,,,NA
2009-8-4 22:00,2009,8,4,22:00,4.30,,0.60,,77.00,,6.00,,6.00,,,,101.13,,,,,,NA
2009-8-4 23:00,2009,8,4,23:00,4.00,,0.60,,78.00,,8.00,,7.00,,,,101.10,,,,,,NA
2009-8-5 0:00,2009,8,5,0:00,3.90,,0.10,,76.00,,6.00,,7.00,,,,101.08,,,,,,NA
2009-8-5 1:00,2009,8,5,1:00,2.40,,-0.40,,82.00,,6.00,,7.00,,,,101.05,,,,,,NA
2009-8-5 2:00,2009,8,5,2:00,2.40,,-0.40,,82.00,,7.00,,6.00,,,,101.03,,,,,,NA
2009-8-5 3:00,2009,8,5,3:00,2.30,,-0.50,,82.00,,8.00,,4.00,,,,101.00,,,,,,NA
2009-8-5 4:00,2009,8,5,4:00,2.80,,-0.20,,81.00,,6.00,,7.00,,,,100.97,,,,,,NA
2009-8-5 5:00,2009,8,5,5:00,3.10,,0.10,,81.00,,8.00,,6.00,,,,100.94,,,,,,NA
2009-8-5 6:00,2009,8,5,6:00,2.90,,-0.30,,79.00,,7.00,,7.00,,,,100.92,,,,,,NA
2009-8-5 7:00,2009,8,5,7:00,3.80,,0.40,,78.00,,6.00,,7.00,,,,100.87,,,,,,NA
2009-8-5 8:00,2009,8,5,8:00,3.90,,0.10,,76.00,,6.00,,7.00,,,,100.84,,,,,,NA
2009-8-5 9:00,2009,8,5,9:00,3.80,,0.10,,77.00,,8.00,,7.00,,,,100.80,,,,,,NA
2009-8-5 10:00,2009,8,5,10:00,4.50,,0.30,,74.00,,8.00,,6.00,,,,100.75,,,,,,NA
2009-8-5 11:00,2009,8,5,11:00,4.20,,0.50,,77.00,,8.00,,7.00,,,,100.71,,,,,,NA
2009-8-5 12:00,2009,8,5,12:00,5.30,,0.80,,73.00,,4.00,,4.00,,,,100.67,,,,,,NA
2009-8-5 13:00,2009,8,5,13:00,3.20,,-0.10,,79.00,,2.00,,6.00,,,,100.64,,,,,,NA
2009-8-5 14:00,2009,8,5,14:00,4.50,,1.00,,78.00,,5.00,,6.00,,,,100.62,,,,,,NA
2009-8-5 15:00,2009,8,5,15:00,5.00,,1.40,,78.00,,6.00,,6.00,,,,100.60,,,,,,NA
2009-8-5 16:00,2009,8,5,16:00,5.70,,1.50,,74.00,,8.00,,4.00,,,,100.58,,,,,,NA
2009-8-5 17:00,2009,8,5,17:00,5.30,,1.20,,75.00,,7.00,,4.00,,,,100.58,,,,,,NA
2009-8-5 18:00,2009,8,5,18:00,5.90,,1.20,,72.00,,8.00,,4.00,,,,100.59,,,,,,NA
2009-8-5 19:00,2009,8,5,19:00,6.00,,1.50,,73.00,,5.00,,6.00,,,,100.58,,,,,,NA
2009-8-5 20:00,2009,8,5,20:00,5.10,,0.90,,74.00,,5.00,,6.00,,,,100.58,,,,,,NA
2009-8-5 21:00,2009,8,5,21:00,6.10,,1.20,,71.00,,36.00,,4.00,,,,100.59,,,,,,NA
2009-8-5 22:00,2009,8,5,22:00,4.80,,0.40,,73.00,,36.00,,7.00,,,,100.60,,,,,,NA
2009-8-5 23:00,2009,8,5,23:00,4.10,,0.20,,76.00,,16.00,,2.00,,,,100.59,,,,,,NA
2009-8-6 0:00,2009,8,6,0:00,5.10,,0.70,,73.00,,19.00,,2.00,,,,100.58,,,,,,NA
2009-8-6 1:00,2009,8,6,1:00,4.80,,0.50,,74.00,,6.00,,4.00,,,,100.57,,,,,,NA
2009-8-6 2:00,2009,8,6,2:00,5.00,,0.50,,73.00,,7.00,,4.00,,,,100.57,,,,,,NA
2009-8-6 3:00,2009,8,6,3:00,3.70,,-0.40,,75.00,,6.00,,4.00,,,,100.57,,,,,,NA
2009-8-6 4:00,2009,8,6,4:00,3.60,,0.00,,77.00,,10.00,,4.00,,,,100.56,,,,,,NA
2009-8-6 5:00,2009,8,6,5:00,5.30,,1.40,,76.00,,6.00,,4.00,,,,100.54,,,,,,NA
2009-8-6 6:00,2009,8,6,6:00,7.00,,1.30,,67.00,,19.00,,2.00,,,,100.53,,,,,,NA
2009-8-6 7:00,2009,8,6,7:00,11.70,,2.50,,53.00,,24.00,,6.00,,,,100.50,,,,,,NA
2009-8-6 8:00,2009,8,6,8:00,14.10,,1.60,,43.00,,22.00,,22.00,,,,100.47,,,,,,NA
2009-8-6 9:00,2009,8,6,9:00,14.40,,2.10,,43.00,,20.00,,22.00,,,,100.45,,,,,,NA
2009-8-6 10:00,2009,8,6,10:00,15.20,,1.90,,41.00,,19.00,,19.00,,,,100.42,,,,,,NA
2009-8-6 11:00,2009,8,6,11:00,15.60,,2.00,,40.00,,19.00,,20.00,,,,100.38,,,,,,NA
2009-8-6 12:00,2009,8,6,12:00,15.80,,2.30,,40.00,,19.00,,26.00,,,,100.36,,,,,,NA
2009-8-6 13:00,2009,8,6,13:00,16.30,,1.90,,38.00,,19.00,,24.00,,,,100.35,,,,,,NA
2009-8-6 14:00,2009,8,6,14:00,16.20,,2.90,,41.00,,19.00,,26.00,,,,100.32,,,,,,NA
2009-8-6 15:00,2009,8,6,15:00,16.60,,3.20,,41.00,,19.00,,19.00,,,,100.30,,,,,,NA
2009-8-6 16:00,2009,8,6,16:00,16.90,,1.70,,36.00,,24.00,,7.00,,,,100.28,,,,,,NA
2009-8-6 17:00,2009,8,6,17:00,10.70,,2.50,,57.00,,6.00,,4.00,,,,100.30,,,,,,NA
2009-8-6 18:00,2009,8,6,18:00,11.60,,2.70,,54.00,,28.00,,6.00,,,,100.27,,,,,,NA
2009-8-6 19:00,2009,8,6,19:00,10.20,,2.90,,60.00,,21.00,,2.00,,,,100.29,,,,,,NA
2009-8-6 20:00,2009,8,6,20:00,9.30,,2.40,,62.00,,30.00,,4.00,,,,100.26,,,,,,NA
2009-8-6 21:00,2009,8,6,21:00,9.30,,2.40,,62.00,,34.00,,6.00,,,,100.27,,,,,,NA
2009-8-6 22:00,2009,8,6,22:00,8.20,,2.10,,65.00,,21.00,,2.00,,,,100.26,,,,,,NA
2009-8-6 23:00,2009,8,6,23:00,8.60,,1.60,,61.00,,4.00,,6.00,,,,100.23,,,,,,NA
2009-8-7 0:00,2009,8,7,0:00,7.00,,1.20,,67.00,,8.00,,6.00,,,,100.21,,,,,,NA
2009-8-7 1:00,2009,8,7,1:00,7.20,,1.20,,66.00,,15.00,,4.00,,,,100.19,,,,,,NA
2009-8-7 2:00,2009,8,7,2:00,6.10,,1.00,,70.00,,8.00,,4.00,,,,100.20,,,,,,NA
2009-8-7 3:00,2009,8,7,3:00,6.20,,0.70,,68.00,,12.00,,2.00,,,,100.19,,,,,,NA
2009-8-7 4:00,2009,8,7,4:00,6.90,,1.30,,67.00,,14.00,,2.00,,,,100.16,,,,,,NA
2009-8-7 5:00,2009,8,7,5:00,6.30,,1.20,,70.00,,8.00,,6.00,,,,100.15,,,,,,NA
2009-8-7 6:00,2009,8,7,6:00,6.90,,1.80,,70.00,,8.00,,2.00,,,,100.14,,,,,,NA
2009-8-7 7:00,2009,8,7,7:00,6.70,,1.50,,69.00,,9.00,,2.00,,,,100.13,,,,,,NA
2009-8-7 8:00,2009,8,7,8:00,7.70,,2.20,,68.00,,9.00,,4.00,,,,100.11,,,,,,NA
2009-8-7 9:00,2009,8,7,9:00,6.70,,1.50,,69.00,,9.00,,7.00,,,,100.07,,,,,,NA
2009-8-7 10:00,2009,8,7,10:00,6.90,,2.10,,71.00,,7.00,,6.00,,,,100.06,,,,,,NA
2009-8-7 11:00,2009,8,7,11:00,5.70,,0.80,,71.00,,7.00,,6.00,,,,100.07,,,,,,NA
2009-8-7 12:00,2009,8,7,12:00,8.40,,2.20,,65.00,,1.00,,4.00,,,,100.06,,,,,,NA
2009-8-7 13:00,2009,8,7,13:00,5.10,,0.30,,71.00,,4.00,,7.00,,,,100.06,,,,,,NA
2009-8-7 14:00,2009,8,7,14:00,5.20,,0.90,,74.00,,11.00,,2.00,,,,100.07,,,,,,NA
2009-8-7 15:00,2009,8,7,15:00,9.80,,1.60,,57.00,,25.00,,4.00,,,,100.05,,,,,,NA
2009-8-7 16:00,2009,8,7,16:00,4.10,,0.60,,78.00,,6.00,,7.00,,,,100.07,,,,,,NA
2009-8-7 17:00,2009,8,7,17:00,5.60,,0.30,,69.00,,5.00,,6.00,,,,100.07,,,,,,NA
2009-8-7 18:00,2009,8,7,18:00,4.40,,0.30,,75.00,,7.00,,4.00,,,,100.10,,,,,,NA
2009-8-7 19:00,2009,8,7,19:00,4.30,,0.10,,74.00,,8.00,,6.00,,,,100.09,,,,,,NA
2009-8-7 20:00,2009,8,7,20:00,3.80,,0.60,,80.00,,7.00,,4.00,,,,100.09,,,,,,NA
2009-8-7 21:00,2009,8,7,21:00,3.10,,0.10,,81.00,,8.00,,4.00,,,,100.12,,,,,,NA
2009-8-7 22:00,2009,8,7,22:00,3.60,,0.20,,78.00,,9.00,,4.00,,,,100.13,,,,,,NA
2009-8-7 23:00,2009,8,7,23:00,4.70,,0.40,,74.00,,10.00,,2.00,,,,100.12,,,,,,NA
2009-8-8 0:00,2009,8,8,0:00,2.70,,0.20,,84.00,,7.00,,6.00,,,,100.14,,,,,,NA
2009-8-8 1:00,2009,8,8,1:00,4.80,,0.00,,71.00,,0.00,,0.00,,,,100.15,,,,,,NA
2009-8-8 2:00,2009,8,8,2:00,3.10,,0.00,,80.00,,7.00,,2.00,,,,100.19,,,,,,NA
2009-8-8 3:00,2009,8,8,3:00,3.10,,0.10,,81.00,,16.00,,2.00,,,,100.21,,,,,,NA
2009-8-8 4:00,2009,8,8,4:00,3.70,,0.50,,80.00,,20.00,,2.00,,,,100.24,,,,,,NA
2009-8-8 5:00,2009,8,8,5:00,3.90,,0.70,,80.00,,9.00,,4.00,,,,100.25,,,,,,NA
2009-8-8 6:00,2009,8,8,6:00,3.70,,0.80,,81.00,,9.00,,4.00,,,,100.28,,,,,,NA
2009-8-8 7:00,2009,8,8,7:00,2.90,,0.30,,83.00,,7.00,,6.00,,,,100.32,,,,,,NA
2009-8-8 8:00,2009,8,8,8:00,3.50,,0.60,,81.00,,10.00,,6.00,,,,100.34,,,,,,NA
2009-8-8 9:00,2009,8,8,9:00,4.70,,1.20,,78.00,,8.00,,6.00,,,,100.34,,,,,,NA
2009-8-8 10:00,2009,8,8,10:00,4.00,,0.50,,78.00,,5.00,,7.00,,,,100.36,,,,,,NA
2009-8-8 11:00,2009,8,8,11:00,2.20,,-0.30,,84.00,,7.00,,6.00,,,,100.39,,,,,,NA
2009-8-8 12:00,2009,8,8,12:00,3.20,,0.10,,80.00,,8.00,,6.00,,,,100.39,,,,,,NA
2009-8-8 13:00,2009,8,8,13:00,3.20,,0.00,,79.00,,7.00,,7.00,,,,100.40,,,,,,NA
2009-8-8 14:00,2009,8,8,14:00,3.80,,0.30,,78.00,,5.00,,7.00,,,,100.39,,,,,,NA
2009-8-8 15:00,2009,8,8,15:00,3.70,,0.10,,77.00,,6.00,,6.00,,,,100.40,,,,,,NA
2009-8-8 16:00,2009,8,8,16:00,3.60,,0.20,,78.00,,5.00,,9.00,,,,100.40,,,,,,NA
2009-8-8 17:00,2009,8,8,17:00,3.20,,0.00,,79.00,,6.00,,9.00,,,,100.40,,,,,,NA
2009-8-8 18:00,2009,8,8,18:00,3.70,,0.10,,77.00,,5.00,,7.00,,,,100.41,,,,,,NA
2009-8-8 19:00,2009,8,8,19:00,2.40,,-0.50,,81.00,,7.00,,6.00,,,,100.43,,,,,,NA
2009-8-8 20:00,2009,8,8,20:00,2.30,,-0.50,,82.00,,7.00,,4.00,,,,100.44,,,,,,NA
2009-8-8 21:00,2009,8,8,21:00,2.60,,-0.40,,81.00,,6.00,,4.00,,,,100.44,,,,,,NA
2009-8-8 22:00,2009,8,8,22:00,2.40,,-0.40,,82.00,,8.00,,4.00,,,,100.44,,,,,,NA
2009-8-8 23:00,2009,8,8,23:00,2.50,,-0.60,,80.00,,6.00,,4.00,,,,100.46,,,,,,NA
2009-8-9 0:00,2009,8,9,0:00,2.20,,-0.60,,82.00,,8.00,,2.00,,,,100.48,,,,,,NA
2009-8-9 1:00,2009,8,9,1:00,2.30,,-0.30,,83.00,,6.00,,2.00,,,,100.50,,,,,,NA
2009-8-9 2:00,2009,8,9,2:00,2.10,,-0.40,,83.00,,7.00,,4.00,,,,100.53,,,,,,NA
2009-8-9 3:00,2009,8,9,3:00,2.40,,-0.20,,83.00,,8.00,,4.00,,,,100.56,,,,,,NA
2009-8-9 4:00,2009,8,9,4:00,3.00,,0.00,,81.00,,6.00,,4.00,,,,100.58,,,,,,NA
2009-8-9 5:00,2009,8,9,5:00,2.90,,-0.20,,80.00,,8.00,,4.00,,,,100.61,,,,,,NA
2009-8-9 6:00,2009,8,9,6:00,3.20,,0.10,,80.00,,7.00,,4.00,,,,100.62,,,,,,NA
2009-8-9 7:00,2009,8,9,7:00,3.70,,0.30,,78.00,,8.00,,6.00,,,,100.62,,,,,,NA
2009-8-9 8:00,2009,8,9,8:00,3.90,,0.40,,78.00,,6.00,,6.00,,,,100.62,,,,,,NA
2009-8-9 9:00,2009,8,9,9:00,3.50,,-0.10,,77.00,,4.00,,6.00,,,,100.66,,,,,,NA
2009-8-9 10:00,2009,8,9,10:00,3.90,,0.10,,76.00,,6.00,,6.00,,,,100.67,,,,,,NA
2009-8-9 11:00,2009,8,9,11:00,4.60,,0.70,,76.00,,7.00,,6.00,,,,100.67,,,,,,NA
2009-8-9 12:00,2009,8,9,12:00,4.60,,0.60,,75.00,,8.00,,6.00,,,,100.68,,,,,,NA
2009-8-9 13:00,2009,8,9,13:00,4.90,,0.50,,73.00,,5.00,,6.00,,,,100.68,,,,,,NA
2009-8-9 14:00,2009,8,9,14:00,4.20,,0.30,,76.00,,7.00,,6.00,,,,100.71,,,,,,NA
2009-8-9 15:00,2009,8,9,15:00,3.10,,-0.70,,76.00,,4.00,,7.00,,,,100.72,,,,,,NA
2009-8-9 16:00,2009,8,9,16:00,3.20,,-0.40,,77.00,,2.00,,6.00,,,,100.73,,,,,,NA
2009-8-9 17:00,2009,8,9,17:00,3.00,,-0.50,,78.00,,6.00,,4.00,,,,100.72,,,,,,NA
2009-8-9 18:00,2009,8,9,18:00,3.70,,0.20,,78.00,,6.00,,6.00,,,,100.73,,,,,,NA
2009-8-9 19:00,2009,8,9,19:00,2.50,,-0.50,,81.00,,4.00,,6.00,,,,100.75,,,,,,NA
2009-8-9 20:00,2009,8,9,20:00,3.40,,-0.20,,77.00,,1.00,,9.00,,,,100.76,,,,,,NA
2009-8-9 21:00,2009,8,9,21:00,3.50,,-0.10,,77.00,,36.00,,6.00,,,,100.76,,,,,,NA
2009-8-9 22:00,2009,8,9,22:00,0.90,,-1.70,,83.00,,4.00,,7.00,,,,100.77,,,,,,NA
2009-8-9 23:00,2009,8,9,23:00,1.70,,-1.70,,78.00,,3.00,,6.00,,,,100.76,,,,,,NA
2009-8-10 0:00,2009,8,10,0:00,0.70,,-1.70,,84.00,,3.00,,4.00,,,,100.75,,,,,,NA
2009-8-10 1:00,2009,8,10,1:00,0.80,,-1.80,,83.00,,34.00,,7.00,,,,100.76,,,,,,NA
2009-8-10 2:00,2009,8,10,2:00,0.50,,-1.80,,85.00,,33.00,,11.00,,,,100.78,,,,,,NA
2009-8-10 3:00,2009,8,10,3:00,0.30,,-1.70,,86.00,,34.00,,9.00,,,,100.78,,,,,,NA
2009-8-10 4:00,2009,8,10,4:00,0.60,,-1.40,,86.00,,34.00,,7.00,,,,100.76,,,,,,NA
2009-8-10 5:00,2009,8,10,5:00,0.50,,-1.40,,87.00,,2.00,,7.00,,,,100.75,,,,,,NA
2009-8-10 6:00,2009,8,10,6:00,0.60,,-1.50,,86.00,,4.00,,7.00,,,,100.76,,,,,,NA
2009-8-10 7:00,2009,8,10,7:00,1.50,,-1.20,,82.00,,5.00,,4.00,,,,100.75,,,,,,NA
2009-8-10 8:00,2009,8,10,8:00,0.90,,-1.50,,84.00,,4.00,,7.00,,,,100.76,,,,,,NA
2009-8-10 9:00,2009,8,10,9:00,0.40,,-1.80,,85.00,,4.00,,9.00,,,,100.75,,,,,,NA
2009-8-10 10:00,2009,8,10,10:00,1.00,,-1.50,,83.00,,3.00,,7.00,,,,100.73,,,,,,NA
2009-8-10 11:00,2009,8,10,11:00,1.60,,-1.20,,82.00,,1.00,,9.00,,,,100.71,,,,,,NA
2009-8-10 12:00,2009,8,10,12:00,1.80,,-0.80,,83.00,,35.00,,15.00,,,,100.70,,,,,,NA
2009-8-10 13:00,2009,8,10,13:00,1.40,,-1.00,,84.00,,35.00,,17.00,,,,100.70,,,,,,NA
2009-8-10 14:00,2009,8,10,14:00,1.70,,-1.20,,81.00,,36.00,,9.00,,,,100.68,,,,,,NA
2009-8-10 15:00,2009,8,10,15:00,1.20,,-1.80,,80.00,,36.00,,9.00,,,,100.67,,,,,,NA
2009-8-10 16:00,2009,8,10,16:00,1.70,,-1.20,,81.00,,36.00,,11.00,,,,100.67,,,,,,NA
2009-8-10 17:00,2009,8,10,17:00,1.00,,-1.70,,82.00,,36.00,,11.00,,,,100.67,,,,,,NA
2009-8-10 18:00,2009,8,10,18:00,1.00,,-1.60,,83.00,,35.00,,11.00,,,,100.67,,,,,,NA
2009-8-10 19:00,2009,8,10,19:00,0.40,,-1.90,,85.00,,34.00,,11.00,,,,100.68,,,,,,NA
2009-8-10 20:00,2009,8,10,20:00,0.20,,-2.00,,85.00,,33.00,,9.00,,,,100.67,,,,,,NA
2009-8-10 21:00,2009,8,10,21:00,-0.30,,-2.30,,86.00,,35.00,,11.00,,,,100.68,,,,-4.00,,NA
2009-8-10 22:00,2009,8,10,22:00,-0.50,,-2.20,,88.00,,35.00,,9.00,,,,100.68,,,,,,NA
2009-8-10 23:00,2009,8,10,23:00,-1.70,,-3.00,,91.00,,13.00,,4.00,,,,100.69,,,,,,NA
2009-8-11 0:00,2009,8,11,0:00,-0.60,,-2.70,,86.00,,34.00,,9.00,,,,100.68,,,,,,NA
2009-8-11 1:00,2009,8,11,1:00,-0.60,,-2.70,,86.00,,31.00,,6.00,,,,100.68,,,,,,NA
2009-8-11 2:00,2009,8,11,2:00,-0.40,,-2.40,,86.00,,29.00,,4.00,,,,100.68,,,,,,NA
2009-8-11 3:00,2009,8,11,3:00,-0.60,,-2.40,,88.00,,35.00,,7.00,,,,100.71,,,,,,NA
2009-8-11 4:00,2009,8,11,4:00,-0.30,,-2.10,,88.00,,35.00,,7.00,,,,100.71,,,,,,NA
2009-8-11 5:00,2009,8,11,5:00,-0.50,,-2.00,,90.00,,1.00,,9.00,,,,100.72,,,,,,NA
2009-8-11 6:00,2009,8,11,6:00,-1.30,,-2.10,,94.00,,7.00,,6.00,,,,100.74,,,,,,NA
2009-8-11 7:00,2009,8,11,7:00,-0.70,,-2.20,,90.00,,7.00,,6.00,,,,100.75,,,,,,NA
2009-8-11 8:00,2009,8,11,8:00,0.10,,-1.80,,87.00,,3.00,,6.00,,,,100.77,,,,,,NA
2009-8-11 9:00,2009,8,11,9:00,0.30,,-1.90,,85.00,,2.00,,6.00,,,,100.79,,,,,,NA
2009-8-11 10:00,2009,8,11,10:00,1.00,,-1.40,,84.00,,1.00,,6.00,,,,100.79,,,,,,NA
2009-8-11 11:00,2009,8,11,11:00,0.80,,-1.70,,83.00,,3.00,,6.00,,,,100.79,,,,,,NA
2009-8-11 12:00,2009,8,11,12:00,1.10,,-1.60,,82.00,,3.00,,6.00,,,,100.78,,,,,,NA
2009-8-11 13:00,2009,8,11,13:00,1.30,,-1.60,,81.00,,2.00,,6.00,,,,100.80,,,,,,NA
2009-8-11 14:00,2009,8,11,14:00,2.20,,-1.20,,78.00,,3.00,,6.00,,,,100.80,,,,,,NA
2009-8-11 15:00,2009,8,11,15:00,2.00,,-1.20,,79.00,,3.00,,7.00,,,,100.80,,,,,,NA
2009-8-11 16:00,2009,8,11,16:00,1.90,,-1.20,,80.00,,3.00,,7.00,,,,100.82,,,,,,NA
2009-8-11 17:00,2009,8,11,17:00,1.50,,-1.30,,82.00,,7.00,,6.00,,,,100.82,,,,,,NA
2009-8-11 18:00,2009,8,11,18:00,1.60,,-1.10,,82.00,,5.00,,6.00,,,,100.82,,,,,,NA
2009-8-11 19:00,2009,8,11,19:00,0.90,,-1.60,,83.00,,9.00,,6.00,,,,100.83,,,,,,NA
2009-8-11 20:00,2009,8,11,20:00,0.90,,-1.40,,85.00,,8.00,,4.00,,,,100.85,,,,,,NA
2009-8-11 21:00,2009,8,11,21:00,0.50,,-1.90,,84.00,,8.00,,4.00,,,,100.85,,,,,,NA
2009-8-11 22:00,2009,8,11,22:00,0.30,,-2.00,,85.00,,8.00,,4.00,,,,100.84,,,,,,NA
2009-8-11 23:00,2009,8,11,23:00,0.90,,-1.70,,83.00,,8.00,,2.00,,,,100.84,,,,,,NA
2009-8-12 0:00,2009,8,12,0:00,0.60,,-1.70,,85.00,,6.00,,6.00,,,,100.84,,,,,,NA
2009-8-12 1:00,2009,8,12,1:00,0.30,,-2.20,,83.00,,6.00,,2.00,,,,100.86,,,,,,NA
2009-8-12 2:00,2009,8,12,2:00,0.10,,-2.00,,86.00,,0.00,,0.00,,,,100.86,,,,,,NA
2009-8-12 3:00,2009,8,12,3:00,1.00,,-2.00,,80.00,,0.00,,0.00,,,,100.85,,,,,,NA
2009-8-12 4:00,2009,8,12,4:00,0.60,,-1.90,,83.00,,11.00,,2.00,,,,100.83,,,,,,NA
2009-8-12 5:00,2009,8,12,5:00,0.20,,-2.00,,85.00,,8.00,,4.00,,,,100.82,,,,,,NA
2009-8-12 6:00,2009,8,12,6:00,0.20,,-1.80,,86.00,,7.00,,6.00,,,,100.83,,,,,,NA
2009-8-12 7:00,2009,8,12,7:00,-0.20,,-2.40,,85.00,,5.00,,6.00,,,,100.83,,,,,,NA
2009-8-12 8:00,2009,8,12,8:00,-0.10,,-2.30,,85.00,,5.00,,6.00,,,,100.82,,,,,,NA
2009-8-12 9:00,2009,8,12,9:00,0.20,,-2.30,,83.00,,5.00,,4.00,,,,100.80,,,,,,NA
2009-8-12 10:00,2009,8,12,10:00,0.50,,-2.30,,81.00,,7.00,,6.00,,,,100.78,,,,,,NA
2009-8-12 11:00,2009,8,12,11:00,0.50,,-2.80,,78.00,,5.00,,6.00,,,,100.76,,,,,,NA
2009-8-12 12:00,2009,8,12,12:00,0.80,,-2.80,,77.00,,2.00,,6.00,,,,100.75,,,,,,NA
2009-8-12 13:00,2009,8,12,13:00,0.30,,-2.90,,79.00,,3.00,,9.00,,,,100.73,,,,,,NA
2009-8-12 14:00,2009,8,12,14:00,0.00,,-2.60,,83.00,,5.00,,7.00,,,,100.70,,,,,,NA
2009-8-12 15:00,2009,8,12,15:00,-0.50,,-2.80,,84.00,,6.00,,7.00,,,,100.70,,,,,,NA
2009-8-12 16:00,2009,8,12,16:00,-0.20,,-2.60,,84.00,,5.00,,6.00,,,,100.68,,,,,,NA
2009-8-12 17:00,2009,8,12,17:00,-0.60,,-2.90,,84.00,,6.00,,7.00,,,,100.65,,,,,,NA
2009-8-12 18:00,2009,8,12,18:00,-0.60,,-2.80,,85.00,,6.00,,7.00,,,,100.64,,,,,,NA
2009-8-12 19:00,2009,8,12,19:00,-0.70,,-2.80,,86.00,,7.00,,6.00,,,,100.61,,,,,,NA
2009-8-12 20:00,2009,8,12,20:00,-0.70,,-2.90,,85.00,,8.00,,6.00,,,,100.60,,,,,,NA
2009-8-12 21:00,2009,8,12,21:00,-0.60,,-2.40,,88.00,,3.00,,6.00,,,,100.57,,,,,,NA
2009-8-12 22:00,2009,8,12,22:00,-0.20,,-2.90,,82.00,,35.00,,7.00,,,,100.56,,,,,,NA
2009-8-12 23:00,2009,8,12,23:00,-1.10,,-2.80,,88.00,,20.00,,2.00,,,,100.52,,,,,,NA
2009-8-13 0:00,2009,8,13,0:00,-1.10,,-3.00,,87.00,,34.00,,6.00,,,,100.49,,,,,,NA
2009-8-13 1:00,2009,8,13,1:00,-1.30,,-2.70,,90.00,,29.00,,2.00,,,,100.48,,,,,,NA
2009-8-13 2:00,2009,8,13,2:00,-1.80,,-2.80,,93.00,,18.00,,2.00,,,,100.45,,,,,,NA
2009-8-13 3:00,2009,8,13,3:00,-1.10,,-2.10,,93.00,,2.00,,2.00,,,,100.44,,,,,,NA
2009-8-13 4:00,2009,8,13,4:00,-0.70,,-2.30,,89.00,,36.00,,2.00,,,,100.40,,,,,,NA
2009-8-13 5:00,2009,8,13,5:00,-2.40,,-3.30,,94.00,,2.00,,7.00,,,,100.37,,,,,,NA
2009-8-13 6:00,2009,8,13,6:00,-2.70,,-3.00,,98.00,,8.00,,4.00,,,,100.38,,,,,,NA
2009-8-13 7:00,2009,8,13,7:00,-2.50,,-2.80,,98.00,,6.00,,6.00,,,,100.37,,,,,,NA
2009-8-13 8:00,2009,8,13,8:00,-2.70,,-3.00,,98.00,,7.00,,6.00,,,,100.34,,,,,,NA
2009-8-13 9:00,2009,8,13,9:00,-2.10,,-2.40,,98.00,,5.00,,7.00,,,,100.33,,,,,,NA
2009-8-13 10:00,2009,8,13,10:00,-1.90,,-2.30,,97.00,,3.00,,6.00,,,,100.30,,,,,,NA
2009-8-13 11:00,2009,8,13,11:00,-1.60,,-2.20,,96.00,,1.00,,7.00,,,,100.28,,,,,,NA
2009-8-13 12:00,2009,8,13,12:00,-1.30,,-2.50,,92.00,,36.00,,7.00,,,,100.27,,,,,,NA
2009-8-13 13:00,2009,8,13,13:00,-1.20,,-2.60,,90.00,,36.00,,7.00,,,,100.25,,,,,,NA
2009-8-13 14:00,2009,8,13,14:00,-1.30,,-2.60,,91.00,,2.00,,9.00,,,,100.24,,,,,,NA
2009-8-13 15:00,2009,8,13,15:00,-1.90,,-2.40,,96.00,,5.00,,9.00,,,,100.23,,,,,,NA
2009-8-13 16:00,2009,8,13,16:00,-2.70,,-3.00,,98.00,,6.00,,7.00,,,,100.22,,,,,,NA
2009-8-13 17:00,2009,8,13,17:00,-2.80,,-3.20,,97.00,,3.00,,7.00,,,,100.23,,,,,,NA
2009-8-13 18:00,2009,8,13,18:00,-2.80,,-3.80,,93.00,,1.00,,7.00,,,,100.25,,,,,,NA
2009-8-13 19:00,2009,8,13,19:00,-2.80,,-3.70,,94.00,,1.00,,7.00,,,,100.26,,,,,,NA
2009-8-13 20:00,2009,8,13,20:00,-2.80,,-3.70,,94.00,,36.00,,7.00,,,,100.27,,,,,,NA
2009-8-13 21:00,2009,8,13,21:00,-3.00,,-3.80,,94.00,,36.00,,7.00,,,,100.29,,,,,,NA
2009-8-13 22:00,2009,8,13,22:00,-3.20,,-3.90,,95.00,,35.00,,9.00,,,,100.30,,,,,,NA
2009-8-13 23:00,2009,8,13,23:00,-3.00,,-3.70,,95.00,,36.00,,6.00,,,,100.31,,,,,,NA
2009-8-14 0:00,2009,8,14,0:00,-2.80,,-3.40,,96.00,,2.00,,4.00,,,,100.32,,,,,,NA
2009-8-14 1:00,2009,8,14,1:00,-3.00,,-3.30,,98.00,,7.00,,6.00,,,,100.32,,,,,,NA
2009-8-14 2:00,2009,8,14,2:00,-2.70,,-3.10,,97.00,,9.00,,2.00,,,,100.32,,,,,,NA
2009-8-14 3:00,2009,8,14,3:00,-2.60,,-3.10,,96.00,,11.00,,4.00,,,,100.32,,,,,,NA
2009-8-14 4:00,2009,8,14,4:00,-2.30,,-2.90,,96.00,,8.00,,4.00,,,,100.31,,,,,,NA
2009-8-14 5:00,2009,8,14,5:00,-2.20,,-3.10,,94.00,,7.00,,6.00,,,,100.31,,,,,,NA
2009-8-14 6:00,2009,8,14,6:00,-2.00,,-2.80,,94.00,,7.00,,6.00,,,,100.29,,,,,,NA
2009-8-14 7:00,2009,8,14,7:00,-0.80,,-2.20,,90.00,,4.00,,6.00,,,,100.30,,,,,,NA
2009-8-14 8:00,2009,8,14,8:00,-0.50,,-2.20,,88.00,,5.00,,4.00,,,,100.31,,,,,,NA
2009-8-14 9:00,2009,8,14,9:00,-0.60,,-2.10,,90.00,,6.00,,7.00,,,,100.30,,,,,,NA
2009-8-14 10:00,2009,8,14,10:00,-0.10,,-1.80,,88.00,,5.00,,7.00,,,,100.28,,,,,,NA
2009-8-14 11:00,2009,8,14,11:00,0.10,,-1.30,,90.00,,3.00,,7.00,,,,100.28,,,,,,NA
2009-8-14 12:00,2009,8,14,12:00,0.40,,-1.80,,85.00,,5.00,,6.00,,,,100.26,,,,,,NA
2009-8-14 13:00,2009,8,14,13:00,0.60,,-1.50,,86.00,,5.00,,6.00,,,,100.25,,,,,,NA
2009-8-14 14:00,2009,8,14,14:00,0.70,,-1.40,,86.00,,7.00,,6.00,,,,100.24,,,,,,NA
2009-8-14 15:00,2009,8,14,15:00,0.80,,-1.20,,86.00,,4.00,,6.00,,,,100.25,,,,,,NA
2009-8-14 16:00,2009,8,14,16:00,0.80,,-1.10,,87.00,,8.00,,6.00,,,,100.24,,,,,,NA
2009-8-14 17:00,2009,8,14,17:00,1.10,,-1.20,,85.00,,4.00,,7.00,,,,100.22,,,,,,NA
2009-8-14 18:00,2009,8,14,18:00,1.20,,-1.10,,85.00,,6.00,,6.00,,,,100.23,,,,,,NA
2009-8-14 19:00,2009,8,14,19:00,0.50,,-1.40,,87.00,,4.00,,7.00,,,,100.25,,,,,,NA
2009-8-14 20:00,2009,8,14,20:00,0.00,,-1.70,,88.00,,4.00,,7.00,,,,100.27,,,,,,NA
2009-8-14 21:00,2009,8,14,21:00,0.00,,-1.30,,91.00,,8.00,,6.00,,,,100.26,,,,,,NA
2009-8-14 22:00,2009,8,14,22:00,0.10,,-1.40,,90.00,,9.00,,4.00,,,,100.24,,,,,,NA
2009-8-14 23:00,2009,8,14,23:00,-0.10,,-1.40,,91.00,,8.00,,4.00,,,,100.22,,,,,,NA
2009-8-15 0:00,2009,8,15,0:00,-0.60,,-1.70,,92.00,,7.00,,6.00,,,,100.22,,,,,,NA
2009-8-15 1:00,2009,8,15,1:00,-0.40,,-1.50,,92.00,,6.00,,7.00,,,,100.20,,,,,,NA
2009-8-15 2:00,2009,8,15,2:00,-0.60,,-1.50,,94.00,,8.00,,4.00,,,,100.18,,,,,,NA
2009-8-15 3:00,2009,8,15,3:00,-0.10,,-1.40,,91.00,,7.00,,2.00,,,,100.18,,,,,,NA
2009-8-15 4:00,2009,8,15,4:00,0.10,,-1.40,,90.00,,8.00,,4.00,,,,100.17,,,,,,NA
2009-8-15 5:00,2009,8,15,5:00,-0.50,,-1.50,,93.00,,7.00,,2.00,,,,100.14,,,,,,NA
2009-8-15 6:00,2009,8,15,6:00,-0.50,,-1.20,,95.00,,6.00,,4.00,,,,100.14,,,,,,NA
2009-8-15 7:00,2009,8,15,7:00,0.70,,-0.80,,90.00,,8.00,,6.00,,,,100.12,,,,,,NA
2009-8-15 8:00,2009,8,15,8:00,1.30,,-0.70,,87.00,,36.00,,2.00,,,,100.10,,,,,,NA
2009-8-15 9:00,2009,8,15,9:00,0.90,,-0.90,,88.00,,5.00,,6.00,,,,100.07,,,,,,NA
2009-8-15 10:00,2009,8,15,10:00,0.40,,-1.10,,90.00,,8.00,,4.00,,,,100.03,,,,,,NA
2009-8-15 11:00,2009,8,15,11:00,3.20,,0.10,,80.00,,9.00,,2.00,,,,100.01,,,,,,NA
2009-8-15 12:00,2009,8,15,12:00,9.70,,2.10,,59.00,,25.00,,13.00,,,,99.97,,,,,,NA
2009-8-15 13:00,2009,8,15,13:00,10.90,,2.10,,55.00,,24.00,,30.00,,,,99.95,,,,,,NA
2009-8-15 14:00,2009,8,15,14:00,10.50,,0.40,,50.00,,24.00,,32.00,,,,99.93,,,,,,NA
2009-8-15 15:00,2009,8,15,15:00,10.40,,0.40,,50.00,,24.00,,26.00,,,,99.95,,,,,,NA
2009-8-15 16:00,2009,8,15,16:00,5.10,,1.30,,76.00,,3.00,,6.00,,,,99.98,,,,,,NA
2009-8-15 17:00,2009,8,15,17:00,3.60,,0.50,,80.00,,6.00,,7.00,,,,100.00,,,,,,NA
2009-8-15 18:00,2009,8,15,18:00,4.20,,1.00,,80.00,,3.00,,4.00,,,,100.04,,,,,,NA
2009-8-15 19:00,2009,8,15,19:00,3.60,,-0.10,,77.00,,5.00,,7.00,,,,100.07,,,,,,NA
2009-8-15 20:00,2009,8,15,20:00,4.60,,0.50,,75.00,,1.00,,6.00,,,,100.10,,,,,,NA
2009-8-15 21:00,2009,8,15,21:00,2.80,,-0.90,,77.00,,4.00,,6.00,,,,100.10,,,,,,NA
2009-8-15 22:00,2009,8,15,22:00,2.60,,-0.70,,79.00,,8.00,,2.00,,,,100.10,,,,,,NA
2009-8-15 23:00,2009,8,15,23:00,3.10,,-0.40,,78.00,,1.00,,2.00,,,,100.09,,,,,,NA
2009-8-16 0:00,2009,8,16,0:00,2.40,,-0.40,,82.00,,3.00,,6.00,,,,100.06,,,,,,NA
2009-8-16 1:00,2009,8,16,1:00,0.80,,-1.30,,86.00,,7.00,,4.00,,,,100.08,,,,,,NA
2009-8-16 2:00,2009,8,16,2:00,1.50,,-1.10,,83.00,,10.00,,4.00,,,,100.09,,,,,,NA
2009-8-16 3:00,2009,8,16,3:00,1.80,,-0.80,,83.00,,9.00,,4.00,,,,100.10,,,,,,NA
2009-8-16 4:00,2009,8,16,4:00,2.20,,-0.60,,82.00,,6.00,,4.00,,,,100.12,,,,,,NA
2009-8-16 5:00,2009,8,16,5:00,2.60,,0.10,,84.00,,8.00,,6.00,,,,100.14,,,,,,NA
2009-8-16 6:00,2009,8,16,6:00,2.50,,0.00,,84.00,,8.00,,7.00,,,,100.16,,,,,,NA
2009-8-16 7:00,2009,8,16,7:00,5.50,,1.60,,76.00,,2.00,,2.00,,,,100.17,,,,,,NA
2009-8-16 8:00,2009,8,16,8:00,5.20,,0.20,,70.00,,23.00,,7.00,,,,100.20,,,,,,NA
2009-8-16 9:00,2009,8,16,9:00,5.20,,-0.10,,69.00,,25.00,,9.00,,,,100.22,,,,,,NA
2009-8-16 10:00,2009,8,16,10:00,3.80,,0.40,,78.00,,1.00,,11.00,,,,100.22,,,,,,NA
2009-8-16 11:00,2009,8,16,11:00,2.10,,-0.10,,85.00,,5.00,,13.00,,,,100.25,,,,,,NA
2009-8-16 12:00,2009,8,16,12:00,2.40,,0.40,,87.00,,6.00,,9.00,,,,100.26,,,,,,NA
2009-8-16 13:00,2009,8,16,13:00,1.90,,-0.20,,86.00,,7.00,,7.00,,,,100.26,,,,,,NA
2009-8-16 14:00,2009,8,16,14:00,2.50,,0.20,,85.00,,8.00,,4.00,,,,100.24,,,,,,NA
2009-8-16 15:00,2009,8,16,15:00,2.60,,0.10,,84.00,,5.00,,6.00,,,,100.23,,,,,,NA
2009-8-16 16:00,2009,8,16,16:00,3.10,,0.50,,83.00,,5.00,,6.00,,,,100.19,,,,,,NA
2009-8-16 17:00,2009,8,16,17:00,2.40,,-0.20,,83.00,,7.00,,6.00,,,,100.17,,,,,,NA
2009-8-16 18:00,2009,8,16,18:00,7.40,,1.90,,68.00,,25.00,,9.00,,,,100.16,,,,,,NA
2009-8-16 19:00,2009,8,16,19:00,9.70,,2.30,,60.00,,20.00,,35.00,,,,100.12,,,,,,NA
2009-8-16 20:00,2009,8,16,20:00,9.40,,2.20,,61.00,,20.00,,32.00,,,,100.13,,,,,,NA
2009-8-16 21:00,2009,8,16,21:00,8.30,,1.80,,64.00,,20.00,,33.00,,,,100.13,,,,,,NA
2009-8-16 22:00,2009,8,16,22:00,7.70,,1.40,,64.00,,20.00,,35.00,,,,100.12,,,,,,NA
2009-8-16 23:00,2009,8,16,23:00,7.30,,1.30,,66.00,,20.00,,37.00,,,,100.11,,,,,,NA
2009-8-17 0:00,2009,8,17,0:00,7.20,,1.30,,66.00,,20.00,,37.00,,,,100.09,,,,,,NA
2009-8-17 1:00,2009,8,17,1:00,7.20,,1.40,,67.00,,21.00,,35.00,,,,100.10,,,,,,NA
2009-8-17 2:00,2009,8,17,2:00,7.80,,1.90,,66.00,,21.00,,28.00,,,,100.10,,,,,,NA
2009-8-17 3:00,2009,8,17,3:00,8.80,,2.20,,63.00,,23.00,,26.00,,,,100.09,,,,,,NA
2009-8-17 4:00,2009,8,17,4:00,8.60,,2.20,,64.00,,22.00,,26.00,,,,100.10,,,,,,NA
2009-8-17 5:00,2009,8,17,5:00,9.20,,2.60,,63.00,,22.00,,26.00,,,,100.10,,,,,,NA
2009-8-17 6:00,2009,8,17,6:00,9.40,,3.00,,64.00,,24.00,,28.00,,,,100.10,,,,,,NA
2009-8-17 7:00,2009,8,17,7:00,9.70,,3.10,,63.00,,24.00,,28.00,,,,100.09,,,,,,NA
2009-8-17 8:00,2009,8,17,8:00,10.20,,3.20,,62.00,,24.00,,33.00,,,,100.06,,,,,,NA
2009-8-17 9:00,2009,8,17,9:00,10.70,,3.20,,60.00,,23.00,,32.00,,,,100.03,,,,,,NA
2009-8-17 10:00,2009,8,17,10:00,10.70,,3.20,,60.00,,22.00,,33.00,,,,99.97,,,,,,NA
2009-8-17 11:00,2009,8,17,11:00,10.80,,2.70,,57.00,,22.00,,33.00,,,,99.94,,,,,,NA
2009-8-17 12:00,2009,8,17,12:00,11.00,,2.80,,57.00,,22.00,,33.00,,,,99.89,,,,,,NA
2009-8-17 13:00,2009,8,17,13:00,11.00,,3.00,,58.00,,21.00,,37.00,,,,99.89,,,,,,NA
2009-8-17 14:00,2009,8,17,14:00,9.60,,2.60,,62.00,,21.00,,44.00,,,,99.83,,,,,,NA
2009-8-17 15:00,2009,8,17,15:00,11.30,,2.90,,56.00,,22.00,,35.00,,,,99.83,,,,,,NA
2009-8-17 16:00,2009,8,17,16:00,9.90,,2.70,,61.00,,20.00,,37.00,,,,99.82,,,,,,NA
2009-8-17 17:00,2009,8,17,17:00,9.40,,2.70,,63.00,,20.00,,39.00,,,,99.78,,,,,,NA
2009-8-17 18:00,2009,8,17,18:00,10.00,,2.80,,61.00,,21.00,,37.00,,,,99.79,,,,,,NA
2009-8-17 19:00,2009,8,17,19:00,9.70,,2.20,,59.00,,21.00,,33.00,,,,99.77,,,,,,NA
2009-8-17 20:00,2009,8,17,20:00,10.00,,1.80,,57.00,,22.00,,33.00,,,,99.75,,,,,,NA
2009-8-17 21:00,2009,8,17,21:00,8.90,,1.70,,61.00,,22.00,,35.00,,,,99.71,,,,,,NA
2009-8-17 22:00,2009,8,17,22:00,8.50,,1.60,,62.00,,21.00,,39.00,,,,99.71,,,,,,NA
2009-8-17 23:00,2009,8,17,23:00,7.90,,1.70,,65.00,,21.00,,43.00,,,,99.71,,,,,,NA
2009-8-18 0:00,2009,8,18,0:00,7.20,,1.60,,68.00,,20.00,,43.00,,,,99.68,,,,,,NA
2009-8-18 1:00,2009,8,18,1:00,6.90,,1.30,,67.00,,20.00,,44.00,,,,99.68,,,,,,NA
2009-8-18 2:00,2009,8,18,2:00,6.70,,1.40,,69.00,,20.00,,44.00,,,,99.63,,,,,,NA
2009-8-18 3:00,2009,8,18,3:00,6.60,,1.50,,70.00,,21.00,,43.00,,,,99.60,,,,,,NA
2009-8-18 4:00,2009,8,18,4:00,7.50,,1.10,,64.00,,22.00,,39.00,,,,99.57,,,,,,NA
2009-8-18 5:00,2009,8,18,5:00,7.70,,1.30,,64.00,,22.00,,35.00,,,,99.60,,,,,,NA
2009-8-18 6:00,2009,8,18,6:00,7.80,,1.60,,65.00,,21.00,,41.00,,,,99.62,,,,,,NA
2009-8-18 7:00,2009,8,18,7:00,8.10,,1.80,,64.00,,21.00,,41.00,,,,99.59,,,,,,NA
2009-8-18 8:00,2009,8,18,8:00,9.20,,1.40,,58.00,,22.00,,24.00,,,,99.65,,,,,,NA
2009-8-18 9:00,2009,8,18,9:00,8.80,,0.90,,58.00,,22.00,,37.00,,,,99.57,,,,,,NA
2009-8-18 10:00,2009,8,18,10:00,8.30,,1.70,,63.00,,21.00,,35.00,,,,99.56,,,,,,NA
2009-8-18 11:00,2009,8,18,11:00,9.10,,1.60,,59.00,,20.00,,33.00,,,,99.58,,,,,,NA
2009-8-18 12:00,2009,8,18,12:00,9.10,,1.90,,61.00,,20.00,,39.00,,,,99.53,,,,,,NA
2009-8-18 13:00,2009,8,18,13:00,9.90,,1.60,,56.00,,20.00,,43.00,,,,99.48,,,,,,NA
2009-8-18 14:00,2009,8,18,14:00,9.90,,1.10,,54.00,,21.00,,35.00,,,,99.48,,,,,,NA
2009-8-18 15:00,2009,8,18,15:00,10.40,,1.10,,52.00,,20.00,,35.00,,,,99.47,,,,,,NA
2009-8-18 16:00,2009,8,18,16:00,10.50,,1.60,,54.00,,19.00,,37.00,,,,99.49,,,,,,NA
2009-8-18 17:00,2009,8,18,17:00,10.20,,0.90,,52.00,,20.00,,41.00,,,,99.47,,,,,,NA
2009-8-18 18:00,2009,8,18,18:00,9.50,,0.60,,54.00,,20.00,,43.00,,,,99.46,,,,,,NA
2009-8-18 19:00,2009,8,18,19:00,9.20,,-0.10,,52.00,,21.00,,44.00,,,,99.42,,,,,,NA
2009-8-18 20:00,2009,8,18,20:00,8.60,,-0.40,,53.00,,19.00,,44.00,,,,99.44,,,,,,NA
2009-8-18 21:00,2009,8,18,21:00,7.90,,-0.20,,57.00,,17.00,,26.00,,,,99.48,,,,,,NA
2009-8-18 22:00,2009,8,18,22:00,7.70,,-0.50,,56.00,,19.00,,37.00,,,,99.43,,,,,,NA
2009-8-18 23:00,2009,8,18,23:00,7.90,,-0.60,,55.00,,19.00,,32.00,,,,99.45,,,,,,NA
2009-8-19 0:00,2009,8,19,0:00,7.80,,-0.70,,55.00,,20.00,,39.00,,,,99.42,,,,,,NA
2009-8-19 1:00,2009,8,19,1:00,8.00,,-1.00,,53.00,,22.00,,30.00,,,,99.42,,,,,,NA
2009-8-19 2:00,2009,8,19,2:00,7.40,,-0.80,,56.00,,21.00,,35.00,,,,99.44,,,,,,NA
2009-8-19 3:00,2009,8,19,3:00,7.60,,-0.40,,57.00,,20.00,,20.00,,,,99.46,,,,,,NA
2009-8-19 4:00,2009,8,19,4:00,8.50,,-1.00,,51.00,,22.00,,32.00,,,,99.41,,,,,,NA
2009-8-19 5:00,2009,8,19,5:00,8.90,,-0.50,,52.00,,23.00,,26.00,,,,99.48,,,,,,NA
2009-8-19 6:00,2009,8,19,6:00,9.10,,0.00,,53.00,,23.00,,30.00,,,,99.51,,,,,,NA
2009-8-19 7:00,2009,8,19,7:00,10.10,,0.50,,51.00,,24.00,,26.00,,,,99.54,,,,,,NA
2009-8-19 8:00,2009,8,19,8:00,10.80,,0.70,,50.00,,23.00,,26.00,,,,99.58,,,,,,NA
2009-8-19 9:00,2009,8,19,9:00,6.20,,0.30,,66.00,,35.00,,11.00,,,,99.63,,,,,,NA
2009-8-19 10:00,2009,8,19,10:00,2.60,,-0.40,,81.00,,8.00,,11.00,,,,99.70,,,,,,NA
2009-8-19 11:00,2009,8,19,11:00,2.50,,-0.30,,82.00,,7.00,,9.00,,,,99.75,,,,,,NA
2009-8-19 12:00,2009,8,19,12:00,2.60,,-0.10,,82.00,,8.00,,9.00,,,,99.80,,,,,,NA
2009-8-19 13:00,2009,8,19,13:00,2.40,,-0.30,,82.00,,10.00,,7.00,,,,99.88,,,,,,NA
2009-8-19 14:00,2009,8,19,14:00,3.70,,0.10,,77.00,,12.00,,4.00,,,,99.93,,,,,,NA
2009-8-19 15:00,2009,8,19,15:00,5.50,,0.10,,68.00,,33.00,,6.00,,,,99.99,,,,,,NA
2009-8-19 16:00,2009,8,19,16:00,2.80,,-0.20,,81.00,,5.00,,13.00,,,,100.08,,,,,,NA
2009-8-19 17:00,2009,8,19,17:00,1.70,,-0.10,,88.00,,8.00,,11.00,,,,100.14,,,,,,NA
2009-8-19 18:00,2009,8,19,18:00,1.50,,0.10,,90.00,,9.00,,9.00,,,,100.20,,,,,,NA
2009-8-19 19:00,2009,8,19,19:00,1.40,,0.20,,92.00,,9.00,,6.00,,,,100.25,,,,,,NA
2009-8-19 20:00,2009,8,19,20:00,2.80,,1.20,,89.00,,34.00,,4.00,,,,100.28,,,,,,NA
2009-8-19 21:00,2009,8,19,21:00,2.60,,1.20,,90.00,,33.00,,6.00,,,,100.29,,,,,,NA
2009-8-19 22:00,2009,8,19,22:00,2.40,,1.00,,90.00,,31.00,,4.00,,,,100.31,,,,,,NA
2009-8-19 23:00,2009,8,19,23:00,1.40,,0.70,,95.00,,8.00,,7.00,,,,100.32,,,,,,NA
2009-8-20 0:00,2009,8,20,0:00,0.70,,0.30,,97.00,,7.00,,9.00,,,,100.33,,,,,,NA
2009-8-20 1:00,2009,8,20,1:00,0.60,,0.30,,98.00,,9.00,,6.00,,,,100.31,,,,,,NA
2009-8-20 2:00,2009,8,20,2:00,0.60,,0.40,,99.00,,7.00,,6.00,,,,100.32,,,,,,NA
2009-8-20 3:00,2009,8,20,3:00,0.70,,0.50,,99.00,,8.00,,7.00,,,,100.32,,,,,,NA
2009-8-20 4:00,2009,8,20,4:00,0.60,,0.40,,99.00,,6.00,,7.00,,,,100.33,,,,,,NA
2009-8-20 5:00,2009,8,20,5:00,0.50,,0.30,,99.00,,8.00,,11.00,,,,100.33,,,,,,NA
2009-8-20 6:00,2009,8,20,6:00,0.90,,0.70,,99.00,,8.00,,11.00,,,,100.32,,,,,,NA
2009-8-20 7:00,2009,8,20,7:00,1.00,,0.80,,99.00,,5.00,,6.00,,,,100.29,,,,,,NA
2009-8-20 8:00,2009,8,20,8:00,2.10,,1.90,,99.00,,28.00,,9.00,,,,100.25,,,,,,NA
2009-8-20 9:00,2009,8,20,9:00,4.30,,3.90,,97.00,,21.00,,2.00,,,,100.22,,,,,,NA
2009-8-20 10:00,2009,8,20,10:00,7.60,,3.00,,73.00,,25.00,,9.00,,,,100.18,,,,,,NA
2009-8-20 11:00,2009,8,20,11:00,8.60,,1.90,,63.00,,27.00,,19.00,,,,100.16,,,,,,NA
2009-8-20 12:00,2009,8,20,12:00,5.90,,1.50,,73.00,,1.00,,7.00,,,,100.18,,,,,,NA
2009-8-20 13:00,2009,8,20,13:00,1.90,,-0.30,,85.00,,1.00,,15.00,,,,100.20,,,,,,NA
2009-8-20 14:00,2009,8,20,14:00,1.50,,-0.20,,88.00,,35.00,,15.00,,,,100.25,,,,,,NA
2009-8-20 15:00,2009,8,20,15:00,1.90,,0.10,,88.00,,1.00,,7.00,,,,100.28,,,,,,NA
2009-8-20 16:00,2009,8,20,16:00,0.60,,-0.80,,90.00,,5.00,,6.00,,,,100.33,,,,,,NA
2009-8-20 17:00,2009,8,20,17:00,1.20,,-0.60,,88.00,,2.00,,6.00,,,,100.35,,,,,,NA
2009-8-20 18:00,2009,8,20,18:00,1.90,,-0.70,,83.00,,1.00,,7.00,,,,100.35,,,,,,NA
2009-8-20 19:00,2009,8,20,19:00,1.10,,-1.10,,85.00,,2.00,,7.00,,,,100.37,,,,,,NA
2009-8-20 20:00,2009,8,20,20:00,0.60,,-1.30,,87.00,,6.00,,7.00,,,,100.37,,,,,,NA
2009-8-20 21:00,2009,8,20,21:00,1.00,,-1.00,,86.00,,4.00,,7.00,,,,100.33,,,,,,NA
2009-8-20 22:00,2009,8,20,22:00,0.50,,-1.10,,89.00,,4.00,,7.00,,,,100.31,,,,,,NA
2009-8-20 23:00,2009,8,20,23:00,0.40,,-1.10,,90.00,,7.00,,9.00,,,,100.25,,,,,,NA
2009-8-21 0:00,2009,8,21,0:00,0.20,,-1.50,,88.00,,4.00,,6.00,,,,100.22,,,,,,NA
2009-8-21 1:00,2009,8,21,1:00,0.00,,-1.70,,88.00,,3.00,,2.00,,,,100.17,,,,,,NA
2009-8-21 2:00,2009,8,21,2:00,4.30,,0.10,,74.00,,25.00,,7.00,,,,100.14,,,,,,NA
2009-8-21 3:00,2009,8,21,3:00,6.40,,1.10,,69.00,,21.00,,22.00,,,,100.09,,,,,,NA
2009-8-21 4:00,2009,8,21,4:00,6.50,,1.10,,68.00,,20.00,,24.00,,,,100.07,,,,,,NA
2009-8-21 5:00,2009,8,21,5:00,6.90,,1.20,,67.00,,19.00,,24.00,,,,100.06,,,,,,NA
2009-8-21 6:00,2009,8,21,6:00,7.30,,1.30,,66.00,,19.00,,26.00,,,,100.03,,,,,,NA
2009-8-21 7:00,2009,8,21,7:00,7.00,,1.00,,66.00,,19.00,,30.00,,,,100.01,,,,,,NA
2009-8-21 8:00,2009,8,21,8:00,7.60,,1.20,,64.00,,20.00,,26.00,,,,99.98,,,,,,NA
2009-8-21 9:00,2009,8,21,9:00,7.70,,1.00,,63.00,,18.00,,30.00,,,,99.93,,,,,,NA
2009-8-21 10:00,2009,8,21,10:00,8.40,,0.10,,56.00,,18.00,,28.00,,,,99.93,,,,,,NA
2009-8-21 11:00,2009,8,21,11:00,8.80,,0.50,,56.00,,19.00,,26.00,,,,99.90,,,,,,NA
2009-8-21 12:00,2009,8,21,12:00,9.30,,0.50,,54.00,,19.00,,22.00,,,,99.86,,,,,,NA
2009-8-21 13:00,2009,8,21,13:00,9.40,,0.00,,52.00,,20.00,,26.00,,,,99.85,,,,,,NA
2009-8-21 14:00,2009,8,21,14:00,9.70,,0.30,,52.00,,18.00,,19.00,,,,99.85,,,,,,NA
2009-8-21 15:00,2009,8,21,15:00,9.80,,0.50,,52.00,,20.00,,22.00,,,,99.81,,,,,,NA
2009-8-21 16:00,2009,8,21,16:00,9.50,,0.90,,55.00,,20.00,,30.00,,,,99.81,,,,,,NA
2009-8-21 17:00,2009,8,21,17:00,8.20,,1.10,,61.00,,19.00,,19.00,,,,99.87,,,,,,NA
2009-8-21 18:00,2009,8,21,18:00,1.80,,-0.80,,83.00,,35.00,,19.00,,,,99.96,,,,,,NA
2009-8-21 19:00,2009,8,21,19:00,0.40,,-1.50,,87.00,,13.00,,2.00,,,,100.05,,,,,,NA
2009-8-21 20:00,2009,8,21,20:00,0.60,,-1.10,,88.00,,6.00,,4.00,,,,100.12,,,,,,NA
2009-8-21 21:00,2009,8,21,21:00,0.50,,-0.80,,91.00,,10.00,,9.00,,,,100.17,,,,,,NA
2009-8-21 22:00,2009,8,21,22:00,0.30,,-0.90,,92.00,,9.00,,7.00,,,,100.20,,,,,,NA
2009-8-21 23:00,2009,8,21,23:00,-0.50,,-1.40,,94.00,,8.00,,9.00,,,,100.25,,,,,,NA
2009-8-22 0:00,2009,8,22,0:00,-0.20,,-1.20,,93.00,,10.00,,9.00,,,,100.32,,,,,,NA
2009-8-22 1:00,2009,8,22,1:00,0.40,,-0.60,,93.00,,6.00,,6.00,,,,100.38,,,,,,NA
2009-8-22 2:00,2009,8,22,2:00,1.10,,-0.90,,86.00,,32.00,,24.00,,,,100.39,,,,,,NA
2009-8-22 3:00,2009,8,22,3:00,0.90,,-0.90,,88.00,,33.00,,19.00,,,,100.43,,,,,,NA
2009-8-22 4:00,2009,8,22,4:00,1.00,,-0.70,,88.00,,33.00,,19.00,,,,100.47,,,,,,NA
2009-8-22 5:00,2009,8,22,5:00,0.90,,-0.90,,88.00,,33.00,,22.00,,,,100.51,,,,,,NA
2009-8-22 6:00,2009,8,22,6:00,0.80,,-1.40,,85.00,,32.00,,26.00,,,,100.55,,,,,,NA
2009-8-22 7:00,2009,8,22,7:00,0.80,,-1.30,,86.00,,32.00,,28.00,,,,100.56,,,,,,NA
2009-8-22 8:00,2009,8,22,8:00,0.70,,-1.50,,85.00,,34.00,,32.00,,,,100.59,,,,,,NA
2009-8-22 9:00,2009,8,22,9:00,0.20,,-1.60,,88.00,,34.00,,30.00,,,,100.63,,,,,,NA
2009-8-22 10:00,2009,8,22,10:00,-0.20,,-1.80,,89.00,,35.00,,26.00,,,,100.69,,,,-6.00,,NA
2009-8-22 11:00,2009,8,22,11:00,-0.40,,-2.00,,89.00,,35.00,,20.00,,,,100.73,,,,-6.00,,NA
2009-8-22 12:00,2009,8,22,12:00,-0.20,,-1.90,,88.00,,34.00,,20.00,,,,100.75,,,,-5.00,,NA
2009-8-22 13:00,2009,8,22,13:00,-0.20,,-2.40,,85.00,,35.00,,15.00,,,,100.80,,,,-5.00,,NA
2009-8-22 14:00,2009,8,22,14:00,-0.50,,-2.30,,88.00,,35.00,,19.00,,,,100.81,,,,-6.00,,NA
2009-8-22 15:00,2009,8,22,15:00,-0.30,,-2.50,,85.00,,34.00,,24.00,,,,100.84,,,,-6.00,,NA
2009-8-22 16:00,2009,8,22,16:00,-0.50,,-2.60,,86.00,,35.00,,19.00,,,,100.87,,,,-6.00,,NA
2009-8-22 17:00,2009,8,22,17:00,-0.70,,-3.10,,84.00,,35.00,,20.00,,,,100.88,,,,-6.00,,NA
2009-8-22 18:00,2009,8,22,18:00,-1.10,,-2.80,,88.00,,1.00,,13.00,,,,100.92,,,,-5.00,,NA
2009-8-22 19:00,2009,8,22,19:00,-1.50,,-2.80,,91.00,,1.00,,19.00,,,,100.97,,,,-7.00,,NA
2009-8-22 20:00,2009,8,22,20:00,-2.00,,-3.20,,91.00,,36.00,,20.00,,,,101.03,,,,-8.00,,NA
2009-8-22 21:00,2009,8,22,21:00,-2.10,,-3.20,,92.00,,1.00,,17.00,,,,101.06,,,,-7.00,,NA
2009-8-22 22:00,2009,8,22,22:00,-2.30,,-3.30,,93.00,,35.00,,15.00,,,,101.07,,,,-7.00,,NA
2009-8-22 23:00,2009,8,22,23:00,-2.20,,-2.90,,95.00,,33.00,,7.00,,,,101.06,,,,,,NA
2009-8-23 0:00,2009,8,23,0:00,-2.50,,-3.20,,95.00,,35.00,,11.00,,,,101.07,,,,-7.00,,NA
2009-8-23 1:00,2009,8,23,1:00,-2.60,,-3.50,,94.00,,35.00,,15.00,,,,101.10,,,,-8.00,,NA
2009-8-23 2:00,2009,8,23,2:00,-2.50,,-3.30,,94.00,,36.00,,15.00,,,,101.11,,,,-7.00,,NA
2009-8-23 3:00,2009,8,23,3:00,-2.40,,-3.30,,94.00,,35.00,,11.00,,,,101.13,,,,-6.00,,NA
2009-8-23 4:00,2009,8,23,4:00,-2.50,,-3.30,,94.00,,36.00,,7.00,,,,101.16,,,,,,NA
2009-8-23 5:00,2009,8,23,5:00,-2.50,,-3.40,,94.00,,35.00,,9.00,,,,101.20,,,,,,NA
2009-8-23 6:00,2009,8,23,6:00,-2.50,,-3.30,,94.00,,34.00,,11.00,,,,101.20,,,,-7.00,,NA
2009-8-23 7:00,2009,8,23,7:00,-2.40,,-3.20,,94.00,,33.00,,7.00,,,,101.23,,,,,,NA
2009-8-23 8:00,2009,8,23,8:00,-2.10,,-3.00,,94.00,,34.00,,9.00,,,,101.24,,,,,,NA
2009-8-23 9:00,2009,8,23,9:00,-2.00,,-3.00,,93.00,,34.00,,11.00,,,,101.24,,,,-6.00,,NA
2009-8-23 10:00,2009,8,23,10:00,-2.00,,-3.00,,93.00,,35.00,,9.00,,,,101.24,,,,,,NA
2009-8-23 11:00,2009,8,23,11:00,-2.10,,-3.00,,94.00,,36.00,,9.00,,,,101.23,,,,,,NA
2009-8-23 12:00,2009,8,23,12:00,-2.00,,-2.90,,94.00,,35.00,,9.00,,,,101.25,,,,,,NA
2009-8-23 13:00,2009,8,23,13:00,-1.90,,-2.80,,94.00,,35.00,,7.00,,,,101.25,,,,,,NA
2009-8-23 14:00,2009,8,23,14:00,-2.10,,-2.90,,94.00,,33.00,,6.00,,,,101.26,,,,,,NA
2009-8-23 15:00,2009,8,23,15:00,-1.90,,-2.90,,93.00,,33.00,,7.00,,,,101.28,,,,,,NA
2009-8-23 16:00,2009,8,23,16:00,-1.80,,-2.90,,92.00,,35.00,,7.00,,,,101.30,,,,,,NA
2009-8-23 17:00,2009,8,23,17:00,-1.70,,-3.00,,91.00,,33.00,,7.00,,,,101.30,,,,,,NA
2009-8-23 18:00,2009,8,23,18:00,-1.60,,-3.40,,87.00,,34.00,,7.00,,,,101.31,,,,,,NA
2009-8-23 19:00,2009,8,23,19:00,-1.80,,-4.30,,83.00,,34.00,,9.00,,,,101.31,,,,,,NA
2009-8-23 20:00,2009,8,23,20:00,-2.00,,-4.50,,83.00,,1.00,,6.00,,,,101.31,,,,,,NA
2009-8-23 21:00,2009,8,23,21:00,-2.20,,-4.60,,84.00,,35.00,,4.00,,,,101.30,,,,,,NA
2009-8-23 22:00,2009,8,23,22:00,-2.20,,-4.60,,84.00,,35.00,,6.00,,,,101.31,,,,,,NA
2009-8-23 23:00,2009,8,23,23:00,-2.40,,-4.40,,86.00,,36.00,,2.00,,,,101.29,,,,,,NA
2009-8-24 0:00,2009,8,24,0:00,-2.50,,-5.10,,82.00,,33.00,,2.00,,,,101.27,,,,,,NA
2009-8-24 1:00,2009,8,24,1:00,-2.40,,-5.00,,82.00,,33.00,,4.00,,,,101.27,,,,,,NA
2009-8-24 2:00,2009,8,24,2:00,-3.00,,-5.60,,82.00,,34.00,,6.00,,,,101.27,,,,,,NA
2009-8-24 3:00,2009,8,24,3:00,-3.20,,-5.70,,83.00,,33.00,,4.00,,,,101.26,,,,,,NA
2009-8-24 4:00,2009,8,24,4:00,-3.30,,-5.20,,87.00,,4.00,,4.00,,,,101.26,,,,,,NA
2009-8-24 5:00,2009,8,24,5:00,-3.40,,-6.10,,82.00,,35.00,,2.00,,,,101.27,,,,,,NA
2009-8-24 6:00,2009,8,24,6:00,-3.30,,-5.50,,85.00,,33.00,,6.00,,,,101.27,,,,,,NA
2009-8-24 7:00,2009,8,24,7:00,-3.00,,-5.40,,83.00,,35.00,,4.00,,,,101.28,,,,,,NA
2009-8-24 8:00,2009,8,24,8:00,-2.60,,-5.90,,78.00,,8.00,,6.00,,,,101.27,,,,,,NA
2009-8-24 9:00,2009,8,24,9:00,-2.40,,-5.50,,79.00,,11.00,,2.00,,,,101.27,,,,,,NA
2009-8-24 10:00,2009,8,24,10:00,-1.90,,-5.20,,78.00,,9.00,,2.00,,,,101.24,,,,,,NA
2009-8-24 11:00,2009,8,24,11:00,-2.00,,-5.00,,80.00,,8.00,,6.00,,,,101.23,,,,,,NA
2009-8-24 12:00,2009,8,24,12:00,-1.00,,-5.00,,74.00,,10.00,,4.00,,,,101.23,,,,,,NA
2009-8-24 13:00,2009,8,24,13:00,0.00,,-6.30,,63.00,,11.00,,2.00,,,,101.23,,,,,,NA
2009-8-24 14:00,2009,8,24,14:00,-0.70,,-5.00,,73.00,,8.00,,6.00,,,,101.23,,,,,,NA
2009-8-24 15:00,2009,8,24,15:00,-0.30,,-6.30,,64.00,,8.00,,6.00,,,,101.23,,,,,,NA
2009-8-24 16:00,2009,8,24,16:00,0.10,,-7.10,,58.00,,8.00,,6.00,,,,101.24,,,,,,NA
2009-8-24 17:00,2009,8,24,17:00,-0.30,,-5.60,,67.00,,10.00,,6.00,,,,101.25,,,,,,NA
2009-8-24 18:00,2009,8,24,18:00,0.10,,-6.40,,62.00,,14.00,,2.00,,,,101.26,,,,,,NA
2009-8-24 19:00,2009,8,24,19:00,0.10,,-5.10,,68.00,,11.00,,2.00,,,,101.27,,,,,,NA
2009-8-24 20:00,2009,8,24,20:00,0.40,,-3.80,,73.00,,0.00,,0.00,,,,101.30,,,,,,NA
2009-8-24 21:00,2009,8,24,21:00,-0.10,,-3.50,,78.00,,15.00,,4.00,,,,101.31,,,,,,NA
2009-8-24 22:00,2009,8,24,22:00,1.10,,-2.80,,75.00,,25.00,,2.00,,,,101.33,,,,,,NA
2009-8-24 23:00,2009,8,24,23:00,1.00,,-2.00,,80.00,,18.00,,4.00,,,,101.33,,,,,,NA
2009-8-25 0:00,2009,8,25,0:00,0.90,,-0.60,,90.00,,20.00,,4.00,,,,101.32,,,,,,NA
2009-8-25 1:00,2009,8,25,1:00,1.40,,-0.30,,88.00,,27.00,,6.00,,,,101.31,,,,,,NA
2009-8-25 2:00,2009,8,25,2:00,1.80,,-1.40,,79.00,,26.00,,9.00,,,,101.33,,,,,,NA
2009-8-25 3:00,2009,8,25,3:00,1.10,,-1.30,,84.00,,36.00,,2.00,,,,101.35,,,,,,NA
2009-8-25 4:00,2009,8,25,4:00,1.10,,-0.60,,88.00,,23.00,,4.00,,,,101.37,,,,,,NA
2009-8-25 5:00,2009,8,25,5:00,2.60,,-0.90,,78.00,,27.00,,4.00,,,,101.39,,,,,,NA
2009-8-25 6:00,2009,8,25,6:00,2.20,,-1.30,,78.00,,5.00,,4.00,,,,101.44,,,,,,NA
2009-8-25 7:00,2009,8,25,7:00,2.10,,-0.80,,81.00,,15.00,,2.00,,,,101.45,,,,,,NA
2009-8-25 8:00,2009,8,25,8:00,3.30,,-0.20,,78.00,,0.00,,0.00,,,,101.44,,,,,,NA
2009-8-25 9:00,2009,8,25,9:00,3.10,,-0.20,,79.00,,6.00,,4.00,,,,101.44,,,,,,NA
2009-8-25 10:00,2009,8,25,10:00,2.90,,-0.30,,79.00,,6.00,,6.00,,,,101.45,,,,,,NA
2009-8-25 11:00,2009,8,25,11:00,1.80,,-0.60,,84.00,,6.00,,6.00,,,,101.46,,,,,,NA
2009-8-25 12:00,2009,8,25,12:00,2.70,,-0.30,,81.00,,9.00,,4.00,,,,101.46,,,,,,NA
2009-8-25 13:00,2009,8,25,13:00,4.00,,0.00,,75.00,,8.00,,4.00,,,,101.47,,,,,,NA
2009-8-25 14:00,2009,8,25,14:00,3.40,,-0.10,,78.00,,5.00,,6.00,,,,101.47,,,,,,NA
2009-8-25 15:00,2009,8,25,15:00,3.40,,-0.20,,77.00,,7.00,,6.00,,,,101.47,,,,,,NA
2009-8-25 16:00,2009,8,25,16:00,3.50,,-0.10,,77.00,,7.00,,6.00,,,,101.49,,,,,,NA
2009-8-25 17:00,2009,8,25,17:00,3.40,,-0.10,,78.00,,9.00,,6.00,,,,101.50,,,,,,NA
2009-8-25 18:00,2009,8,25,18:00,3.10,,-0.20,,79.00,,7.00,,6.00,,,,101.52,,,,,,NA
2009-8-25 19:00,2009,8,25,19:00,4.00,,0.70,,79.00,,7.00,,2.00,,,,101.53,,,,,,NA
2009-8-25 20:00,2009,8,25,20:00,3.60,,0.70,,81.00,,25.00,,4.00,,,,101.54,,,,,,NA
2009-8-25 21:00,2009,8,25,21:00,2.20,,-0.30,,84.00,,32.00,,15.00,,,,101.56,,,,,,NA
2009-8-25 22:00,2009,8,25,22:00,2.10,,-0.40,,83.00,,33.00,,4.00,,,,101.58,,,,,,NA
2009-8-25 23:00,2009,8,25,23:00,2.50,,-0.10,,83.00,,24.00,,2.00,,,,101.60,,,,,,NA
2009-8-26 0:00,2009,8,26,0:00,2.60,,-0.50,,80.00,,19.00,,2.00,,,,101.61,,,,,,NA
2009-8-26 1:00,2009,8,26,1:00,2.70,,-0.60,,79.00,,19.00,,2.00,,,,101.59,,,,,,NA
2009-8-26 2:00,2009,8,26,2:00,3.00,,-0.50,,78.00,,0.00,,0.00,,,,101.60,,,,,,NA
2009-8-26 3:00,2009,8,26,3:00,3.00,,0.20,,82.00,,10.00,,2.00,,,,101.58,,,,,,NA
2009-8-26 4:00,2009,8,26,4:00,2.80,,0.60,,85.00,,7.00,,6.00,,,,101.57,,,,,,NA
2009-8-26 5:00,2009,8,26,5:00,2.70,,0.60,,86.00,,9.00,,7.00,,,,101.57,,,,,,NA
2009-8-26 6:00,2009,8,26,6:00,2.60,,-0.20,,82.00,,7.00,,9.00,,,,101.58,,,,,,NA
2009-8-26 7:00,2009,8,26,7:00,2.60,,0.10,,84.00,,7.00,,4.00,,,,101.59,,,,,,NA
2009-8-26 8:00,2009,8,26,8:00,2.40,,0.00,,84.00,,8.00,,4.00,,,,101.57,,,,,,NA
2009-8-26 9:00,2009,8,26,9:00,2.20,,-0.10,,85.00,,11.00,,2.00,,,,101.56,,,,,,NA
2009-8-26 10:00,2009,8,26,10:00,2.10,,0.50,,89.00,,17.00,,2.00,,,,101.53,,,,,,NA
2009-8-26 11:00,2009,8,26,11:00,2.10,,1.10,,93.00,,6.00,,6.00,,,,101.51,,,,,,NA
2009-8-26 12:00,2009,8,26,12:00,2.00,,0.90,,92.00,,0.00,,0.00,,,,101.50,,,,,,NA
2009-8-26 13:00,2009,8,26,13:00,3.10,,1.90,,92.00,,31.00,,2.00,,,,101.50,,,,,,NA
2009-8-26 14:00,2009,8,26,14:00,3.20,,2.30,,94.00,,6.00,,6.00,,,,101.47,,,,,,NA
2009-8-26 15:00,2009,8,26,15:00,2.40,,1.50,,94.00,,12.00,,2.00,,,,101.47,,,,,,NA
2009-8-26 16:00,2009,8,26,16:00,2.80,,2.20,,96.00,,22.00,,2.00,,,,101.44,,,,,,NA
2009-8-26 17:00,2009,8,26,17:00,4.00,,3.10,,94.00,,28.00,,6.00,,,,101.41,,,,,,NA
2009-8-26 18:00,2009,8,26,18:00,1.70,,0.90,,94.00,,7.00,,7.00,,,,101.43,,,,,,NA
2009-8-26 19:00,2009,8,26,19:00,3.20,,2.50,,95.00,,0.00,,0.00,,,,101.40,,,,,,NA
2009-8-26 20:00,2009,8,26,20:00,2.40,,1.60,,94.00,,0.00,,0.00,,,,101.40,,,,,,NA
2009-8-26 21:00,2009,8,26,21:00,1.60,,0.60,,93.00,,2.00,,2.00,,,,101.39,,,,,,NA
2009-8-26 22:00,2009,8,26,22:00,0.80,,-0.20,,93.00,,0.00,,0.00,,,,101.37,,,,,,NA
2009-8-26 23:00,2009,8,26,23:00,1.80,,1.00,,94.00,,28.00,,2.00,,,,101.36,,,,,,NA
2009-8-27 0:00,2009,8,27,0:00,1.40,,0.90,,96.00,,27.00,,4.00,,,,101.34,,,,,,NA
2009-8-27 1:00,2009,8,27,1:00,1.00,,0.50,,96.00,,23.00,,2.00,,,,101.31,,,,,,NA
2009-8-27 2:00,2009,8,27,2:00,1.70,,1.20,,96.00,,27.00,,6.00,,,,101.30,,,,,,NA
2009-8-27 3:00,2009,8,27,3:00,2.70,,0.20,,84.00,,26.00,,6.00,,,,101.28,,,,,,NA
2009-8-27 4:00,2009,8,27,4:00,4.80,,0.70,,75.00,,21.00,,9.00,,,,101.29,,,,,,NA
2009-8-27 5:00,2009,8,27,5:00,4.90,,0.60,,74.00,,22.00,,7.00,,,,101.29,,,,,,NA
2009-8-27 6:00,2009,8,27,6:00,4.60,,0.70,,76.00,,19.00,,4.00,,,,101.31,,,,,,NA
2009-8-27 7:00,2009,8,27,7:00,6.20,,2.10,,75.00,,23.00,,4.00,,,,101.32,,,,,,NA
2009-8-27 8:00,2009,8,27,8:00,6.20,,2.10,,75.00,,28.00,,6.00,,,,101.33,,,,,,NA
2009-8-27 9:00,2009,8,27,9:00,5.90,,2.00,,76.00,,0.00,,0.00,,,,101.33,,,,,,NA
2009-8-27 10:00,2009,8,27,10:00,5.80,,2.80,,81.00,,12.00,,2.00,,,,101.33,,,,,,NA
2009-8-27 11:00,2009,8,27,11:00,3.30,,1.20,,86.00,,9.00,,4.00,,,,101.32,,,,,,NA
2009-8-27 12:00,2009,8,27,12:00,6.30,,1.20,,70.00,,9.00,,4.00,,,,101.31,,,,,,NA
2009-8-27 13:00,2009,8,27,13:00,5.00,,2.10,,81.00,,8.00,,4.00,,,,101.28,,,,,,NA
2009-8-27 14:00,2009,8,27,14:00,5.80,,2.50,,79.00,,8.00,,6.00,,,,101.25,,,,,,NA
2009-8-27 15:00,2009,8,27,15:00,5.00,,2.20,,82.00,,8.00,,4.00,,,,101.26,,,,,,NA
2009-8-27 16:00,2009,8,27,16:00,3.70,,0.50,,80.00,,8.00,,6.00,,,,101.25,,,,,,NA
2009-8-27 17:00,2009,8,27,17:00,4.90,,1.40,,78.00,,6.00,,7.00,,,,101.23,,,,,,NA
2009-8-27 18:00,2009,8,27,18:00,4.30,,0.80,,78.00,,6.00,,7.00,,,,101.23,,,,,,NA
2009-8-27 19:00,2009,8,27,19:00,4.20,,0.70,,78.00,,7.00,,4.00,,,,101.23,,,,,,NA
2009-8-27 20:00,2009,8,27,20:00,5.20,,1.20,,75.00,,0.00,,0.00,,,,101.20,,,,,,NA
2009-8-27 21:00,2009,8,27,21:00,2.90,,0.50,,84.00,,19.00,,2.00,,,,101.19,,,,,,NA
2009-8-27 22:00,2009,8,27,22:00,1.40,,-0.70,,86.00,,8.00,,2.00,,,,101.15,,,,,,NA
2009-8-27 23:00,2009,8,27,23:00,1.10,,-1.30,,84.00,,11.00,,2.00,,,,101.12,,,,,,NA
2009-8-28 0:00,2009,8,28,0:00,3.50,,1.30,,85.00,,0.00,,0.00,,,,101.08,,,,,,NA
2009-8-28 1:00,2009,8,28,1:00,0.60,,-1.10,,88.00,,0.00,,0.00,,,,101.06,,,,,,NA
2009-8-28 2:00,2009,8,28,2:00,2.00,,0.10,,87.00,,0.00,,0.00,,,,101.03,,,,,,NA
2009-8-28 3:00,2009,8,28,3:00,1.80,,0.30,,90.00,,27.00,,6.00,,,,101.02,,,,,,NA
2009-8-28 4:00,2009,8,28,4:00,0.80,,-1.50,,85.00,,19.00,,2.00,,,,100.99,,,,,,NA
2009-8-28 5:00,2009,8,28,5:00,2.50,,0.30,,85.00,,12.00,,2.00,,,,100.96,,,,,,NA
2009-8-28 6:00,2009,8,28,6:00,3.80,,0.70,,80.00,,28.00,,4.00,,,,100.93,,,,,,NA
2009-8-28 7:00,2009,8,28,7:00,2.20,,0.00,,85.00,,0.00,,0.00,,,,100.90,,,,,,NA
2009-8-28 8:00,2009,8,28,8:00,3.10,,0.70,,84.00,,9.00,,4.00,,,,100.86,,,,,,NA
2009-8-28 9:00,2009,8,28,9:00,5.70,,1.40,,74.00,,7.00,,4.00,,,,100.82,,,,,,NA
2009-8-28 10:00,2009,8,28,10:00,5.50,,1.10,,73.00,,10.00,,4.00,,,,100.80,,,,,,NA
2009-8-28 11:00,2009,8,28,11:00,7.30,,1.00,,64.00,,25.00,,7.00,,,,100.76,,,,,,NA
2009-8-28 12:00,2009,8,28,12:00,10.00,,1.40,,55.00,,25.00,,19.00,,,,100.72,,,,,,NA
2009-8-28 13:00,2009,8,28,13:00,10.20,,1.60,,55.00,,25.00,,19.00,,,,100.71,,,,,,NA
2009-8-28 14:00,2009,8,28,14:00,6.10,,1.60,,73.00,,21.00,,4.00,,,,100.72,,,,,,NA
2009-8-28 15:00,2009,8,28,15:00,5.20,,1.00,,74.00,,6.00,,7.00,,,,100.72,,,,,,NA
2009-8-28 16:00,2009,8,28,16:00,6.20,,1.20,,70.00,,5.00,,7.00,,,,100.69,,,,,,NA
2009-8-28 17:00,2009,8,28,17:00,6.70,,1.30,,68.00,,6.00,,6.00,,,,100.70,,,,,,NA
2009-8-28 18:00,2009,8,28,18:00,6.50,,1.90,,72.00,,23.00,,4.00,,,,100.70,,,,,,NA
2009-8-28 19:00,2009,8,28,19:00,9.10,,1.40,,59.00,,25.00,,15.00,,,,100.68,,,,,,NA
2009-8-28 20:00,2009,8,28,20:00,8.40,,1.70,,63.00,,26.00,,19.00,,,,100.67,,,,,,NA
2009-8-28 21:00,2009,8,28,21:00,3.00,,-0.50,,78.00,,19.00,,6.00,,,,100.70,,,,,,NA
2009-8-28 22:00,2009,8,28,22:00,4.30,,0.80,,78.00,,26.00,,7.00,,,,100.71,,,,,,NA
2009-8-28 23:00,2009,8,28,23:00,4.90,,0.70,,74.00,,26.00,,4.00,,,,100.72,,,,,,NA
2009-8-29 0:00,2009,8,29,0:00,5.60,,1.00,,72.00,,25.00,,4.00,,,,100.70,,,,,,NA
2009-8-29 1:00,2009,8,29,1:00,4.50,,0.20,,74.00,,33.00,,4.00,,,,100.72,,,,,,NA
2009-8-29 2:00,2009,8,29,2:00,3.10,,0.00,,80.00,,7.00,,4.00,,,,100.78,,,,,,NA
2009-8-29 3:00,2009,8,29,3:00,4.60,,1.10,,78.00,,10.00,,2.00,,,,100.82,,,,,,NA
2009-8-29 4:00,2009,8,29,4:00,3.90,,1.30,,83.00,,36.00,,4.00,,,,100.88,,,,,,NA
2009-8-29 5:00,2009,8,29,5:00,4.30,,1.60,,83.00,,26.00,,2.00,,,,100.90,,,,,,NA
2009-8-29 6:00,2009,8,29,6:00,5.10,,1.40,,77.00,,13.00,,6.00,,,,100.92,,,,,,NA
2009-8-29 7:00,2009,8,29,7:00,6.10,,1.40,,72.00,,22.00,,6.00,,,,100.94,,,,,,NA
2009-8-29 8:00,2009,8,29,8:00,3.40,,1.50,,87.00,,1.00,,11.00,,,,100.98,,,,,,NA
2009-8-29 9:00,2009,8,29,9:00,2.00,,1.20,,94.00,,4.00,,9.00,,,,101.03,,,,,,NA
2009-8-29 10:00,2009,8,29,10:00,1.90,,0.90,,93.00,,7.00,,11.00,,,,101.06,,,,,,NA
2009-8-29 11:00,2009,8,29,11:00,1.40,,0.70,,95.00,,7.00,,6.00,,,,101.08,,,,,,NA
2009-8-29 12:00,2009,8,29,12:00,1.60,,1.10,,96.00,,8.00,,9.00,,,,101.10,,,,,,NA
2009-8-29 13:00,2009,8,29,13:00,0.70,,0.40,,98.00,,9.00,,13.00,,,,101.12,,,,,,NA
2009-8-29 14:00,2009,8,29,14:00,0.30,,0.00,,98.00,,8.00,,11.00,,,,101.14,,,,,,NA
2009-8-29 15:00,2009,8,29,15:00,0.20,,-0.20,,97.00,,7.00,,6.00,,,,101.17,,,,,,NA
2009-8-29 16:00,2009,8,29,16:00,0.20,,-0.20,,97.00,,7.00,,6.00,,,,101.19,,,,,,NA
2009-8-29 17:00,2009,8,29,17:00,0.30,,-0.30,,96.00,,5.00,,4.00,,,,101.19,,,,,,NA
2009-8-29 18:00,2009,8,29,18:00,0.20,,-0.40,,96.00,,6.00,,4.00,,,,101.18,,,,,,NA
2009-8-29 19:00,2009,8,29,19:00,0.10,,-0.60,,95.00,,5.00,,4.00,,,,101.13,,,,,,NA
2009-8-29 20:00,2009,8,29,20:00,0.10,,-0.50,,96.00,,5.00,,4.00,,,,101.11,,,,,,NA
2009-8-29 21:00,2009,8,29,21:00,-0.10,,-0.60,,96.00,,4.00,,6.00,,,,101.05,,,,,,NA
2009-8-29 22:00,2009,8,29,22:00,-0.20,,-0.50,,98.00,,6.00,,6.00,,,,100.98,,,,,,NA
2009-8-29 23:00,2009,8,29,23:00,-0.30,,-0.50,,99.00,,6.00,,7.00,,,,100.91,,,,,,NA
2009-8-30 0:00,2009,8,30,0:00,-0.30,,-0.50,,99.00,,9.00,,11.00,,,,100.81,,,,-4.00,,NA
2009-8-30 1:00,2009,8,30,1:00,-0.30,,-0.50,,99.00,,9.00,,13.00,,,,100.72,,,,-4.00,,NA
2009-8-30 2:00,2009,8,30,2:00,-0.80,,-0.90,,99.00,,9.00,,15.00,,,,100.67,,,,-5.00,,NA
2009-8-30 3:00,2009,8,30,3:00,-0.80,,-0.90,,99.00,,10.00,,11.00,,,,100.61,,,,-5.00,,NA
2009-8-30 4:00,2009,8,30,4:00,-0.60,,-0.70,,99.00,,8.00,,15.00,,,,100.53,,,,-5.00,,NA
2009-8-30 5:00,2009,8,30,5:00,-0.80,,-0.90,,99.00,,8.00,,15.00,,,,100.47,,,,-5.00,,NA
2009-8-30 6:00,2009,8,30,6:00,-1.20,,-1.30,,99.00,,7.00,,13.00,,,,100.41,,,,-5.00,,NA
2009-8-30 7:00,2009,8,30,7:00,-0.80,,-0.90,,99.00,,9.00,,13.00,,,,100.33,,,,-5.00,,NA
2009-8-30 8:00,2009,8,30,8:00,-0.80,,-0.90,,99.00,,8.00,,13.00,,,,100.27,,,,-5.00,,NA
2009-8-30 9:00,2009,8,30,9:00,-1.10,,-1.20,,99.00,,8.00,,15.00,,,,100.18,,,,-6.00,,NA
2009-8-30 10:00,2009,8,30,10:00,-1.00,,-1.10,,99.00,,8.00,,11.00,,,,100.10,,,,-5.00,,NA
2009-8-30 11:00,2009,8,30,11:00,-0.50,,-0.60,,99.00,,34.00,,4.00,,,,100.00,,,,,,NA
2009-8-30 12:00,2009,8,30,12:00,-0.30,,-0.40,,99.00,,0.00,,0.00,,,,99.92,,,,,,NA
2009-8-30 13:00,2009,8,30,13:00,0.00,,-0.10,,99.00,,9.00,,4.00,,,,99.85,,,,,,NA
2009-8-30 14:00,2009,8,30,14:00,0.50,,0.30,,99.00,,16.00,,4.00,,,,99.81,,,,,,NA
2009-8-30 15:00,2009,8,30,15:00,1.20,,0.90,,98.00,,12.00,,2.00,,,,99.76,,,,,,NA
2009-8-30 16:00,2009,8,30,16:00,0.30,,-0.60,,94.00,,5.00,,6.00,,,,99.74,,,,,,NA
2009-8-30 17:00,2009,8,30,17:00,7.40,,1.70,,67.00,,24.00,,32.00,,,,99.70,,,,,,NA
2009-8-30 18:00,2009,8,30,18:00,7.10,,1.30,,67.00,,24.00,,30.00,,,,99.68,,,,,,NA
2009-8-30 19:00,2009,8,30,19:00,6.60,,0.20,,64.00,,23.00,,37.00,,,,99.65,,,,,,NA
2009-8-30 20:00,2009,8,30,20:00,6.20,,0.20,,65.00,,23.00,,37.00,,,,99.63,,,,,,NA
2009-8-30 21:00,2009,8,30,21:00,5.70,,-0.40,,65.00,,23.00,,33.00,,,,99.64,,,,,,NA
2009-8-30 22:00,2009,8,30,22:00,4.90,,-0.90,,66.00,,24.00,,37.00,,,,99.60,,,,,,NA
2009-8-30 23:00,2009,8,30,23:00,4.90,,-1.20,,65.00,,24.00,,37.00,,,,99.57,,,,,,NA
2009-8-31 0:00,2009,8,31,0:00,4.50,,-1.10,,67.00,,24.00,,43.00,,,,99.51,,,,,,NA
2009-8-31 1:00,2009,8,31,1:00,4.90,,-0.90,,66.00,,23.00,,44.00,,,,99.48,,,,,,NA
2009-8-31 2:00,2009,8,31,2:00,4.40,,-1.00,,68.00,,24.00,,44.00,,,,99.47,,,,,,NA
2009-8-31 3:00,2009,8,31,3:00,4.40,,-1.10,,67.00,,24.00,,43.00,,,,99.51,,,,,,NA
2009-8-31 4:00,2009,8,31,4:00,4.40,,-1.60,,65.00,,25.00,,39.00,,,,99.56,,,,,,NA
2009-8-31 5:00,2009,8,31,5:00,4.50,,-1.90,,63.00,,24.00,,37.00,,,,99.56,,,,,,NA
2009-8-31 6:00,2009,8,31,6:00,4.90,,-1.80,,62.00,,25.00,,39.00,,,,99.57,,,,,,NA
2009-8-31 7:00,2009,8,31,7:00,5.20,,-1.80,,61.00,,25.00,,43.00,,,,99.61,,,,,,NA
2009-8-31 8:00,2009,8,31,8:00,5.80,,-1.90,,58.00,,24.00,,37.00,,,,99.62,,,,,,NA
2009-8-31 9:00,2009,8,31,9:00,6.30,,-1.70,,57.00,,24.00,,39.00,,,,99.63,,,,,,NA
2009-8-31 10:00,2009,8,31,10:00,6.70,,-1.70,,55.00,,24.00,,39.00,,,,99.64,,,,,,NA
2009-8-31 11:00,2009,8,31,11:00,7.10,,-1.60,,54.00,,24.00,,37.00,,,,99.65,,,,,,NA
2009-8-31 12:00,2009,8,31,12:00,7.40,,-1.40,,54.00,,24.00,,33.00,,,,99.69,,,,,,NA
2009-8-31 13:00,2009,8,31,13:00,7.60,,-1.50,,52.00,,24.00,,37.00,,,,99.68,,,,,,NA
2009-8-31 14:00,2009,8,31,14:00,7.60,,-1.60,,52.00,,24.00,,35.00,,,,99.69,,,,,,NA
2009-8-31 15:00,2009,8,31,15:00,6.70,,-1.10,,57.00,,27.00,,24.00,,,,99.75,,,,,,NA
2009-8-31 16:00,2009,8,31,16:00,6.20,,-0.70,,61.00,,29.00,,11.00,,,,99.77,,,,,,NA
2009-8-31 17:00,2009,8,31,17:00,4.40,,-0.50,,70.00,,35.00,,6.00,,,,99.77,,,,,,NA
2009-8-31 18:00,2009,8,31,18:00,3.30,,-0.60,,76.00,,6.00,,4.00,,,,99.78,,,,,,NA
2009-8-31 19:00,2009,8,31,19:00,2.30,,-1.10,,78.00,,4.00,,4.00,,,,99.80,,,,,,NA
2009-8-31 20:00,2009,8,31,20:00,1.30,,-1.30,,83.00,,0.00,,0.00,,,,99.81,,,,,,NA
2009-8-31 21:00,2009,8,31,21:00,1.50,,-1.20,,82.00,,28.00,,6.00,,,,99.82,,,,,,NA
2009-8-31 22:00,2009,8,31,22:00,0.00,,-2.10,,86.00,,34.00,,4.00,,,,99.83,,,,,,NA
2009-8-31 23:00,2009,8,31,23:00,-2.00,,-2.80,,94.00,,6.00,,2.00,,,,99.84,,,,,,NA
















