2009-5-1 0:00,2009,5,1,0:00,-20.50,,-22.50,,84.00,,34.00,,19.00,,,,100.69,,,,-31.00,,NA
2009-5-1 1:00,2009,5,1,1:00,-20.30,,-22.30,,84.00,,28.00,,4.00,,,,100.65,,,,,,NA
2009-5-1 2:00,2009,5,1,2:00,-20.10,,-22.20,,83.00,,28.00,,2.00,,,,100.59,,,,,,NA
2009-5-1 3:00,2009,5,1,3:00,-19.80,,-21.70,,85.00,,33.00,,7.00,,,,100.52,,,,,,NA
2009-5-1 4:00,2009,5,1,4:00,-19.90,,-21.90,,84.00,,26.00,,4.00,,,,100.50,,,,,,NA
2009-5-1 5:00,2009,5,1,5:00,-19.70,,-21.60,,85.00,,32.00,,6.00,,,,100.45,,,,,,NA
2009-5-1 6:00,2009,5,1,6:00,-19.50,,-21.50,,84.00,,26.00,,7.00,,,,100.39,,,,,,NA
2009-5-1 7:00,2009,5,1,7:00,-18.70,,-20.60,,85.00,,27.00,,4.00,,,,100.33,,,,,,NA
2009-5-1 8:00,2009,5,1,8:00,-17.70,,-19.90,,83.00,,0.00,,0.00,,,,100.25,,,,,,NA
2009-5-1 9:00,2009,5,1,9:00,-18.80,,-20.90,,83.00,,6.00,,7.00,,,,100.18,,,,,,NA
2009-5-1 10:00,2009,5,1,10:00,-18.60,,-20.70,,83.00,,8.00,,6.00,,,,100.10,,,,,,NA
2009-5-1 11:00,2009,5,1,11:00,-18.70,,-20.90,,83.00,,8.00,,7.00,,,,100.03,,,,,,NA
2009-5-1 12:00,2009,5,1,12:00,-18.50,,-20.80,,82.00,,8.00,,6.00,,,,99.95,,,,,,NA
2009-5-1 13:00,2009,5,1,13:00,-18.50,,-20.90,,81.00,,6.00,,4.00,,,,99.89,,,,,,NA
2009-5-1 14:00,2009,5,1,14:00,-16.90,,-20.60,,73.00,,19.00,,2.00,,,,99.85,,,,,,NA
2009-5-1 15:00,2009,5,1,15:00,-18.00,,-21.40,,75.00,,8.00,,2.00,,,,99.81,,,,,,NA
2009-5-1 16:00,2009,5,1,16:00,-17.70,,-20.80,,77.00,,0.00,,0.00,,,,99.80,,,,,,NA
2009-5-1 17:00,2009,5,1,17:00,-18.60,,-21.90,,75.00,,29.00,,4.00,,,,99.78,,,,,,NA
2009-5-1 18:00,2009,5,1,18:00,-19.10,,-21.70,,80.00,,32.00,,7.00,,,,99.79,,,,,,NA
2009-5-1 19:00,2009,5,1,19:00,-18.40,,-20.60,,83.00,,27.00,,6.00,,,,99.80,,,,,,NA
2009-5-1 20:00,2009,5,1,20:00,-18.50,,-20.60,,83.00,,25.00,,6.00,,,,99.80,,,,,,NA
2009-5-1 21:00,2009,5,1,21:00,-19.50,,-22.20,,79.00,,27.00,,6.00,,,,99.80,,,,,,NA
2009-5-1 22:00,2009,5,1,22:00,-19.50,,-22.40,,78.00,,27.00,,4.00,,,,99.75,,,,,,NA
2009-5-1 23:00,2009,5,1,23:00,-18.10,,-20.70,,80.00,,0.00,,0.00,,,,99.70,,,,,,NA
2009-5-2 0:00,2009,5,2,0:00,-18.40,,-21.20,,79.00,,9.00,,4.00,,,,99.68,,,,,,NA
2009-5-2 1:00,2009,5,2,1:00,-17.80,,-21.00,,76.00,,7.00,,2.00,,,,99.65,,,,,,NA
2009-5-2 2:00,2009,5,2,2:00,-20.20,,-22.80,,80.00,,27.00,,4.00,,,,99.63,,,,,,NA
2009-5-2 3:00,2009,5,2,3:00,-18.80,,-21.30,,81.00,,5.00,,4.00,,,,99.65,,,,,,NA
2009-5-2 4:00,2009,5,2,4:00,-19.10,,-21.50,,81.00,,6.00,,2.00,,,,99.66,,,,,,NA
2009-5-2 5:00,2009,5,2,5:00,-19.20,,-21.90,,79.00,,0.00,,0.00,,,,99.65,,,,,,NA
2009-5-2 6:00,2009,5,2,6:00,-19.70,,-21.90,,83.00,,35.00,,4.00,,,,99.66,,,,,,NA
2009-5-2 7:00,2009,5,2,7:00,-19.70,,-22.00,,82.00,,0.00,,0.00,,,,99.64,,,,,,NA
2009-5-2 8:00,2009,5,2,8:00,-19.30,,-21.10,,86.00,,7.00,,6.00,,,,99.65,,,,,,NA
2009-5-2 9:00,2009,5,2,9:00,-18.80,,-20.90,,83.00,,10.00,,4.00,,,,99.64,,,,,,NA
2009-5-2 10:00,2009,5,2,10:00,-17.30,,-19.40,,84.00,,9.00,,4.00,,,,99.60,,,,,,NA
2009-5-2 11:00,2009,5,2,11:00,-17.40,,-19.40,,84.00,,8.00,,4.00,,,,99.59,,,,,,NA
2009-5-2 12:00,2009,5,2,12:00,-16.80,,-18.90,,84.00,,9.00,,4.00,,,,99.53,,,,,,NA
2009-5-2 13:00,2009,5,2,13:00,-16.50,,-18.50,,84.00,,11.00,,2.00,,,,99.50,,,,,,NA
2009-5-2 14:00,2009,5,2,14:00,-15.90,,-17.60,,87.00,,7.00,,6.00,,,,99.45,,,,,,NA
2009-5-2 15:00,2009,5,2,15:00,-15.80,,-17.50,,87.00,,6.00,,7.00,,,,99.43,,,,,,NA
2009-5-2 16:00,2009,5,2,16:00,-15.60,,-17.30,,87.00,,31.00,,4.00,,,,99.40,,,,,,NA
2009-5-2 17:00,2009,5,2,17:00,-15.80,,-17.60,,86.00,,2.00,,4.00,,,,99.37,,,,,,NA
2009-5-2 18:00,2009,5,2,18:00,-16.10,,-17.80,,87.00,,32.00,,6.00,,,,99.33,,,,,,NA
2009-5-2 19:00,2009,5,2,19:00,-16.50,,-18.20,,87.00,,35.00,,6.00,,,,99.29,,,,,,NA
2009-5-2 20:00,2009,5,2,20:00,-17.00,,-18.70,,87.00,,34.00,,6.00,,,,99.23,,,,,,NA
2009-5-2 21:00,2009,5,2,21:00,-17.70,,-19.50,,86.00,,2.00,,6.00,,,,99.22,,,,,,NA
2009-5-2 22:00,2009,5,2,22:00,-18.10,,-19.90,,86.00,,32.00,,7.00,,,,99.17,,,,,,NA
2009-5-2 23:00,2009,5,2,23:00,-18.50,,-20.40,,85.00,,29.00,,7.00,,,,99.12,,,,,,NA
2009-5-3 0:00,2009,5,3,0:00,-19.30,,-21.20,,85.00,,29.00,,7.00,,,,99.08,,,,,,NA
2009-5-3 1:00,2009,5,3,1:00,-19.90,,-21.90,,84.00,,30.00,,6.00,,,,99.04,,,,,,NA
2009-5-3 2:00,2009,5,3,2:00,-19.90,,-21.90,,84.00,,28.00,,4.00,,,,99.00,,,,,,NA
2009-5-3 3:00,2009,5,3,3:00,-20.80,,-23.00,,82.00,,28.00,,7.00,,,,98.97,,,,,,NA
2009-5-3 4:00,2009,5,3,4:00,-21.50,,-23.80,,82.00,,27.00,,6.00,,,,98.94,,,,,,NA
2009-5-3 5:00,2009,5,3,5:00,-21.40,,-23.60,,82.00,,27.00,,7.00,,,,98.93,,,,,,NA
2009-5-3 6:00,2009,5,3,6:00,-21.60,,-23.90,,82.00,,27.00,,9.00,,,,98.90,,,,,,NA
2009-5-3 7:00,2009,5,3,7:00,-20.00,,-22.10,,83.00,,27.00,,6.00,,,,98.87,,,,,,NA
2009-5-3 8:00,2009,5,3,8:00,-16.20,,-17.90,,87.00,,0.00,,0.00,,,,98.87,,,,,,NA
2009-5-3 9:00,2009,5,3,9:00,-18.80,,-20.90,,83.00,,10.00,,4.00,,,,98.86,,,,,,NA
2009-5-3 10:00,2009,5,3,10:00,-19.30,,-21.50,,83.00,,8.00,,7.00,,,,98.86,,,,,,NA
2009-5-3 11:00,2009,5,3,11:00,-19.00,,-21.30,,82.00,,7.00,,4.00,,,,98.82,,,,,,NA
2009-5-3 12:00,2009,5,3,12:00,-18.20,,-20.30,,84.00,,10.00,,4.00,,,,98.84,,,,,,NA
2009-5-3 13:00,2009,5,3,13:00,-17.40,,-19.60,,83.00,,21.00,,2.00,,,,98.83,,,,,,NA
2009-5-3 14:00,2009,5,3,14:00,-17.20,,-19.80,,80.00,,23.00,,2.00,,,,98.82,,,,,,NA
2009-5-3 15:00,2009,5,3,15:00,-17.80,,-20.00,,83.00,,2.00,,9.00,,,,98.88,,,,,,NA
2009-5-3 16:00,2009,5,3,16:00,-18.00,,-20.10,,84.00,,34.00,,9.00,,,,99.00,,,,,,NA
2009-5-3 17:00,2009,5,3,17:00,-17.80,,-20.00,,83.00,,27.00,,11.00,,,,99.10,,,,-25.00,,NA
2009-5-3 18:00,2009,5,3,18:00,-17.60,,-19.70,,84.00,,28.00,,6.00,,,,99.18,,,,,,NA
2009-5-3 19:00,2009,5,3,19:00,-17.60,,-19.90,,82.00,,33.00,,6.00,,,,99.32,,,,,,NA
2009-5-3 20:00,2009,5,3,20:00,-19.30,,-21.70,,81.00,,27.00,,9.00,,,,99.41,,,,,,NA
2009-5-3 21:00,2009,5,3,21:00,-18.90,,-21.20,,82.00,,27.00,,6.00,,,,99.47,,,,,,NA
2009-5-3 22:00,2009,5,3,22:00,-18.70,,-20.60,,85.00,,5.00,,6.00,,,,99.52,,,,,,NA
2009-5-3 23:00,2009,5,3,23:00,-18.80,,-20.80,,84.00,,0.00,,0.00,,,,99.57,,,,,,NA
2009-5-4 0:00,2009,5,4,0:00,-19.30,,-21.30,,84.00,,10.00,,2.00,,,,99.65,,,,,,NA
2009-5-4 1:00,2009,5,4,1:00,-18.80,,-20.70,,85.00,,5.00,,4.00,,,,99.74,,,,,,NA
2009-5-4 2:00,2009,5,4,2:00,-20.70,,-22.60,,85.00,,28.00,,6.00,,,,99.78,,,,,,NA
2009-5-4 3:00,2009,5,4,3:00,-18.50,,-20.50,,84.00,,0.00,,0.00,,,,99.83,,,,,,NA
2009-5-4 4:00,2009,5,4,4:00,-17.50,,-19.50,,84.00,,0.00,,0.00,,,,99.85,,,,,,NA
2009-5-4 5:00,2009,5,4,5:00,-19.00,,-21.10,,83.00,,10.00,,4.00,,,,99.92,,,,,,NA
2009-5-4 6:00,2009,5,4,6:00,-19.40,,-21.80,,81.00,,35.00,,2.00,,,,99.95,,,,,,NA
2009-5-4 7:00,2009,5,4,7:00,-19.70,,-21.90,,83.00,,27.00,,2.00,,,,100.00,,,,,,NA
2009-5-4 8:00,2009,5,4,8:00,-18.50,,-21.10,,80.00,,0.00,,0.00,,,,100.02,,,,,,NA
2009-5-4 9:00,2009,5,4,9:00,-17.40,,-20.40,,77.00,,0.00,,0.00,,,,100.03,,,,,,NA
2009-5-4 10:00,2009,5,4,10:00,-18.60,,-21.80,,76.00,,0.00,,0.00,,,,100.05,,,,,,NA
2009-5-4 11:00,2009,5,4,11:00,-18.40,,-21.20,,79.00,,23.00,,4.00,,,,100.04,,,,,,NA
2009-5-4 12:00,2009,5,4,12:00,-18.70,,-21.10,,81.00,,6.00,,6.00,,,,100.07,,,,,,NA
2009-5-4 13:00,2009,5,4,13:00,-18.20,,-21.30,,77.00,,31.00,,4.00,,,,100.09,,,,,,NA
2009-5-4 14:00,2009,5,4,14:00,-18.00,,-20.70,,79.00,,32.00,,6.00,,,,100.09,,,,,,NA
2009-5-4 15:00,2009,5,4,15:00,-18.20,,-20.80,,80.00,,33.00,,4.00,,,,100.13,,,,,,NA
2009-5-4 16:00,2009,5,4,16:00,-18.30,,-21.30,,77.00,,31.00,,4.00,,,,100.15,,,,,,NA
2009-5-4 17:00,2009,5,4,17:00,-18.80,,-20.70,,85.00,,34.00,,6.00,,,,100.18,,,,,,NA
2009-5-4 18:00,2009,5,4,18:00,-18.60,,-20.40,,86.00,,31.00,,6.00,,,,100.19,,,,,,NA
2009-5-4 19:00,2009,5,4,19:00,-20.40,,-22.20,,85.00,,33.00,,7.00,,,,100.21,,,,,,NA
2009-5-4 20:00,2009,5,4,20:00,-19.80,,-21.80,,84.00,,33.00,,7.00,,,,100.22,,,,,,NA
2009-5-4 21:00,2009,5,4,21:00,-18.50,,-20.00,,88.00,,1.00,,4.00,,,,100.22,,,,,,NA
2009-5-4 22:00,2009,5,4,22:00,-18.50,,-20.30,,86.00,,22.00,,2.00,,,,100.26,,,,,,NA
2009-5-4 23:00,2009,5,4,23:00,-18.70,,-20.50,,86.00,,20.00,,4.00,,,,100.25,,,,,,NA
2009-5-5 0:00,2009,5,5,0:00,-19.70,,-21.50,,86.00,,20.00,,7.00,,,,100.23,,,,,,NA
2009-5-5 1:00,2009,5,5,1:00,-19.90,,-21.80,,85.00,,15.00,,4.00,,,,100.26,,,,,,NA
2009-5-5 2:00,2009,5,5,2:00,-19.30,,-21.20,,85.00,,16.00,,6.00,,,,100.26,,,,,,NA
2009-5-5 3:00,2009,5,5,3:00,-20.40,,-22.40,,84.00,,20.00,,6.00,,,,100.26,,,,,,NA
2009-5-5 4:00,2009,5,5,4:00,-19.60,,-21.50,,85.00,,17.00,,2.00,,,,100.25,,,,,,NA
2009-5-5 5:00,2009,5,5,5:00,-19.80,,-21.70,,85.00,,27.00,,4.00,,,,100.25,,,,,,NA
2009-5-5 6:00,2009,5,5,6:00,-19.50,,-21.40,,85.00,,27.00,,4.00,,,,100.28,,,,,,NA
2009-5-5 7:00,2009,5,5,7:00,-19.20,,-21.10,,85.00,,27.00,,6.00,,,,100.27,,,,,,NA
2009-5-5 8:00,2009,5,5,8:00,-18.50,,-20.30,,86.00,,27.00,,6.00,,,,100.26,,,,,,NA
2009-5-5 9:00,2009,5,5,9:00,-17.70,,-19.50,,86.00,,28.00,,2.00,,,,100.23,,,,,,NA
2009-5-5 10:00,2009,5,5,10:00,-16.90,,-18.70,,86.00,,24.00,,2.00,,,,100.21,,,,,,NA
2009-5-5 11:00,2009,5,5,11:00,-16.60,,-18.30,,87.00,,3.00,,2.00,,,,100.22,,,,,,NA
2009-5-5 12:00,2009,5,5,12:00,-16.80,,-18.50,,87.00,,32.00,,4.00,,,,100.20,,,,,,NA
2009-5-5 13:00,2009,5,5,13:00,-16.60,,-18.30,,87.00,,28.00,,6.00,,,,100.18,,,,,,NA
2009-5-5 14:00,2009,5,5,14:00,-16.30,,-18.00,,87.00,,30.00,,4.00,,,,100.20,,,,,,NA
2009-5-5 15:00,2009,5,5,15:00,-16.30,,-18.00,,87.00,,31.00,,4.00,,,,100.23,,,,,,NA
2009-5-5 16:00,2009,5,5,16:00,-16.80,,-18.50,,87.00,,27.00,,9.00,,,,100.23,,,,,,NA
2009-5-5 17:00,2009,5,5,17:00,-16.90,,-18.60,,87.00,,29.00,,7.00,,,,100.22,,,,,,NA
2009-5-5 18:00,2009,5,5,18:00,-16.80,,-18.50,,87.00,,29.00,,6.00,,,,100.25,,,,,,NA
2009-5-5 19:00,2009,5,5,19:00,-13.20,,-14.20,,92.00,,32.00,,6.00,,,,100.24,,,,,,NA
2009-5-5 20:00,2009,5,5,20:00,-17.90,,-19.60,,87.00,,33.00,,6.00,,,,100.27,,,,,,NA
2009-5-5 21:00,2009,5,5,21:00,-18.40,,-20.20,,86.00,,32.00,,9.00,,,,100.28,,,,,,NA
2009-5-5 22:00,2009,5,5,22:00,-18.60,,-20.40,,86.00,,30.00,,4.00,,,,100.29,,,,,,NA
2009-5-5 23:00,2009,5,5,23:00,-18.70,,-20.50,,86.00,,33.00,,2.00,,,,100.29,,,,,,NA
2009-5-6 0:00,2009,5,6,0:00,-18.80,,-20.70,,85.00,,20.00,,2.00,,,,100.29,,,,,,NA
2009-5-6 1:00,2009,5,6,1:00,-19.10,,-21.00,,85.00,,0.00,,0.00,,,,100.34,,,,,,NA
2009-5-6 2:00,2009,5,6,2:00,-20.10,,-22.10,,84.00,,19.00,,7.00,,,,100.37,,,,,,NA
2009-5-6 3:00,2009,5,6,3:00,-19.50,,-21.50,,84.00,,20.00,,4.00,,,,100.36,,,,,,NA
2009-5-6 4:00,2009,5,6,4:00,-19.20,,-21.10,,85.00,,9.00,,4.00,,,,100.38,,,,,,NA
2009-5-6 5:00,2009,5,6,5:00,-18.50,,-20.40,,85.00,,13.00,,2.00,,,,100.41,,,,,,NA
2009-5-6 6:00,2009,5,6,6:00,-19.40,,-21.20,,86.00,,0.00,,0.00,,,,100.40,,,,,,NA
2009-5-6 7:00,2009,5,6,7:00,-18.50,,-20.50,,84.00,,8.00,,4.00,,,,100.45,,,,,,NA
2009-5-6 8:00,2009,5,6,8:00,-16.50,,-18.00,,88.00,,0.00,,0.00,,,,100.47,,,,,,NA
2009-5-6 9:00,2009,5,6,9:00,-17.80,,-19.70,,85.00,,0.00,,0.00,,,,100.49,,,,,,NA
2009-5-6 10:00,2009,5,6,10:00,-17.20,,-19.00,,86.00,,0.00,,0.00,,,,100.49,,,,,,NA
2009-5-6 11:00,2009,5,6,11:00,-17.50,,-19.90,,82.00,,10.00,,4.00,,,,100.53,,,,,,NA
2009-5-6 12:00,2009,5,6,12:00,-16.90,,-19.60,,80.00,,0.00,,0.00,,,,100.55,,,,,,NA
2009-5-6 13:00,2009,5,6,13:00,-16.70,,-19.60,,78.00,,30.00,,2.00,,,,100.56,,,,,,NA
2009-5-6 14:00,2009,5,6,14:00,-17.90,,-20.40,,81.00,,9.00,,4.00,,,,100.58,,,,,,NA
2009-5-6 15:00,2009,5,6,15:00,-17.00,,-20.30,,75.00,,6.00,,2.00,,,,100.61,,,,,,NA
2009-5-6 16:00,2009,5,6,16:00,-17.10,,-19.90,,79.00,,5.00,,2.00,,,,100.63,,,,,,NA
2009-5-6 17:00,2009,5,6,17:00,-16.20,,-19.80,,74.00,,0.00,,0.00,,,,100.65,,,,,,NA
2009-5-6 18:00,2009,5,6,18:00,-16.90,,-19.50,,80.00,,9.00,,2.00,,,,100.67,,,,,,NA
2009-5-6 19:00,2009,5,6,19:00,-16.80,,-19.40,,80.00,,9.00,,2.00,,,,100.71,,,,,,NA
2009-5-6 20:00,2009,5,6,20:00,-16.90,,-19.40,,81.00,,0.00,,0.00,,,,100.74,,,,,,NA
2009-5-6 21:00,2009,5,6,21:00,-16.90,,-19.40,,81.00,,25.00,,2.00,,,,100.76,,,,,,NA
2009-5-6 22:00,2009,5,6,22:00,-17.10,,-19.40,,82.00,,29.00,,4.00,,,,100.79,,,,,,NA
2009-5-6 23:00,2009,5,6,23:00,-17.30,,-19.30,,84.00,,28.00,,7.00,,,,100.80,,,,,,NA
2009-5-7 0:00,2009,5,7,0:00,-17.20,,-19.10,,85.00,,27.00,,6.00,,,,100.83,,,,,,NA
2009-5-7 1:00,2009,5,7,1:00,-17.20,,-18.90,,87.00,,28.00,,4.00,,,,100.88,,,,,,NA
2009-5-7 2:00,2009,5,7,2:00,-17.40,,-19.60,,83.00,,28.00,,4.00,,,,100.90,,,,,,NA
2009-5-7 3:00,2009,5,7,3:00,-17.80,,-19.80,,84.00,,27.00,,6.00,,,,100.94,,,,,,NA
2009-5-7 4:00,2009,5,7,4:00,-17.80,,-19.80,,84.00,,28.00,,7.00,,,,100.96,,,,,,NA
2009-5-7 5:00,2009,5,7,5:00,-17.50,,-19.20,,87.00,,27.00,,6.00,,,,100.98,,,,,,NA
2009-5-7 6:00,2009,5,7,6:00,-17.10,,-18.80,,87.00,,28.00,,4.00,,,,101.00,,,,,,NA
2009-5-7 7:00,2009,5,7,7:00,-16.60,,-18.30,,87.00,,26.00,,4.00,,,,101.02,,,,,,NA
2009-5-7 8:00,2009,5,7,8:00,-16.40,,-18.30,,85.00,,25.00,,2.00,,,,101.05,,,,,,NA
2009-5-7 9:00,2009,5,7,9:00,-15.30,,-18.20,,78.00,,6.00,,2.00,,,,101.07,,,,,,NA
2009-5-7 10:00,2009,5,7,10:00,-14.80,,-17.90,,77.00,,0.00,,0.00,,,,101.09,,,,,,NA
2009-5-7 11:00,2009,5,7,11:00,-15.50,,-18.50,,78.00,,3.00,,2.00,,,,101.10,,,,,,NA
2009-5-7 12:00,2009,5,7,12:00,-15.30,,-18.70,,75.00,,9.00,,2.00,,,,101.11,,,,,,NA
2009-5-7 13:00,2009,5,7,13:00,-14.30,,-18.20,,72.00,,20.00,,2.00,,,,101.12,,,,,,NA
2009-5-7 14:00,2009,5,7,14:00,-14.90,,-19.90,,66.00,,27.00,,2.00,,,,101.14,,,,,,NA
2009-5-7 15:00,2009,5,7,15:00,-15.40,,-19.80,,69.00,,28.00,,2.00,,,,101.16,,,,,,NA
2009-5-7 16:00,2009,5,7,16:00,-15.50,,-19.80,,70.00,,0.00,,0.00,,,,101.18,,,,,,NA
2009-5-7 17:00,2009,5,7,17:00,-15.00,,-19.20,,70.00,,0.00,,0.00,,,,101.19,,,,,,NA
2009-5-7 18:00,2009,5,7,18:00,-15.90,,-19.40,,74.00,,27.00,,4.00,,,,101.23,,,,,,NA
2009-5-7 19:00,2009,5,7,19:00,-16.40,,-19.90,,74.00,,27.00,,2.00,,,,101.23,,,,,,NA
2009-5-7 20:00,2009,5,7,20:00,-17.00,,-20.10,,77.00,,27.00,,4.00,,,,101.25,,,,,,NA
2009-5-7 21:00,2009,5,7,21:00,-17.20,,-19.80,,80.00,,28.00,,2.00,,,,101.28,,,,,,NA
2009-5-7 22:00,2009,5,7,22:00,-17.70,,-20.60,,78.00,,27.00,,4.00,,,,101.30,,,,,,NA
2009-5-7 23:00,2009,5,7,23:00,-17.60,,-20.10,,81.00,,27.00,,6.00,,,,101.31,,,,,,NA
2009-5-8 0:00,2009,5,8,0:00,-16.90,,-20.30,,75.00,,0.00,,0.00,,,,101.31,,,,,,NA
2009-5-8 1:00,2009,5,8,1:00,-18.60,,-21.60,,77.00,,27.00,,4.00,,,,101.31,,,,,,NA
2009-5-8 2:00,2009,5,8,2:00,-18.10,,-20.80,,79.00,,26.00,,4.00,,,,101.30,,,,,,NA
2009-5-8 3:00,2009,5,8,3:00,-17.90,,-21.30,,75.00,,30.00,,2.00,,,,101.31,,,,,,NA
2009-5-8 4:00,2009,5,8,4:00,-17.30,,-20.70,,75.00,,28.00,,2.00,,,,101.32,,,,,,NA
2009-5-8 5:00,2009,5,8,5:00,-17.60,,-20.40,,79.00,,27.00,,2.00,,,,101.31,,,,,,NA
2009-5-8 6:00,2009,5,8,6:00,-19.00,,-22.00,,77.00,,26.00,,6.00,,,,101.29,,,,,,NA
2009-5-8 7:00,2009,5,8,7:00,-18.00,,-21.50,,74.00,,29.00,,2.00,,,,101.26,,,,,,NA
2009-5-8 8:00,2009,5,8,8:00,-17.80,,-21.60,,72.00,,34.00,,4.00,,,,101.26,,,,,,NA
2009-5-8 9:00,2009,5,8,9:00,-18.20,,-21.20,,77.00,,28.00,,6.00,,,,101.24,,,,,,NA
2009-5-8 10:00,2009,5,8,10:00,-17.80,,-20.50,,79.00,,27.00,,9.00,,,,101.19,,,,,,NA
2009-5-8 11:00,2009,5,8,11:00,-17.00,,-19.70,,80.00,,27.00,,9.00,,,,101.15,,,,,,NA
2009-5-8 12:00,2009,5,8,12:00,-15.90,,-18.90,,78.00,,27.00,,7.00,,,,101.12,,,,,,NA
2009-5-8 13:00,2009,5,8,13:00,-15.70,,-18.70,,78.00,,28.00,,11.00,,,,101.05,,,,-22.00,,NA
2009-5-8 14:00,2009,5,8,14:00,-15.50,,-18.50,,78.00,,28.00,,9.00,,,,100.99,,,,,,NA
2009-5-8 15:00,2009,5,8,15:00,-16.20,,-19.20,,78.00,,28.00,,7.00,,,,100.92,,,,,,NA
2009-5-8 16:00,2009,5,8,16:00,-15.00,,-17.50,,81.00,,33.00,,15.00,,,,100.84,,,,-23.00,,NA
2009-5-8 17:00,2009,5,8,17:00,-14.90,,-17.70,,79.00,,32.00,,9.00,,,,100.78,,,,,,NA
2009-5-8 18:00,2009,5,8,18:00,-14.80,,-17.10,,83.00,,34.00,,19.00,,,,100.72,,,,-24.00,,NA
2009-5-8 19:00,2009,5,8,19:00,-15.10,,-17.20,,84.00,,36.00,,7.00,,,,100.69,,,,,,NA
2009-5-8 20:00,2009,5,8,20:00,-14.60,,-16.50,,85.00,,32.00,,19.00,,,,100.62,,,,-23.00,,NA
2009-5-8 21:00,2009,5,8,21:00,-14.00,,-15.80,,86.00,,33.00,,19.00,,,,100.52,,,,-23.00,,NA
2009-5-8 22:00,2009,5,8,22:00,-13.70,,-15.40,,87.00,,33.00,,28.00,,,,100.43,,,,-24.00,,NA
2009-5-8 23:00,2009,5,8,23:00,-13.20,,-15.00,,86.00,,33.00,,30.00,,,,100.36,,,,-24.00,,NA
2009-5-9 0:00,2009,5,9,0:00,-12.70,,-14.50,,86.00,,33.00,,32.00,,,,100.25,,,,-23.00,,NA
2009-5-9 1:00,2009,5,9,1:00,-12.60,,-14.40,,86.00,,33.00,,30.00,,,,100.18,,,,-23.00,,NA
2009-5-9 2:00,2009,5,9,2:00,-12.70,,-14.50,,86.00,,33.00,,30.00,,,,100.11,,,,-23.00,,NA
2009-5-9 3:00,2009,5,9,3:00,-12.70,,-14.50,,86.00,,34.00,,32.00,,,,100.07,,,,-23.00,,NA
2009-5-9 4:00,2009,5,9,4:00,-13.20,,-15.00,,86.00,,33.00,,33.00,,,,100.00,,,,-24.00,,NA
2009-5-9 5:00,2009,5,9,5:00,-13.30,,-15.00,,87.00,,33.00,,35.00,,,,99.94,,,,-25.00,,NA
2009-5-9 6:00,2009,5,9,6:00,-13.10,,-14.80,,87.00,,33.00,,32.00,,,,99.87,,,,-24.00,,NA
2009-5-9 7:00,2009,5,9,7:00,-12.90,,-14.80,,86.00,,33.00,,30.00,,,,99.83,,,,-23.00,,NA
2009-5-9 8:00,2009,5,9,8:00,-12.80,,-14.60,,86.00,,33.00,,24.00,,,,99.75,,,,-22.00,,NA
2009-5-9 9:00,2009,5,9,9:00,-12.80,,-14.50,,87.00,,35.00,,22.00,,,,99.70,,,,-22.00,,NA
2009-5-9 10:00,2009,5,9,10:00,-12.00,,-14.10,,84.00,,32.00,,32.00,,,,99.64,,,,-22.00,,NA
2009-5-9 11:00,2009,5,9,11:00,-11.80,,-13.90,,84.00,,33.00,,32.00,,,,99.60,,,,-22.00,,NA
2009-5-9 12:00,2009,5,9,12:00,-11.20,,-13.20,,85.00,,33.00,,35.00,,,,99.58,,,,-22.00,,NA
2009-5-9 13:00,2009,5,9,13:00,-11.20,,-13.10,,86.00,,34.00,,28.00,,,,99.58,,,,-21.00,,NA
2009-5-9 14:00,2009,5,9,14:00,-11.40,,-13.10,,87.00,,33.00,,37.00,,,,99.56,,,,-22.00,,NA
2009-5-9 15:00,2009,5,9,15:00,-11.20,,-12.90,,87.00,,33.00,,32.00,,,,99.56,,,,-21.00,,NA
2009-5-9 16:00,2009,5,9,16:00,-11.20,,-12.80,,88.00,,32.00,,30.00,,,,99.58,,,,-21.00,,NA
2009-5-9 17:00,2009,5,9,17:00,-11.30,,-12.80,,89.00,,33.00,,33.00,,,,99.60,,,,-22.00,,NA
2009-5-9 18:00,2009,5,9,18:00,-11.50,,-12.90,,89.00,,33.00,,28.00,,,,99.61,,,,-21.00,,NA
2009-5-9 19:00,2009,5,9,19:00,-11.40,,-12.80,,89.00,,33.00,,22.00,,,,99.65,,,,-20.00,,NA
2009-5-9 20:00,2009,5,9,20:00,-11.30,,-12.70,,89.00,,32.00,,24.00,,,,99.68,,,,-20.00,,NA
2009-5-9 21:00,2009,5,9,21:00,-10.90,,-12.40,,89.00,,32.00,,24.00,,,,99.72,,,,-20.00,,NA
2009-5-9 22:00,2009,5,9,22:00,-10.90,,-12.50,,88.00,,32.00,,26.00,,,,99.75,,,,-20.00,,NA
2009-5-9 23:00,2009,5,9,23:00,-11.00,,-12.70,,87.00,,32.00,,26.00,,,,99.77,,,,-20.00,,NA
2009-5-10 0:00,2009,5,10,0:00,-10.90,,-12.80,,86.00,,31.00,,26.00,,,,99.79,,,,-20.00,,NA
2009-5-10 1:00,2009,5,10,1:00,-10.70,,-12.60,,86.00,,32.00,,24.00,,,,99.82,,,,-19.00,,NA
2009-5-10 2:00,2009,5,10,2:00,-10.70,,-12.60,,86.00,,31.00,,22.00,,,,99.87,,,,-19.00,,NA
2009-5-10 3:00,2009,5,10,3:00,-10.40,,-12.20,,87.00,,31.00,,22.00,,,,99.92,,,,-19.00,,NA
2009-5-10 4:00,2009,5,10,4:00,-10.40,,-12.30,,86.00,,30.00,,20.00,,,,99.97,,,,-18.00,,NA
2009-5-10 5:00,2009,5,10,5:00,-10.30,,-12.30,,85.00,,30.00,,19.00,,,,100.00,,,,-18.00,,NA
2009-5-10 6:00,2009,5,10,6:00,-10.10,,-12.40,,83.00,,29.00,,15.00,,,,100.03,,,,-17.00,,NA
2009-5-10 7:00,2009,5,10,7:00,-9.90,,-12.30,,83.00,,27.00,,13.00,,,,100.06,,,,-16.00,,NA
2009-5-10 8:00,2009,5,10,8:00,-9.70,,-12.10,,83.00,,27.00,,9.00,,,,100.10,,,,,,NA
2009-5-10 9:00,2009,5,10,9:00,-9.30,,-11.90,,81.00,,27.00,,7.00,,,,100.12,,,,,,NA
2009-5-10 10:00,2009,5,10,10:00,-9.50,,-13.00,,76.00,,28.00,,6.00,,,,100.14,,,,,,NA
2009-5-10 11:00,2009,5,10,11:00,-9.50,,-12.80,,77.00,,30.00,,7.00,,,,100.15,,,,,,NA
2009-5-10 12:00,2009,5,10,12:00,-9.60,,-12.50,,79.00,,31.00,,6.00,,,,100.17,,,,,,NA
2009-5-10 13:00,2009,5,10,13:00,-9.70,,-12.60,,79.00,,34.00,,6.00,,,,100.18,,,,,,NA
2009-5-10 14:00,2009,5,10,14:00,-10.00,,-12.40,,83.00,,34.00,,6.00,,,,100.20,,,,,,NA
2009-5-10 15:00,2009,5,10,15:00,-10.00,,-12.40,,83.00,,34.00,,6.00,,,,100.22,,,,,,NA
2009-5-10 16:00,2009,5,10,16:00,-10.10,,-12.70,,81.00,,33.00,,4.00,,,,100.25,,,,,,NA
2009-5-10 17:00,2009,5,10,17:00,-10.10,,-12.70,,81.00,,36.00,,6.00,,,,100.28,,,,,,NA
2009-5-10 18:00,2009,5,10,18:00,-9.30,,-12.10,,80.00,,29.00,,2.00,,,,100.28,,,,,,NA
2009-5-10 19:00,2009,5,10,19:00,-9.90,,-12.20,,83.00,,26.00,,2.00,,,,100.29,,,,,,NA
2009-5-10 20:00,2009,5,10,20:00,-10.00,,-13.10,,78.00,,0.00,,0.00,,,,100.30,,,,,,NA
2009-5-10 21:00,2009,5,10,21:00,-10.90,,-13.20,,83.00,,18.00,,2.00,,,,100.30,,,,,,NA
2009-5-10 22:00,2009,5,10,22:00,-11.20,,-13.40,,84.00,,21.00,,4.00,,,,100.29,,,,,,NA
2009-5-10 23:00,2009,5,10,23:00,-11.10,,-13.50,,82.00,,0.00,,0.00,,,,100.29,,,,,,NA
2009-5-11 0:00,2009,5,11,0:00,-11.00,,-13.10,,84.00,,0.00,,0.00,,,,100.29,,,,,,NA
2009-5-11 1:00,2009,5,11,1:00,-11.60,,-13.60,,85.00,,0.00,,0.00,,,,100.28,,,,,,NA
2009-5-11 2:00,2009,5,11,2:00,-11.20,,-13.30,,84.00,,0.00,,0.00,,,,100.27,,,,,,NA
2009-5-11 3:00,2009,5,11,3:00,-11.20,,-13.60,,82.00,,0.00,,0.00,,,,100.27,,,,,,NA
2009-5-11 4:00,2009,5,11,4:00,-11.10,,-12.90,,87.00,,4.00,,4.00,,,,100.27,,,,,,NA
2009-5-11 5:00,2009,5,11,5:00,-11.30,,-13.50,,84.00,,19.00,,2.00,,,,100.27,,,,,,NA
2009-5-11 6:00,2009,5,11,6:00,-10.90,,-13.70,,80.00,,0.00,,0.00,,,,100.26,,,,,,NA
2009-5-11 7:00,2009,5,11,7:00,-10.40,,-13.60,,77.00,,0.00,,0.00,,,,100.26,,,,,,NA
2009-5-11 8:00,2009,5,11,8:00,-10.30,,-13.00,,81.00,,7.00,,2.00,,,,100.26,,,,,,NA
2009-5-11 9:00,2009,5,11,9:00,-10.90,,-13.40,,82.00,,20.00,,2.00,,,,100.24,,,,,,NA
2009-5-11 10:00,2009,5,11,10:00,-11.10,,-13.50,,82.00,,33.00,,6.00,,,,100.21,,,,,,NA
2009-5-11 11:00,2009,5,11,11:00,-11.50,,-13.80,,83.00,,35.00,,6.00,,,,100.18,,,,,,NA
2009-5-11 12:00,2009,5,11,12:00,-11.30,,-14.60,,77.00,,28.00,,4.00,,,,100.15,,,,,,NA
2009-5-11 13:00,2009,5,11,13:00,-11.00,,-14.30,,77.00,,28.00,,6.00,,,,100.11,,,,,,NA
2009-5-11 14:00,2009,5,11,14:00,-12.00,,-15.60,,75.00,,27.00,,6.00,,,,100.08,,,,,,NA
2009-5-11 15:00,2009,5,11,15:00,-12.00,,-14.80,,80.00,,28.00,,7.00,,,,100.05,,,,,,NA
2009-5-11 16:00,2009,5,11,16:00,-11.50,,-14.10,,81.00,,27.00,,6.00,,,,100.03,,,,,,NA
2009-5-11 17:00,2009,5,11,17:00,-11.20,,-13.20,,85.00,,32.00,,11.00,,,,99.99,,,,-17.00,,NA
2009-5-11 18:00,2009,5,11,18:00,-11.00,,-12.90,,86.00,,32.00,,17.00,,,,99.97,,,,-18.00,,NA
2009-5-11 19:00,2009,5,11,19:00,-11.20,,-12.90,,87.00,,33.00,,17.00,,,,99.95,,,,-19.00,,NA
2009-5-11 20:00,2009,5,11,20:00,-11.40,,-13.10,,87.00,,33.00,,19.00,,,,99.92,,,,-19.00,,NA
2009-5-11 21:00,2009,5,11,21:00,-11.70,,-13.40,,87.00,,33.00,,20.00,,,,99.88,,,,-20.00,,NA
2009-5-11 22:00,2009,5,11,22:00,-12.10,,-13.70,,88.00,,33.00,,19.00,,,,99.86,,,,-20.00,,NA
2009-5-11 23:00,2009,5,11,23:00,-12.00,,-13.50,,89.00,,32.00,,15.00,,,,99.83,,,,-19.00,,NA
2009-5-12 0:00,2009,5,12,0:00,-12.10,,-13.70,,88.00,,31.00,,11.00,,,,99.79,,,,-18.00,,NA
2009-5-12 1:00,2009,5,12,1:00,-12.20,,-13.90,,87.00,,32.00,,15.00,,,,99.78,,,,-19.00,,NA
2009-5-12 2:00,2009,5,12,2:00,-12.30,,-13.90,,88.00,,25.00,,4.00,,,,99.75,,,,,,NA
2009-5-12 3:00,2009,5,12,3:00,-12.30,,-14.10,,86.00,,24.00,,6.00,,,,99.74,,,,,,NA
2009-5-12 4:00,2009,5,12,4:00,-12.10,,-13.90,,86.00,,33.00,,9.00,,,,99.76,,,,,,NA
2009-5-12 5:00,2009,5,12,5:00,-12.10,,-14.00,,86.00,,34.00,,11.00,,,,99.77,,,,-18.00,,NA
2009-5-12 6:00,2009,5,12,6:00,-11.70,,-13.70,,85.00,,7.00,,2.00,,,,99.78,,,,,,NA
2009-5-12 7:00,2009,5,12,7:00,-11.90,,-13.60,,87.00,,9.00,,6.00,,,,99.79,,,,,,NA
2009-5-12 8:00,2009,5,12,8:00,-11.90,,-13.70,,86.00,,9.00,,7.00,,,,99.79,,,,,,NA
2009-5-12 9:00,2009,5,12,9:00,-11.90,,-13.70,,86.00,,9.00,,9.00,,,,99.79,,,,,,NA
2009-5-12 10:00,2009,5,12,10:00,-11.70,,-13.60,,86.00,,5.00,,9.00,,,,99.80,,,,,,NA
2009-5-12 11:00,2009,5,12,11:00,-11.30,,-12.80,,89.00,,8.00,,11.00,,,,99.81,,,,-17.00,,NA
2009-5-12 12:00,2009,5,12,12:00,-10.10,,-12.00,,86.00,,11.00,,15.00,,,,99.82,,,,-17.00,,NA
2009-5-12 13:00,2009,5,12,13:00,-10.20,,-11.70,,89.00,,9.00,,15.00,,,,99.83,,,,-17.00,,NA
2009-5-12 14:00,2009,5,12,14:00,-10.90,,-13.20,,83.00,,27.00,,9.00,,,,99.85,,,,,,NA
2009-5-12 15:00,2009,5,12,15:00,-11.60,,-13.70,,84.00,,28.00,,13.00,,,,99.87,,,,-18.00,,NA
2009-5-12 16:00,2009,5,12,16:00,-11.90,,-13.90,,85.00,,26.00,,11.00,,,,99.89,,,,-18.00,,NA
2009-5-12 17:00,2009,5,12,17:00,-11.30,,-13.00,,87.00,,32.00,,15.00,,,,99.95,,,,-18.00,,NA
2009-5-12 18:00,2009,5,12,18:00,-11.40,,-13.00,,88.00,,31.00,,7.00,,,,99.99,,,,,,NA
2009-5-12 19:00,2009,5,12,19:00,-11.70,,-13.40,,87.00,,26.00,,7.00,,,,100.01,,,,,,NA
2009-5-12 20:00,2009,5,12,20:00,-12.60,,-14.30,,87.00,,28.00,,7.00,,,,100.04,,,,,,NA
2009-5-12 21:00,2009,5,12,21:00,-12.60,,-14.30,,87.00,,27.00,,7.00,,,,100.07,,,,,,NA
2009-5-12 22:00,2009,5,12,22:00,-11.90,,-13.60,,87.00,,30.00,,6.00,,,,100.09,,,,,,NA
2009-5-12 23:00,2009,5,12,23:00,-11.30,,-13.10,,87.00,,28.00,,2.00,,,,100.10,,,,,,NA
2009-5-13 0:00,2009,5,13,0:00,-11.80,,-13.40,,88.00,,3.00,,2.00,,,,100.12,,,,,,NA
2009-5-13 1:00,2009,5,13,1:00,-12.00,,-13.70,,87.00,,27.00,,2.00,,,,100.16,,,,,,NA
2009-5-13 2:00,2009,5,13,2:00,-12.60,,-14.30,,87.00,,25.00,,2.00,,,,100.20,,,,,,NA
2009-5-13 3:00,2009,5,13,3:00,-14.10,,-15.70,,88.00,,26.00,,6.00,,,,100.23,,,,,,NA
2009-5-13 4:00,2009,5,13,4:00,-13.80,,-15.90,,84.00,,27.00,,9.00,,,,100.26,,,,,,NA
2009-5-13 5:00,2009,5,13,5:00,-13.60,,-16.00,,82.00,,27.00,,6.00,,,,100.27,,,,,,NA
2009-5-13 6:00,2009,5,13,6:00,-11.90,,-14.70,,80.00,,27.00,,4.00,,,,100.30,,,,,,NA
2009-5-13 7:00,2009,5,13,7:00,-10.50,,-13.90,,76.00,,25.00,,2.00,,,,100.32,,,,,,NA
2009-5-13 8:00,2009,5,13,8:00,-12.80,,-15.90,,78.00,,27.00,,4.00,,,,100.33,,,,,,NA
2009-5-13 9:00,2009,5,13,9:00,-12.30,,-15.90,,74.00,,0.00,,0.00,,,,100.34,,,,,,NA
2009-5-13 10:00,2009,5,13,10:00,-10.70,,-14.20,,75.00,,13.00,,7.00,,,,100.35,,,,,,NA
2009-5-13 11:00,2009,5,13,11:00,-10.50,,-14.00,,75.00,,10.00,,4.00,,,,100.35,,,,,,NA
2009-5-13 12:00,2009,5,13,12:00,-10.40,,-13.90,,75.00,,13.00,,11.00,,,,100.36,,,,-16.00,,NA
2009-5-13 13:00,2009,5,13,13:00,-10.40,,-13.90,,75.00,,1.00,,7.00,,,,100.38,,,,,,NA
2009-5-13 14:00,2009,5,13,14:00,-11.40,,-14.10,,80.00,,8.00,,11.00,,,,100.43,,,,-17.00,,NA
2009-5-13 15:00,2009,5,13,15:00,-12.80,,-16.10,,76.00,,27.00,,4.00,,,,100.47,,,,,,NA
2009-5-13 16:00,2009,5,13,16:00,-12.50,,-15.60,,78.00,,28.00,,6.00,,,,100.52,,,,,,NA
2009-5-13 17:00,2009,5,13,17:00,-12.40,,-16.00,,74.00,,27.00,,4.00,,,,100.57,,,,,,NA
2009-5-13 18:00,2009,5,13,18:00,-11.70,,-14.40,,80.00,,10.00,,6.00,,,,100.58,,,,,,NA
2009-5-13 19:00,2009,5,13,19:00,-12.30,,-14.50,,84.00,,10.00,,6.00,,,,100.58,,,,,,NA
2009-5-13 20:00,2009,5,13,20:00,-12.00,,-15.10,,78.00,,10.00,,6.00,,,,100.60,,,,,,NA
2009-5-13 21:00,2009,5,13,21:00,-14.50,,-17.30,,79.00,,25.00,,7.00,,,,100.59,,,,,,NA
2009-5-13 22:00,2009,5,13,22:00,-12.80,,-15.60,,79.00,,27.00,,2.00,,,,100.62,,,,,,NA
2009-5-13 23:00,2009,5,13,23:00,-11.20,,-13.90,,80.00,,12.00,,9.00,,,,100.64,,,,,,NA
2009-5-14 0:00,2009,5,14,0:00,-14.30,,-16.20,,85.00,,26.00,,7.00,,,,100.63,,,,,,NA
2009-5-14 1:00,2009,5,14,1:00,-13.10,,-14.90,,86.00,,32.00,,6.00,,,,100.64,,,,,,NA
2009-5-14 2:00,2009,5,14,2:00,-13.00,,-14.90,,86.00,,30.00,,9.00,,,,100.66,,,,,,NA
2009-5-14 3:00,2009,5,14,3:00,-12.60,,-14.50,,86.00,,28.00,,9.00,,,,100.68,,,,,,NA
2009-5-14 4:00,2009,5,14,4:00,-12.50,,-14.30,,86.00,,32.00,,11.00,,,,100.71,,,,-19.00,,NA
2009-5-14 5:00,2009,5,14,5:00,-12.40,,-14.10,,87.00,,32.00,,7.00,,,,100.74,,,,,,NA
2009-5-14 6:00,2009,5,14,6:00,-12.10,,-14.00,,86.00,,31.00,,4.00,,,,100.78,,,,,,NA
2009-5-14 7:00,2009,5,14,7:00,-12.00,,-14.00,,85.00,,27.00,,6.00,,,,100.79,,,,,,NA
2009-5-14 8:00,2009,5,14,8:00,-11.50,,-14.00,,82.00,,27.00,,2.00,,,,100.80,,,,,,NA
2009-5-14 9:00,2009,5,14,9:00,-11.80,,-14.30,,82.00,,28.00,,4.00,,,,100.82,,,,,,NA
2009-5-14 10:00,2009,5,14,10:00,-12.20,,-14.40,,84.00,,34.00,,11.00,,,,100.87,,,,-18.00,,NA
2009-5-14 11:00,2009,5,14,11:00,-11.90,,-14.20,,83.00,,32.00,,7.00,,,,100.88,,,,,,NA
2009-5-14 12:00,2009,5,14,12:00,-11.60,,-14.40,,80.00,,26.00,,7.00,,,,100.87,,,,,,NA
2009-5-14 13:00,2009,5,14,13:00,-11.30,,-14.30,,78.00,,25.00,,6.00,,,,100.89,,,,,,NA
2009-5-14 14:00,2009,5,14,14:00,-10.90,,-14.10,,77.00,,27.00,,4.00,,,,100.91,,,,,,NA
2009-5-14 15:00,2009,5,14,15:00,-11.50,,-14.20,,80.00,,32.00,,6.00,,,,100.93,,,,,,NA
2009-5-14 16:00,2009,5,14,16:00,-12.10,,-14.70,,81.00,,32.00,,13.00,,,,100.94,,,,-19.00,,NA
2009-5-14 17:00,2009,5,14,17:00,-12.30,,-14.60,,83.00,,32.00,,19.00,,,,100.98,,,,-21.00,,NA
2009-5-14 18:00,2009,5,14,18:00,-12.80,,-15.10,,83.00,,32.00,,17.00,,,,100.99,,,,-21.00,,NA
2009-5-14 19:00,2009,5,14,19:00,-12.90,,-15.80,,79.00,,29.00,,6.00,,,,101.03,,,,,,NA
2009-5-14 20:00,2009,5,14,20:00,-13.60,,-16.20,,81.00,,28.00,,7.00,,,,101.05,,,,,,NA
2009-5-14 21:00,2009,5,14,21:00,-13.90,,-16.40,,81.00,,26.00,,7.00,,,,101.07,,,,,,NA
2009-5-14 22:00,2009,5,14,22:00,-13.70,,-17.20,,75.00,,28.00,,6.00,,,,101.09,,,,,,NA
2009-5-14 23:00,2009,5,14,23:00,-14.10,,-17.10,,78.00,,27.00,,4.00,,,,101.08,,,,,,NA
2009-5-15 0:00,2009,5,15,0:00,-14.90,,-17.40,,81.00,,27.00,,4.00,,,,101.10,,,,,,NA
2009-5-15 1:00,2009,5,15,1:00,-15.70,,-18.60,,78.00,,27.00,,7.00,,,,101.08,,,,,,NA
2009-5-15 2:00,2009,5,15,2:00,-16.40,,-18.80,,82.00,,27.00,,9.00,,,,101.08,,,,,,NA
2009-5-15 3:00,2009,5,15,3:00,-16.10,,-19.00,,78.00,,28.00,,7.00,,,,101.08,,,,,,NA
2009-5-15 4:00,2009,5,15,4:00,-16.90,,-19.50,,80.00,,28.00,,13.00,,,,101.07,,,,-25.00,,NA
2009-5-15 5:00,2009,5,15,5:00,-15.20,,-17.90,,80.00,,27.00,,11.00,,,,101.05,,,,-22.00,,NA
2009-5-15 6:00,2009,5,15,6:00,-13.60,,-16.60,,78.00,,27.00,,7.00,,,,101.03,,,,,,NA
2009-5-15 7:00,2009,5,15,7:00,-12.90,,-16.20,,76.00,,28.00,,6.00,,,,101.03,,,,,,NA
2009-5-15 8:00,2009,5,15,8:00,-13.00,,-15.30,,83.00,,33.00,,6.00,,,,101.04,,,,,,NA
2009-5-15 9:00,2009,5,15,9:00,-13.80,,-16.10,,83.00,,30.00,,6.00,,,,101.04,,,,,,NA
2009-5-15 10:00,2009,5,15,10:00,-13.00,,-15.90,,79.00,,29.00,,6.00,,,,101.04,,,,,,NA
2009-5-15 11:00,2009,5,15,11:00,-12.80,,-15.60,,79.00,,26.00,,9.00,,,,101.08,,,,,,NA
2009-5-15 12:00,2009,5,15,12:00,-12.40,,-15.40,,78.00,,25.00,,9.00,,,,101.12,,,,,,NA
2009-5-15 13:00,2009,5,15,13:00,-11.60,,-14.60,,78.00,,24.00,,4.00,,,,101.15,,,,,,NA
2009-5-15 14:00,2009,5,15,14:00,-10.70,,-14.50,,74.00,,24.00,,2.00,,,,101.15,,,,,,NA
2009-5-15 15:00,2009,5,15,15:00,-11.60,,-15.00,,76.00,,10.00,,7.00,,,,101.13,,,,,,NA
2009-5-15 16:00,2009,5,15,16:00,-12.10,,-14.80,,80.00,,11.00,,11.00,,,,101.16,,,,-18.00,,NA
2009-5-15 17:00,2009,5,15,17:00,-10.30,,-14.10,,74.00,,18.00,,17.00,,,,101.15,,,,-18.00,,NA
2009-5-15 18:00,2009,5,15,18:00,-10.70,,-14.10,,76.00,,16.00,,17.00,,,,101.18,,,,-18.00,,NA
2009-5-15 19:00,2009,5,15,19:00,-10.00,,-13.30,,77.00,,18.00,,24.00,,,,101.19,,,,-19.00,,NA
2009-5-15 20:00,2009,5,15,20:00,-9.80,,-13.70,,73.00,,23.00,,22.00,,,,101.23,,,,-18.00,,NA
2009-5-15 21:00,2009,5,15,21:00,-9.80,,-14.10,,71.00,,23.00,,26.00,,,,101.29,,,,-19.00,,NA
2009-5-15 22:00,2009,5,15,22:00,-11.60,,-15.30,,74.00,,26.00,,19.00,,,,101.36,,,,-20.00,,NA
2009-5-15 23:00,2009,5,15,23:00,-12.50,,-15.10,,81.00,,33.00,,11.00,,,,101.43,,,,-19.00,,NA
2009-5-16 0:00,2009,5,16,0:00,-11.50,,-14.80,,76.00,,28.00,,7.00,,,,101.46,,,,,,NA
2009-5-16 1:00,2009,5,16,1:00,-12.50,,-15.20,,80.00,,35.00,,6.00,,,,101.56,,,,,,NA
2009-5-16 2:00,2009,5,16,2:00,-11.90,,-14.80,,79.00,,30.00,,9.00,,,,101.65,,,,,,NA
2009-5-16 3:00,2009,5,16,3:00,-12.00,,-16.30,,70.00,,27.00,,11.00,,,,101.73,,,,-18.00,,NA
2009-5-16 4:00,2009,5,16,4:00,-10.80,,-15.50,,68.00,,28.00,,11.00,,,,101.79,,,,-17.00,,NA
2009-5-16 5:00,2009,5,16,5:00,-10.70,,-16.00,,65.00,,24.00,,11.00,,,,101.84,,,,-16.00,,NA
2009-5-16 6:00,2009,5,16,6:00,-11.30,,-15.50,,71.00,,26.00,,20.00,,,,101.86,,,,-20.00,,NA
2009-5-16 7:00,2009,5,16,7:00,-10.20,,-15.20,,67.00,,24.00,,30.00,,,,101.83,,,,-20.00,,NA
2009-5-16 8:00,2009,5,16,8:00,-10.20,,-15.60,,65.00,,23.00,,32.00,,,,101.87,,,,-20.00,,NA
2009-5-16 9:00,2009,5,16,9:00,-10.40,,-14.80,,70.00,,24.00,,37.00,,,,101.85,,,,-21.00,,NA
2009-5-16 10:00,2009,5,16,10:00,-10.80,,-15.10,,71.00,,24.00,,33.00,,,,101.86,,,,-21.00,,NA
2009-5-16 11:00,2009,5,16,11:00,-9.20,,-14.30,,66.00,,24.00,,37.00,,,,101.83,,,,-19.00,,NA
2009-5-16 12:00,2009,5,16,12:00,-8.80,,-14.40,,64.00,,24.00,,33.00,,,,101.85,,,,-18.00,,NA
2009-5-16 13:00,2009,5,16,13:00,-8.90,,-13.60,,69.00,,24.00,,43.00,,,,101.82,,,,-20.00,,NA
2009-5-16 14:00,2009,5,16,14:00,-8.80,,-14.00,,66.00,,24.00,,39.00,,,,101.82,,,,-19.00,,NA
2009-5-16 15:00,2009,5,16,15:00,-8.50,,-14.00,,64.00,,23.00,,48.00,,,,101.75,,,,-20.00,,NA
2009-5-16 16:00,2009,5,16,16:00,-8.40,,-14.00,,64.00,,22.00,,44.00,,,,101.74,,,,-19.00,,NA
2009-5-16 17:00,2009,5,16,17:00,-8.60,,-14.10,,64.00,,22.00,,48.00,,,,101.74,,,,-20.00,,NA
2009-5-16 18:00,2009,5,16,18:00,-9.50,,-14.10,,69.00,,22.00,,32.00,,,,101.85,,,,-19.00,,NA
2009-5-16 19:00,2009,5,16,19:00,-8.40,,-14.90,,59.00,,23.00,,33.00,,,,101.85,,,,-18.00,,NA
2009-5-16 20:00,2009,5,16,20:00,-9.10,,-14.50,,65.00,,24.00,,37.00,,,,101.84,,,,-19.00,,NA
2009-5-16 21:00,2009,5,16,21:00,-8.70,,-15.00,,60.00,,23.00,,28.00,,,,101.91,,,,-18.00,,NA
2009-5-16 22:00,2009,5,16,22:00,-8.90,,-15.60,,58.00,,23.00,,26.00,,,,101.91,,,,-18.00,,NA
2009-5-16 23:00,2009,5,16,23:00,-9.40,,-15.30,,62.00,,22.00,,33.00,,,,101.86,,,,-19.00,,NA
2009-5-17 0:00,2009,5,17,0:00,-10.50,,-15.40,,67.00,,28.00,,20.00,,,,101.91,,,,-18.00,,NA
2009-5-17 1:00,2009,5,17,1:00,-10.00,,-15.80,,63.00,,26.00,,13.00,,,,101.91,,,,-16.00,,NA
2009-5-17 2:00,2009,5,17,2:00,-14.20,,-17.50,,76.00,,33.00,,7.00,,,,101.91,,,,,,NA
2009-5-17 3:00,2009,5,17,3:00,-11.10,,-16.50,,64.00,,22.00,,13.00,,,,101.90,,,,-18.00,,NA
2009-5-17 4:00,2009,5,17,4:00,-10.20,,-15.90,,63.00,,24.00,,19.00,,,,101.88,,,,-18.00,,NA
2009-5-17 5:00,2009,5,17,5:00,-9.70,,-15.80,,61.00,,22.00,,32.00,,,,101.86,,,,-19.00,,NA
2009-5-17 6:00,2009,5,17,6:00,-10.60,,-15.50,,67.00,,27.00,,19.00,,,,101.89,,,,-18.00,,NA
2009-5-17 7:00,2009,5,17,7:00,-8.80,,-16.00,,56.00,,24.00,,24.00,,,,101.89,,,,-17.00,,NA
2009-5-17 8:00,2009,5,17,8:00,-8.80,,-15.40,,59.00,,22.00,,28.00,,,,101.85,,,,-18.00,,NA
2009-5-17 9:00,2009,5,17,9:00,-7.90,,-15.60,,54.00,,23.00,,20.00,,,,101.86,,,,-15.00,,NA
2009-5-17 10:00,2009,5,17,10:00,-8.60,,-14.50,,62.00,,28.00,,6.00,,,,101.90,,,,,,NA
2009-5-17 11:00,2009,5,17,11:00,-12.80,,-15.00,,84.00,,35.00,,15.00,,,,101.90,,,,-20.00,,NA
2009-5-17 12:00,2009,5,17,12:00,-13.00,,-15.30,,83.00,,3.00,,11.00,,,,101.90,,,,-19.00,,NA
2009-5-17 13:00,2009,5,17,13:00,-13.40,,-15.60,,83.00,,36.00,,9.00,,,,101.93,,,,,,NA
2009-5-17 14:00,2009,5,17,14:00,-13.00,,-15.30,,83.00,,4.00,,6.00,,,,101.94,,,,,,NA
2009-5-17 15:00,2009,5,17,15:00,-12.80,,-15.20,,82.00,,5.00,,4.00,,,,101.93,,,,,,NA
2009-5-17 16:00,2009,5,17,16:00,-12.70,,-14.80,,84.00,,5.00,,9.00,,,,101.94,,,,,,NA
2009-5-17 17:00,2009,5,17,17:00,-12.90,,-14.90,,85.00,,36.00,,4.00,,,,101.92,,,,,,NA
2009-5-17 18:00,2009,5,17,18:00,-12.60,,-14.80,,84.00,,7.00,,4.00,,,,101.90,,,,,,NA
2009-5-17 19:00,2009,5,17,19:00,-12.80,,-15.00,,84.00,,32.00,,2.00,,,,101.87,,,,,,NA
2009-5-17 20:00,2009,5,17,20:00,-13.20,,-15.00,,86.00,,0.00,,0.00,,,,101.85,,,,,,NA
2009-5-17 21:00,2009,5,17,21:00,-12.50,,-15.00,,82.00,,0.00,,0.00,,,,101.83,,,,,,NA
2009-5-17 22:00,2009,5,17,22:00,-14.40,,-16.80,,82.00,,32.00,,6.00,,,,101.80,,,,,,NA
2009-5-17 23:00,2009,5,17,23:00,-14.10,,-16.00,,85.00,,28.00,,6.00,,,,101.79,,,,,,NA
2009-5-18 0:00,2009,5,18,0:00,-14.40,,-16.70,,83.00,,31.00,,4.00,,,,101.77,,,,,,NA
2009-5-18 1:00,2009,5,18,1:00,-14.10,,-16.40,,83.00,,27.00,,6.00,,,,101.76,,,,,,NA
2009-5-18 2:00,2009,5,18,2:00,-14.70,,-16.80,,84.00,,28.00,,7.00,,,,101.75,,,,,,NA
2009-5-18 3:00,2009,5,18,3:00,-15.10,,-16.80,,87.00,,27.00,,6.00,,,,101.77,,,,,,NA
2009-5-18 4:00,2009,5,18,4:00,-15.10,,-16.80,,87.00,,28.00,,6.00,,,,101.76,,,,,,NA
2009-5-18 5:00,2009,5,18,5:00,-13.90,,-15.90,,85.00,,34.00,,6.00,,,,101.78,,,,,,NA
2009-5-18 6:00,2009,5,18,6:00,-12.90,,-15.50,,81.00,,14.00,,2.00,,,,101.77,,,,,,NA
2009-5-18 7:00,2009,5,18,7:00,-12.20,,-15.10,,79.00,,8.00,,2.00,,,,101.78,,,,,,NA
2009-5-18 8:00,2009,5,18,8:00,-11.90,,-15.00,,78.00,,25.00,,2.00,,,,101.78,,,,,,NA
2009-5-18 9:00,2009,5,18,9:00,-11.80,,-15.00,,77.00,,11.00,,4.00,,,,101.78,,,,,,NA
2009-5-18 10:00,2009,5,18,10:00,-11.60,,-14.70,,78.00,,6.00,,4.00,,,,101.78,,,,,,NA
2009-5-18 11:00,2009,5,18,11:00,-11.20,,-14.30,,78.00,,6.00,,4.00,,,,101.79,,,,,,NA
2009-5-18 12:00,2009,5,18,12:00,-11.10,,-14.10,,78.00,,3.00,,4.00,,,,101.79,,,,,,NA
2009-5-18 13:00,2009,5,18,13:00,-11.50,,-14.30,,80.00,,35.00,,4.00,,,,101.77,,,,,,NA
2009-5-18 14:00,2009,5,18,14:00,-11.10,,-13.80,,80.00,,4.00,,4.00,,,,101.79,,,,,,NA
2009-5-18 15:00,2009,5,18,15:00,-11.20,,-14.00,,80.00,,3.00,,4.00,,,,101.77,,,,,,NA
2009-5-18 16:00,2009,5,18,16:00,-11.20,,-13.80,,81.00,,10.00,,4.00,,,,101.75,,,,,,NA
2009-5-18 17:00,2009,5,18,17:00,-11.20,,-13.20,,85.00,,7.00,,6.00,,,,101.76,,,,,,NA
2009-5-18 18:00,2009,5,18,18:00,-11.00,,-12.80,,87.00,,8.00,,6.00,,,,101.72,,,,,,NA
2009-5-18 19:00,2009,5,18,19:00,-11.20,,-12.70,,89.00,,6.00,,7.00,,,,101.66,,,,,,NA
2009-5-18 20:00,2009,5,18,20:00,-11.40,,-12.70,,90.00,,6.00,,6.00,,,,101.61,,,,,,NA
2009-5-18 21:00,2009,5,18,21:00,-11.60,,-12.60,,92.00,,5.00,,9.00,,,,101.52,,,,,,NA
2009-5-18 22:00,2009,5,18,22:00,-11.80,,-12.80,,92.00,,4.00,,6.00,,,,101.45,,,,,,NA
2009-5-18 23:00,2009,5,18,23:00,-11.60,,-12.70,,92.00,,4.00,,2.00,,,,101.39,,,,,,NA
2009-5-19 0:00,2009,5,19,0:00,-11.50,,-12.60,,92.00,,22.00,,2.00,,,,101.31,,,,,,NA
2009-5-19 1:00,2009,5,19,1:00,-11.60,,-12.80,,91.00,,33.00,,6.00,,,,101.25,,,,,,NA
2009-5-19 2:00,2009,5,19,2:00,-11.70,,-12.90,,91.00,,34.00,,9.00,,,,101.23,,,,,,NA
2009-5-19 3:00,2009,5,19,3:00,-11.70,,-12.90,,91.00,,33.00,,9.00,,,,101.23,,,,,,NA
2009-5-19 4:00,2009,5,19,4:00,-11.90,,-13.10,,91.00,,33.00,,7.00,,,,101.24,,,,,,NA
2009-5-19 5:00,2009,5,19,5:00,-11.60,,-12.80,,91.00,,29.00,,6.00,,,,101.25,,,,,,NA
2009-5-19 6:00,2009,5,19,6:00,-11.40,,-12.70,,90.00,,26.00,,6.00,,,,101.23,,,,,,NA
2009-5-19 7:00,2009,5,19,7:00,-11.00,,-12.20,,91.00,,27.00,,6.00,,,,101.21,,,,,,NA
2009-5-19 8:00,2009,5,19,8:00,-10.60,,-11.80,,91.00,,30.00,,4.00,,,,101.19,,,,,,NA
2009-5-19 9:00,2009,5,19,9:00,-10.60,,-11.80,,91.00,,33.00,,6.00,,,,101.17,,,,,,NA
2009-5-19 10:00,2009,5,19,10:00,-10.80,,-12.10,,90.00,,33.00,,7.00,,,,101.16,,,,,,NA
2009-5-19 11:00,2009,5,19,11:00,-10.90,,-12.20,,90.00,,34.00,,6.00,,,,101.13,,,,,,NA
2009-5-19 12:00,2009,5,19,12:00,-10.40,,-11.80,,89.00,,36.00,,4.00,,,,101.11,,,,,,NA
2009-5-19 13:00,2009,5,19,13:00,-10.50,,-12.10,,88.00,,7.00,,4.00,,,,101.08,,,,,,NA
2009-5-19 14:00,2009,5,19,14:00,-9.40,,-11.80,,83.00,,6.00,,2.00,,,,101.04,,,,,,NA
2009-5-19 15:00,2009,5,19,15:00,-9.90,,-11.90,,85.00,,7.00,,6.00,,,,101.01,,,,,,NA
2009-5-19 16:00,2009,5,19,16:00,-10.20,,-12.30,,85.00,,5.00,,6.00,,,,100.98,,,,,,NA
2009-5-19 17:00,2009,5,19,17:00,-10.10,,-12.30,,84.00,,4.00,,6.00,,,,100.96,,,,,,NA
2009-5-19 18:00,2009,5,19,18:00,-9.80,,-12.30,,82.00,,4.00,,2.00,,,,100.93,,,,,,NA
2009-5-19 19:00,2009,5,19,19:00,-9.20,,-12.20,,79.00,,0.00,,0.00,,,,100.88,,,,,,NA
2009-5-19 20:00,2009,5,19,20:00,-9.50,,-11.70,,84.00,,8.00,,2.00,,,,100.85,,,,,,NA
2009-5-19 21:00,2009,5,19,21:00,-9.70,,-11.50,,87.00,,7.00,,4.00,,,,100.82,,,,,,NA
2009-5-19 22:00,2009,5,19,22:00,-9.90,,-11.60,,87.00,,5.00,,4.00,,,,100.78,,,,,,NA
2009-5-19 23:00,2009,5,19,23:00,-9.70,,-11.40,,87.00,,6.00,,4.00,,,,100.71,,,,,,NA
2009-5-20 0:00,2009,5,20,0:00,-9.40,,-11.30,,86.00,,0.00,,0.00,,,,100.67,,,,,,NA
2009-5-20 1:00,2009,5,20,1:00,-9.40,,-11.50,,85.00,,8.00,,2.00,,,,100.64,,,,,,NA
2009-5-20 2:00,2009,5,20,2:00,-9.30,,-11.20,,86.00,,6.00,,4.00,,,,100.60,,,,,,NA
2009-5-20 3:00,2009,5,20,3:00,-9.40,,-11.70,,83.00,,22.00,,2.00,,,,100.59,,,,,,NA
2009-5-20 4:00,2009,5,20,4:00,-8.70,,-11.10,,83.00,,0.00,,0.00,,,,100.59,,,,,,NA
2009-5-20 5:00,2009,5,20,5:00,-7.90,,-10.30,,83.00,,31.00,,2.00,,,,100.58,,,,,,NA
2009-5-20 6:00,2009,5,20,6:00,-7.80,,-10.30,,82.00,,25.00,,4.00,,,,100.56,,,,,,NA
2009-5-20 7:00,2009,5,20,7:00,-7.10,,-9.80,,81.00,,0.00,,0.00,,,,100.55,,,,,,NA
2009-5-20 8:00,2009,5,20,8:00,-6.90,,-9.90,,79.00,,12.00,,2.00,,,,100.53,,,,,,NA
2009-5-20 9:00,2009,5,20,9:00,-6.80,,-9.70,,80.00,,10.00,,2.00,,,,100.53,,,,,,NA
2009-5-20 10:00,2009,5,20,10:00,-6.00,,-9.30,,77.00,,31.00,,2.00,,,,100.52,,,,,,NA
2009-5-20 11:00,2009,5,20,11:00,-6.60,,-8.80,,84.00,,15.00,,2.00,,,,100.53,,,,,,NA
2009-5-20 12:00,2009,5,20,12:00,-6.50,,-8.60,,85.00,,14.00,,4.00,,,,100.52,,,,,,NA
2009-5-20 13:00,2009,5,20,13:00,-5.40,,-8.60,,78.00,,0.00,,0.00,,,,100.51,,,,,,NA
2009-5-20 14:00,2009,5,20,14:00,-5.30,,-8.30,,79.00,,27.00,,4.00,,,,100.52,,,,,,NA
2009-5-20 15:00,2009,5,20,15:00,-5.40,,-8.50,,79.00,,24.00,,4.00,,,,100.50,,,,,,NA
2009-5-20 16:00,2009,5,20,16:00,-5.30,,-8.40,,79.00,,25.00,,4.00,,,,100.48,,,,,,NA
2009-5-20 17:00,2009,5,20,17:00,-5.00,,-7.40,,83.00,,25.00,,6.00,,,,100.47,,,,,,NA
2009-5-20 18:00,2009,5,20,18:00,-4.70,,-6.90,,85.00,,26.00,,4.00,,,,100.47,,,,,,NA
2009-5-20 19:00,2009,5,20,19:00,-4.60,,-7.10,,83.00,,29.00,,2.00,,,,100.45,,,,,,NA
2009-5-20 20:00,2009,5,20,20:00,-5.20,,-7.30,,85.00,,9.00,,4.00,,,,100.43,,,,,,NA
2009-5-20 21:00,2009,5,20,21:00,-5.30,,-7.20,,86.00,,10.00,,6.00,,,,100.40,,,,,,NA
2009-5-20 22:00,2009,5,20,22:00,-5.20,,-8.20,,79.00,,14.00,,6.00,,,,100.37,,,,,,NA
2009-5-20 23:00,2009,5,20,23:00,-5.30,,-8.70,,77.00,,7.00,,2.00,,,,100.37,,,,,,NA
2009-5-21 0:00,2009,5,21,0:00,-5.20,,-8.90,,75.00,,0.00,,0.00,,,,100.33,,,,,,NA
2009-5-21 1:00,2009,5,21,1:00,-5.50,,-8.80,,78.00,,7.00,,4.00,,,,100.30,,,,,,NA
2009-5-21 2:00,2009,5,21,2:00,-5.60,,-8.80,,78.00,,7.00,,4.00,,,,100.28,,,,,,NA
2009-5-21 3:00,2009,5,21,3:00,-5.70,,-8.90,,78.00,,7.00,,4.00,,,,100.29,,,,,,NA
2009-5-21 4:00,2009,5,21,4:00,-5.30,,-8.90,,76.00,,21.00,,2.00,,,,100.27,,,,,,NA
2009-5-21 5:00,2009,5,21,5:00,-5.90,,-9.10,,78.00,,0.00,,0.00,,,,100.24,,,,,,NA
2009-5-21 6:00,2009,5,21,6:00,-6.20,,-8.60,,83.00,,0.00,,0.00,,,,100.24,,,,,,NA
2009-5-21 7:00,2009,5,21,7:00,-5.70,,-7.90,,84.00,,0.00,,0.00,,,,100.22,,,,,,NA
2009-5-21 8:00,2009,5,21,8:00,-3.90,,-7.30,,77.00,,0.00,,0.00,,,,100.20,,,,,,NA
2009-5-21 9:00,2009,5,21,9:00,-4.50,,-7.90,,77.00,,0.00,,0.00,,,,100.18,,,,,,NA
2009-5-21 10:00,2009,5,21,10:00,-4.30,,-7.30,,80.00,,0.00,,0.00,,,,100.17,,,,,,NA
2009-5-21 11:00,2009,5,21,11:00,-4.80,,-7.00,,85.00,,8.00,,6.00,,,,100.15,,,,,,NA
2009-5-21 12:00,2009,5,21,12:00,-4.50,,-7.20,,81.00,,8.00,,2.00,,,,100.14,,,,,,NA
2009-5-21 13:00,2009,5,21,13:00,-4.80,,-7.30,,83.00,,8.00,,4.00,,,,100.12,,,,,,NA
2009-5-21 14:00,2009,5,21,14:00,-3.90,,-7.00,,79.00,,9.00,,2.00,,,,100.13,,,,,,NA
2009-5-21 15:00,2009,5,21,15:00,-4.40,,-7.50,,79.00,,0.00,,0.00,,,,100.14,,,,,,NA
2009-5-21 16:00,2009,5,21,16:00,-4.50,,-7.40,,80.00,,0.00,,0.00,,,,100.16,,,,,,NA
2009-5-21 17:00,2009,5,21,17:00,-5.00,,-7.20,,85.00,,5.00,,6.00,,,,100.17,,,,,,NA
2009-5-21 18:00,2009,5,21,18:00,-4.80,,-6.50,,88.00,,9.00,,4.00,,,,100.18,,,,,,NA
2009-5-21 19:00,2009,5,21,19:00,-4.80,,-6.70,,87.00,,11.00,,2.00,,,,100.22,,,,,,NA
2009-5-21 20:00,2009,5,21,20:00,-5.30,,-7.30,,86.00,,10.00,,2.00,,,,100.25,,,,,,NA
2009-5-21 21:00,2009,5,21,21:00,-4.20,,-6.60,,83.00,,0.00,,0.00,,,,100.28,,,,,,NA
2009-5-21 22:00,2009,5,21,22:00,-6.00,,-7.80,,87.00,,31.00,,2.00,,,,100.33,,,,,,NA
2009-5-21 23:00,2009,5,21,23:00,-6.10,,-7.80,,88.00,,13.00,,2.00,,,,100.36,,,,,,NA
2009-5-22 0:00,2009,5,22,0:00,-6.10,,-7.30,,91.00,,27.00,,4.00,,,,100.38,,,,,,NA
2009-5-22 1:00,2009,5,22,1:00,-5.50,,-6.90,,90.00,,30.00,,4.00,,,,100.42,,,,,,NA
2009-5-22 2:00,2009,5,22,2:00,-5.60,,-6.60,,93.00,,1.00,,6.00,,,,100.47,,,,,,NA
2009-5-22 3:00,2009,5,22,3:00,-6.30,,-7.20,,93.00,,2.00,,6.00,,,,100.51,,,,,,NA
2009-5-22 4:00,2009,5,22,4:00,-5.90,,-7.20,,91.00,,27.00,,4.00,,,,100.55,,,,,,NA
2009-5-22 5:00,2009,5,22,5:00,-5.70,,-6.70,,93.00,,34.00,,6.00,,,,100.59,,,,,,NA
2009-5-22 6:00,2009,5,22,6:00,-5.50,,-6.50,,93.00,,33.00,,7.00,,,,100.62,,,,,,NA
2009-5-22 7:00,2009,5,22,7:00,-4.90,,-5.80,,93.00,,36.00,,15.00,,,,100.66,,,,-10.00,,NA
2009-5-22 8:00,2009,5,22,8:00,-5.00,,-6.00,,93.00,,36.00,,15.00,,,,100.69,,,,-11.00,,NA
2009-5-22 9:00,2009,5,22,9:00,-6.20,,-7.20,,93.00,,2.00,,22.00,,,,100.75,,,,-13.00,,NA
2009-5-22 10:00,2009,5,22,10:00,-6.80,,-8.00,,91.00,,1.00,,19.00,,,,100.83,,,,-14.00,,NA
2009-5-22 11:00,2009,5,22,11:00,-7.30,,-8.60,,90.00,,35.00,,17.00,,,,100.90,,,,-14.00,,NA
2009-5-22 12:00,2009,5,22,12:00,-7.80,,-9.00,,91.00,,35.00,,24.00,,,,100.94,,,,-16.00,,NA
2009-5-22 13:00,2009,5,22,13:00,-8.80,,-10.10,,90.00,,35.00,,28.00,,,,101.00,,,,-18.00,,NA
2009-5-22 14:00,2009,5,22,14:00,-9.80,,-11.20,,89.00,,35.00,,32.00,,,,101.07,,,,-20.00,,NA
2009-5-22 15:00,2009,5,22,15:00,-10.50,,-11.90,,89.00,,34.00,,33.00,,,,101.15,,,,-21.00,,NA
2009-5-22 16:00,2009,5,22,16:00,-10.50,,-11.90,,89.00,,34.00,,32.00,,,,101.24,,,,-20.00,,NA
2009-5-22 17:00,2009,5,22,17:00,-10.50,,-11.80,,90.00,,34.00,,32.00,,,,101.31,,,,-20.00,,NA
2009-5-22 18:00,2009,5,22,18:00,-10.70,,-12.10,,89.00,,34.00,,33.00,,,,101.39,,,,-21.00,,NA
2009-5-22 19:00,2009,5,22,19:00,-10.90,,-12.40,,89.00,,34.00,,33.00,,,,101.47,,,,-21.00,,NA
2009-5-22 20:00,2009,5,22,20:00,-11.10,,-12.70,,88.00,,35.00,,32.00,,,,101.53,,,,-21.00,,NA
2009-5-22 21:00,2009,5,22,21:00,-11.30,,-13.10,,87.00,,35.00,,35.00,,,,101.60,,,,-22.00,,NA
2009-5-22 22:00,2009,5,22,22:00,-11.50,,-13.30,,86.00,,35.00,,33.00,,,,101.67,,,,-22.00,,NA
2009-5-22 23:00,2009,5,22,23:00,-11.90,,-13.70,,86.00,,34.00,,30.00,,,,101.72,,,,-22.00,,NA
2009-5-23 0:00,2009,5,23,0:00,-12.10,,-14.10,,85.00,,35.00,,28.00,,,,101.76,,,,-22.00,,NA
2009-5-23 1:00,2009,5,23,1:00,-12.10,,-14.20,,84.00,,35.00,,24.00,,,,101.80,,,,-21.00,,NA
2009-5-23 2:00,2009,5,23,2:00,-12.20,,-14.20,,85.00,,35.00,,28.00,,,,101.81,,,,-22.00,,NA
2009-5-23 3:00,2009,5,23,3:00,-12.00,,-14.20,,84.00,,36.00,,22.00,,,,101.84,,,,-21.00,,NA
2009-5-23 4:00,2009,5,23,4:00,-11.90,,-14.10,,84.00,,36.00,,22.00,,,,101.87,,,,-21.00,,NA
2009-5-23 5:00,2009,5,23,5:00,-12.00,,-14.30,,83.00,,1.00,,19.00,,,,101.90,,,,-20.00,,NA
2009-5-23 6:00,2009,5,23,6:00,-11.90,,-14.30,,82.00,,36.00,,13.00,,,,101.93,,,,-19.00,,NA
2009-5-23 7:00,2009,5,23,7:00,-11.80,,-14.20,,82.00,,2.00,,13.00,,,,101.92,,,,-18.00,,NA
2009-5-23 8:00,2009,5,23,8:00,-11.80,,-14.40,,81.00,,2.00,,13.00,,,,101.91,,,,-18.00,,NA
2009-5-23 9:00,2009,5,23,9:00,-11.70,,-14.30,,81.00,,2.00,,9.00,,,,101.90,,,,,,NA
2009-5-23 10:00,2009,5,23,10:00,-11.50,,-14.20,,80.00,,2.00,,9.00,,,,101.88,,,,,,NA
2009-5-23 11:00,2009,5,23,11:00,-11.40,,-14.10,,80.00,,2.00,,9.00,,,,101.85,,,,,,NA
2009-5-23 12:00,2009,5,23,12:00,-11.30,,-14.30,,78.00,,36.00,,6.00,,,,101.83,,,,,,NA
2009-5-23 13:00,2009,5,23,13:00,-11.30,,-14.20,,79.00,,3.00,,7.00,,,,101.79,,,,,,NA
2009-5-23 14:00,2009,5,23,14:00,-11.00,,-14.40,,76.00,,5.00,,2.00,,,,101.73,,,,,,NA
2009-5-23 15:00,2009,5,23,15:00,-11.30,,-14.30,,78.00,,4.00,,6.00,,,,101.70,,,,,,NA
2009-5-23 16:00,2009,5,23,16:00,-10.50,,-14.40,,73.00,,7.00,,2.00,,,,101.66,,,,,,NA
2009-5-23 17:00,2009,5,23,17:00,-11.40,,-14.80,,76.00,,16.00,,2.00,,,,101.60,,,,,,NA
2009-5-23 18:00,2009,5,23,18:00,-12.30,,-15.40,,78.00,,18.00,,7.00,,,,101.57,,,,,,NA
2009-5-23 19:00,2009,5,23,19:00,-12.20,,-15.60,,76.00,,18.00,,6.00,,,,101.50,,,,,,NA
2009-5-23 20:00,2009,5,23,20:00,-11.90,,-16.00,,72.00,,19.00,,2.00,,,,101.45,,,,,,NA
2009-5-23 21:00,2009,5,23,21:00,-10.50,,-15.40,,67.00,,18.00,,2.00,,,,101.41,,,,,,NA
2009-5-23 22:00,2009,5,23,22:00,-11.60,,-16.10,,69.00,,0.00,,0.00,,,,101.36,,,,,,NA
2009-5-23 23:00,2009,5,23,23:00,-11.30,,-16.10,,68.00,,0.00,,0.00,,,,101.31,,,,,,NA
2009-5-24 0:00,2009,5,24,0:00,-12.00,,-16.20,,71.00,,0.00,,0.00,,,,101.25,,,,,,NA
2009-5-24 1:00,2009,5,24,1:00,-12.00,,-16.70,,68.00,,18.00,,2.00,,,,101.20,,,,,,NA
2009-5-24 2:00,2009,5,24,2:00,-11.50,,-16.50,,66.00,,21.00,,2.00,,,,101.16,,,,,,NA
2009-5-24 3:00,2009,5,24,3:00,-11.30,,-16.70,,64.00,,22.00,,2.00,,,,101.15,,,,,,NA
2009-5-24 4:00,2009,5,24,4:00,-12.20,,-16.50,,70.00,,24.00,,4.00,,,,101.13,,,,,,NA
2009-5-24 5:00,2009,5,24,5:00,-13.30,,-17.00,,74.00,,28.00,,6.00,,,,101.11,,,,,,NA
2009-5-24 6:00,2009,5,24,6:00,-11.70,,-15.50,,73.00,,29.00,,2.00,,,,101.06,,,,,,NA
2009-5-24 7:00,2009,5,24,7:00,-11.20,,-14.60,,76.00,,6.00,,4.00,,,,101.04,,,,,,NA
2009-5-24 8:00,2009,5,24,8:00,-11.10,,-14.90,,73.00,,6.00,,2.00,,,,101.02,,,,,,NA
2009-5-24 9:00,2009,5,24,9:00,-11.50,,-15.40,,73.00,,9.00,,4.00,,,,101.00,,,,,,NA
2009-5-24 10:00,2009,5,24,10:00,-10.60,,-14.90,,71.00,,31.00,,2.00,,,,100.97,,,,,,NA
2009-5-24 11:00,2009,5,24,11:00,-10.70,,-15.00,,71.00,,28.00,,4.00,,,,100.89,,,,,,NA
2009-5-24 12:00,2009,5,24,12:00,-10.60,,-14.50,,73.00,,4.00,,6.00,,,,100.87,,,,,,NA
2009-5-24 13:00,2009,5,24,13:00,-10.40,,-14.00,,75.00,,32.00,,6.00,,,,100.87,,,,,,NA
2009-5-24 14:00,2009,5,24,14:00,-10.50,,-13.30,,80.00,,30.00,,7.00,,,,100.88,,,,,,NA
2009-5-24 15:00,2009,5,24,15:00,-9.90,,-12.70,,80.00,,27.00,,9.00,,,,100.88,,,,,,NA
2009-5-24 16:00,2009,5,24,16:00,-8.90,,-12.30,,76.00,,27.00,,9.00,,,,100.86,,,,,,NA
2009-5-24 17:00,2009,5,24,17:00,-8.10,,-12.50,,71.00,,28.00,,7.00,,,,100.83,,,,,,NA
2009-5-24 18:00,2009,5,24,18:00,-6.80,,-11.60,,69.00,,29.00,,4.00,,,,100.80,,,,,,NA
2009-5-24 19:00,2009,5,24,19:00,-6.20,,-11.60,,66.00,,0.00,,0.00,,,,100.79,,,,,,NA
2009-5-24 20:00,2009,5,24,20:00,-6.60,,-10.20,,76.00,,24.00,,7.00,,,,100.76,,,,,,NA
2009-5-24 21:00,2009,5,24,21:00,-5.70,,-9.70,,73.00,,26.00,,4.00,,,,100.73,,,,,,NA
2009-5-24 22:00,2009,5,24,22:00,-5.20,,-9.70,,71.00,,29.00,,4.00,,,,100.71,,,,,,NA
2009-5-24 23:00,2009,5,24,23:00,-5.80,,-8.90,,79.00,,26.00,,9.00,,,,100.68,,,,,,NA
2009-5-25 0:00,2009,5,25,0:00,-5.40,,-8.80,,77.00,,28.00,,11.00,,,,100.67,,,,-10.00,,NA
2009-5-25 1:00,2009,5,25,1:00,-5.20,,-8.60,,77.00,,28.00,,9.00,,,,100.63,,,,,,NA
2009-5-25 2:00,2009,5,25,2:00,-5.00,,-8.10,,79.00,,27.00,,6.00,,,,100.58,,,,,,NA
2009-5-25 3:00,2009,5,25,3:00,-4.30,,-7.60,,78.00,,27.00,,11.00,,,,100.55,,,,-9.00,,NA
2009-5-25 4:00,2009,5,25,4:00,-4.20,,-6.90,,81.00,,27.00,,15.00,,,,100.55,,,,-10.00,,NA
2009-5-25 5:00,2009,5,25,5:00,-3.80,,-6.70,,80.00,,27.00,,9.00,,,,100.53,,,,,,NA
2009-5-25 6:00,2009,5,25,6:00,-2.70,,-7.00,,72.00,,31.00,,4.00,,,,100.51,,,,,,NA
2009-5-25 7:00,2009,5,25,7:00,-3.50,,-6.10,,82.00,,8.00,,4.00,,,,100.47,,,,,,NA
2009-5-25 8:00,2009,5,25,8:00,-3.00,,-5.40,,83.00,,7.00,,6.00,,,,100.46,,,,,,NA
2009-5-25 9:00,2009,5,25,9:00,-3.20,,-4.60,,90.00,,5.00,,13.00,,,,100.44,,,,-8.00,,NA
2009-5-25 10:00,2009,5,25,10:00,-3.00,,-4.00,,93.00,,5.00,,13.00,,,,100.41,,,,-8.00,,NA
2009-5-25 11:00,2009,5,25,11:00,-3.40,,-4.60,,91.00,,5.00,,13.00,,,,100.42,,,,-8.00,,NA
2009-5-25 12:00,2009,5,25,12:00,-3.50,,-4.60,,92.00,,4.00,,9.00,,,,100.43,,,,,,NA
2009-5-25 13:00,2009,5,25,13:00,-3.70,,-4.90,,91.00,,5.00,,6.00,,,,100.42,,,,,,NA
2009-5-25 14:00,2009,5,25,14:00,-3.40,,-5.00,,89.00,,5.00,,6.00,,,,100.40,,,,,,NA
2009-5-25 15:00,2009,5,25,15:00,-4.00,,-5.00,,93.00,,3.00,,9.00,,,,100.41,,,,,,NA
2009-5-25 16:00,2009,5,25,16:00,-3.30,,-4.90,,89.00,,8.00,,4.00,,,,100.41,,,,,,NA
2009-5-25 17:00,2009,5,25,17:00,-3.40,,-5.20,,87.00,,19.00,,2.00,,,,100.40,,,,,,NA
2009-5-25 18:00,2009,5,25,18:00,-3.30,,-5.10,,87.00,,21.00,,6.00,,,,100.36,,,,,,NA
2009-5-25 19:00,2009,5,25,19:00,-3.60,,-5.10,,89.00,,15.00,,11.00,,,,100.35,,,,-8.00,,NA
2009-5-25 20:00,2009,5,25,20:00,-3.60,,-5.20,,89.00,,13.00,,13.00,,,,100.29,,,,-8.00,,NA
2009-5-25 21:00,2009,5,25,21:00,-3.40,,-4.80,,90.00,,15.00,,26.00,,,,100.20,,,,-10.00,,NA
2009-5-25 22:00,2009,5,25,22:00,-3.10,,-4.60,,89.00,,15.00,,22.00,,,,100.12,,,,-9.00,,NA
2009-5-25 23:00,2009,5,25,23:00,-2.20,,-4.20,,86.00,,16.00,,19.00,,,,100.03,,,,-8.00,,NA
2009-5-26 0:00,2009,5,26,0:00,-3.30,,-5.00,,88.00,,33.00,,11.00,,,,100.02,,,,-8.00,,NA
2009-5-26 1:00,2009,5,26,1:00,-3.60,,-5.10,,89.00,,33.00,,11.00,,,,100.02,,,,-8.00,,NA
2009-5-26 2:00,2009,5,26,2:00,-3.80,,-4.80,,93.00,,34.00,,9.00,,,,100.00,,,,,,NA
2009-5-26 3:00,2009,5,26,3:00,-4.00,,-5.40,,90.00,,24.00,,4.00,,,,99.91,,,,,,NA
2009-5-26 4:00,2009,5,26,4:00,-1.40,,-4.40,,80.00,,25.00,,28.00,,,,99.92,,,,-8.00,,NA
2009-5-26 5:00,2009,5,26,5:00,-2.40,,-4.60,,85.00,,34.00,,6.00,,,,99.97,,,,,,NA
2009-5-26 6:00,2009,5,26,6:00,-3.10,,-4.70,,89.00,,35.00,,2.00,,,,100.02,,,,,,NA
2009-5-26 7:00,2009,5,26,7:00,-3.00,,-4.50,,89.00,,28.00,,7.00,,,,100.05,,,,,,NA
2009-5-26 8:00,2009,5,26,8:00,-3.20,,-4.50,,91.00,,6.00,,9.00,,,,100.08,,,,,,NA
2009-5-26 9:00,2009,5,26,9:00,-3.70,,-4.90,,91.00,,8.00,,13.00,,,,100.07,,,,-9.00,,NA
2009-5-26 10:00,2009,5,26,10:00,-3.70,,-5.00,,91.00,,10.00,,13.00,,,,100.07,,,,-9.00,,NA
2009-5-26 11:00,2009,5,26,11:00,-3.70,,-5.30,,89.00,,9.00,,15.00,,,,100.08,,,,-9.00,,NA
2009-5-26 12:00,2009,5,26,12:00,-3.50,,-4.70,,91.00,,8.00,,15.00,,,,100.10,,,,-9.00,,NA
2009-5-26 13:00,2009,5,26,13:00,-3.40,,-4.40,,93.00,,7.00,,13.00,,,,100.11,,,,-8.00,,NA
2009-5-26 14:00,2009,5,26,14:00,-3.30,,-4.20,,93.00,,4.00,,13.00,,,,100.12,,,,-8.00,,NA
2009-5-26 15:00,2009,5,26,15:00,-3.00,,-3.90,,93.00,,7.00,,11.00,,,,100.11,,,,-7.00,,NA
2009-5-26 16:00,2009,5,26,16:00,-2.90,,-3.70,,94.00,,5.00,,9.00,,,,100.13,,,,,,NA
2009-5-26 17:00,2009,5,26,17:00,-2.80,,-3.90,,92.00,,8.00,,11.00,,,,100.12,,,,-7.00,,NA
2009-5-26 18:00,2009,5,26,18:00,-3.00,,-4.40,,90.00,,25.00,,7.00,,,,100.13,,,,,,NA
2009-5-26 19:00,2009,5,26,19:00,-2.50,,-4.00,,89.00,,27.00,,6.00,,,,100.13,,,,,,NA
2009-5-26 20:00,2009,5,26,20:00,-3.20,,-4.60,,90.00,,28.00,,4.00,,,,100.11,,,,,,NA
2009-5-26 21:00,2009,5,26,21:00,-3.10,,-3.90,,94.00,,2.00,,7.00,,,,100.11,,,,,,NA
2009-5-26 22:00,2009,5,26,22:00,-2.90,,-3.70,,94.00,,8.00,,6.00,,,,100.12,,,,,,NA
2009-5-26 23:00,2009,5,26,23:00,-2.90,,-3.50,,96.00,,6.00,,9.00,,,,100.10,,,,,,NA
2009-5-27 0:00,2009,5,27,0:00,-2.80,,-3.40,,96.00,,8.00,,9.00,,,,100.07,,,,,,NA
2009-5-27 1:00,2009,5,27,1:00,-2.50,,-3.40,,94.00,,4.00,,4.00,,,,100.08,,,,,,NA
2009-5-27 2:00,2009,5,27,2:00,-2.80,,-3.90,,92.00,,0.00,,0.00,,,,100.09,,,,,,NA
2009-5-27 3:00,2009,5,27,3:00,-3.30,,-4.10,,94.00,,6.00,,6.00,,,,100.10,,,,,,NA
2009-5-27 4:00,2009,5,27,4:00,-3.40,,-4.10,,95.00,,8.00,,7.00,,,,100.10,,,,,,NA
2009-5-27 5:00,2009,5,27,5:00,-3.50,,-4.20,,95.00,,6.00,,9.00,,,,100.14,,,,,,NA
2009-5-27 6:00,2009,5,27,6:00,-3.50,,-4.30,,94.00,,12.00,,6.00,,,,100.14,,,,,,NA
2009-5-27 7:00,2009,5,27,7:00,-3.00,,-4.50,,89.00,,14.00,,2.00,,,,100.14,,,,,,NA
2009-5-27 8:00,2009,5,27,8:00,-2.40,,-4.50,,85.00,,11.00,,2.00,,,,100.14,,,,,,NA
2009-5-27 9:00,2009,5,27,9:00,-2.50,,-4.10,,89.00,,9.00,,7.00,,,,100.14,,,,,,NA
2009-5-27 10:00,2009,5,27,10:00,-2.60,,-3.80,,91.00,,9.00,,9.00,,,,100.13,,,,,,NA
2009-5-27 11:00,2009,5,27,11:00,-2.60,,-3.60,,93.00,,7.00,,9.00,,,,100.11,,,,,,NA
2009-5-27 12:00,2009,5,27,12:00,-2.70,,-3.90,,91.00,,6.00,,7.00,,,,100.12,,,,,,NA
2009-5-27 13:00,2009,5,27,13:00,-2.30,,-3.90,,89.00,,8.00,,13.00,,,,100.10,,,,-7.00,,NA
2009-5-27 14:00,2009,5,27,14:00,-2.20,,-3.80,,89.00,,4.00,,7.00,,,,100.08,,,,,,NA
2009-5-27 15:00,2009,5,27,15:00,-2.40,,-3.50,,92.00,,7.00,,7.00,,,,100.09,,,,,,NA
2009-5-27 16:00,2009,5,27,16:00,-2.50,,-3.60,,92.00,,5.00,,9.00,,,,100.07,,,,,,NA
2009-5-27 17:00,2009,5,27,17:00,-2.70,,-3.40,,95.00,,5.00,,13.00,,,,100.06,,,,-7.00,,NA
2009-5-27 18:00,2009,5,27,18:00,-2.70,,-3.40,,95.00,,4.00,,7.00,,,,100.05,,,,,,NA
2009-5-27 19:00,2009,5,27,19:00,-2.70,,-3.40,,95.00,,10.00,,6.00,,,,100.05,,,,,,NA
2009-5-27 20:00,2009,5,27,20:00,-2.30,,-3.40,,92.00,,9.00,,4.00,,,,100.02,,,,,,NA
2009-5-27 21:00,2009,5,27,21:00,-2.00,,-3.40,,90.00,,8.00,,2.00,,,,100.01,,,,,,NA
2009-5-27 22:00,2009,5,27,22:00,-2.50,,-3.70,,91.00,,0.00,,0.00,,,,99.97,,,,,,NA
2009-5-27 23:00,2009,5,27,23:00,-2.90,,-4.10,,91.00,,31.00,,7.00,,,,99.96,,,,,,NA
2009-5-28 0:00,2009,5,28,0:00,-2.90,,-4.10,,91.00,,21.00,,4.00,,,,99.95,,,,,,NA
2009-5-28 1:00,2009,5,28,1:00,-3.40,,-4.50,,92.00,,25.00,,4.00,,,,99.94,,,,,,NA
2009-5-28 2:00,2009,5,28,2:00,-2.80,,-4.10,,91.00,,28.00,,7.00,,,,99.93,,,,,,NA
2009-5-28 3:00,2009,5,28,3:00,-2.00,,-3.80,,87.00,,29.00,,2.00,,,,99.93,,,,,,NA
2009-5-28 4:00,2009,5,28,4:00,-2.40,,-4.30,,87.00,,29.00,,4.00,,,,99.93,,,,,,NA
2009-5-28 5:00,2009,5,28,5:00,-1.30,,-3.60,,84.00,,30.00,,2.00,,,,99.93,,,,,,NA
2009-5-28 6:00,2009,5,28,6:00,-1.30,,-3.30,,86.00,,28.00,,4.00,,,,99.94,,,,,,NA
2009-5-28 7:00,2009,5,28,7:00,-1.80,,-3.40,,89.00,,31.00,,7.00,,,,99.93,,,,,,NA
2009-5-28 8:00,2009,5,28,8:00,-1.80,,-3.00,,91.00,,33.00,,17.00,,,,99.92,,,,-7.00,,NA
2009-5-28 9:00,2009,5,28,9:00,-1.90,,-3.00,,92.00,,33.00,,17.00,,,,99.90,,,,-7.00,,NA
2009-5-28 10:00,2009,5,28,10:00,-1.60,,-2.90,,91.00,,32.00,,13.00,,,,99.91,,,,-6.00,,NA
2009-5-28 11:00,2009,5,28,11:00,-2.30,,-3.60,,91.00,,33.00,,7.00,,,,99.90,,,,,,NA
2009-5-28 12:00,2009,5,28,12:00,-2.20,,-4.70,,83.00,,31.00,,6.00,,,,99.89,,,,,,NA
2009-5-28 13:00,2009,5,28,13:00,-2.80,,-4.20,,90.00,,34.00,,13.00,,,,99.86,,,,-7.00,,NA
2009-5-28 14:00,2009,5,28,14:00,-2.20,,-4.60,,84.00,,3.00,,2.00,,,,99.85,,,,,,NA
2009-5-28 15:00,2009,5,28,15:00,-2.40,,-4.60,,85.00,,30.00,,4.00,,,,99.84,,,,,,NA
2009-5-28 16:00,2009,5,28,16:00,-2.90,,-4.40,,89.00,,1.00,,6.00,,,,99.83,,,,,,NA
2009-5-28 17:00,2009,5,28,17:00,-3.40,,-5.10,,88.00,,33.00,,7.00,,,,99.82,,,,,,NA
2009-5-28 18:00,2009,5,28,18:00,-3.50,,-5.30,,87.00,,33.00,,6.00,,,,99.80,,,,,,NA
2009-5-28 19:00,2009,5,28,19:00,-3.90,,-5.40,,89.00,,35.00,,13.00,,,,99.79,,,,-9.00,,NA
2009-5-28 20:00,2009,5,28,20:00,-4.10,,-5.50,,90.00,,34.00,,11.00,,,,99.77,,,,-9.00,,NA
2009-5-28 21:00,2009,5,28,21:00,-3.40,,-5.90,,83.00,,21.00,,2.00,,,,99.74,,,,,,NA
2009-5-28 22:00,2009,5,28,22:00,-3.60,,-5.90,,84.00,,25.00,,4.00,,,,99.70,,,,,,NA
2009-5-28 23:00,2009,5,28,23:00,-4.00,,-5.20,,91.00,,26.00,,6.00,,,,99.68,,,,,,NA
2009-5-29 0:00,2009,5,29,0:00,-4.20,,-5.40,,91.00,,26.00,,6.00,,,,99.64,,,,,,NA
2009-5-29 1:00,2009,5,29,1:00,-4.40,,-5.70,,91.00,,29.00,,4.00,,,,99.64,,,,,,NA
2009-5-29 2:00,2009,5,29,2:00,-4.40,,-6.00,,89.00,,25.00,,4.00,,,,99.60,,,,,,NA
2009-5-29 3:00,2009,5,29,3:00,-4.40,,-5.80,,90.00,,22.00,,6.00,,,,99.56,,,,,,NA
2009-5-29 4:00,2009,5,29,4:00,-3.60,,-6.20,,82.00,,22.00,,4.00,,,,99.53,,,,,,NA
2009-5-29 5:00,2009,5,29,5:00,-4.00,,-6.10,,85.00,,27.00,,6.00,,,,99.52,,,,,,NA
2009-5-29 6:00,2009,5,29,6:00,-3.60,,-5.60,,86.00,,24.00,,6.00,,,,99.51,,,,,,NA
2009-5-29 7:00,2009,5,29,7:00,-3.20,,-4.90,,88.00,,5.00,,6.00,,,,99.51,,,,,,NA
2009-5-29 8:00,2009,5,29,8:00,-3.40,,-4.60,,91.00,,8.00,,6.00,,,,99.51,,,,,,NA
2009-5-29 9:00,2009,5,29,9:00,-3.00,,-4.80,,87.00,,10.00,,4.00,,,,99.50,,,,,,NA
2009-5-29 10:00,2009,5,29,10:00,-2.90,,-4.70,,87.00,,6.00,,4.00,,,,99.52,,,,,,NA
2009-5-29 11:00,2009,5,29,11:00,-1.90,,-4.00,,86.00,,9.00,,4.00,,,,99.54,,,,,,NA
2009-5-29 12:00,2009,5,29,12:00,-3.10,,-4.30,,91.00,,2.00,,9.00,,,,99.55,,,,,,NA
2009-5-29 13:00,2009,5,29,13:00,-3.70,,-4.90,,91.00,,33.00,,13.00,,,,99.60,,,,-9.00,,NA
2009-5-29 14:00,2009,5,29,14:00,-4.00,,-5.00,,93.00,,33.00,,24.00,,,,99.63,,,,-11.00,,NA
2009-5-29 15:00,2009,5,29,15:00,-3.90,,-5.10,,91.00,,33.00,,30.00,,,,99.69,,,,-12.00,,NA
2009-5-29 16:00,2009,5,29,16:00,-4.20,,-5.20,,93.00,,33.00,,33.00,,,,99.74,,,,-12.00,,NA
2009-5-29 17:00,2009,5,29,17:00,-4.20,,-5.20,,93.00,,32.00,,35.00,,,,99.83,,,,-13.00,,NA
2009-5-29 18:00,2009,5,29,18:00,-4.20,,-5.30,,92.00,,33.00,,28.00,,,,99.88,,,,-12.00,,NA
2009-5-29 19:00,2009,5,29,19:00,-4.10,,-5.50,,90.00,,33.00,,28.00,,,,99.93,,,,-12.00,,NA
2009-5-29 20:00,2009,5,29,20:00,-4.10,,-5.60,,89.00,,33.00,,30.00,,,,99.98,,,,-12.00,,NA
2009-5-29 21:00,2009,5,29,21:00,-4.20,,-6.10,,87.00,,32.00,,30.00,,,,100.04,,,,-12.00,,NA
2009-5-29 22:00,2009,5,29,22:00,-4.40,,-6.10,,88.00,,32.00,,32.00,,,,100.10,,,,-12.00,,NA
2009-5-29 23:00,2009,5,29,23:00,-4.30,,-5.90,,89.00,,32.00,,24.00,,,,100.15,,,,-11.00,,NA
2009-5-30 0:00,2009,5,30,0:00,-4.50,,-6.10,,89.00,,33.00,,17.00,,,,100.17,,,,-10.00,,NA
2009-5-30 1:00,2009,5,30,1:00,-4.50,,-5.80,,91.00,,32.00,,13.00,,,,100.21,,,,-10.00,,NA
2009-5-30 2:00,2009,5,30,2:00,-4.20,,-5.50,,91.00,,28.00,,6.00,,,,100.25,,,,,,NA
2009-5-30 3:00,2009,5,30,3:00,-4.30,,-5.50,,91.00,,32.00,,7.00,,,,100.30,,,,,,NA
2009-5-30 4:00,2009,5,30,4:00,-3.90,,-5.80,,87.00,,0.00,,0.00,,,,100.33,,,,,,NA
2009-5-30 5:00,2009,5,30,5:00,-4.20,,-6.00,,87.00,,2.00,,2.00,,,,100.35,,,,,,NA
2009-5-30 6:00,2009,5,30,6:00,-4.10,,-5.60,,89.00,,4.00,,2.00,,,,100.37,,,,,,NA
2009-5-30 7:00,2009,5,30,7:00,-4.10,,-5.70,,89.00,,11.00,,2.00,,,,100.37,,,,,,NA
2009-5-30 8:00,2009,5,30,8:00,-4.30,,-5.70,,90.00,,5.00,,7.00,,,,100.37,,,,,,NA
2009-5-30 9:00,2009,5,30,9:00,-4.80,,-6.00,,91.00,,6.00,,11.00,,,,100.37,,,,-9.00,,NA
2009-5-30 10:00,2009,5,30,10:00,-4.80,,-6.20,,90.00,,5.00,,9.00,,,,100.37,,,,,,NA
2009-5-30 11:00,2009,5,30,11:00,-4.80,,-6.40,,89.00,,4.00,,13.00,,,,100.39,,,,-10.00,,NA
2009-5-30 12:00,2009,5,30,12:00,-4.90,,-6.80,,87.00,,5.00,,9.00,,,,100.39,,,,,,NA
2009-5-30 13:00,2009,5,30,13:00,-4.80,,-6.60,,87.00,,7.00,,9.00,,,,100.39,,,,,,NA
2009-5-30 14:00,2009,5,30,14:00,-4.80,,-6.60,,87.00,,6.00,,7.00,,,,100.40,,,,,,NA
2009-5-30 15:00,2009,5,30,15:00,-5.00,,-6.60,,89.00,,9.00,,7.00,,,,100.40,,,,,,NA
2009-5-30 16:00,2009,5,30,16:00,-4.80,,-6.50,,88.00,,8.00,,7.00,,,,100.41,,,,,,NA
2009-5-30 17:00,2009,5,30,17:00,-5.10,,-6.60,,89.00,,4.00,,7.00,,,,100.44,,,,,,NA
2009-5-30 18:00,2009,5,30,18:00,-5.00,,-6.30,,91.00,,8.00,,6.00,,,,100.46,,,,,,NA
2009-5-30 19:00,2009,5,30,19:00,-5.10,,-6.50,,90.00,,10.00,,4.00,,,,100.48,,,,,,NA
2009-5-30 20:00,2009,5,30,20:00,-5.30,,-6.40,,92.00,,11.00,,6.00,,,,100.53,,,,,,NA
2009-5-30 21:00,2009,5,30,21:00,-5.30,,-6.90,,88.00,,9.00,,6.00,,,,100.56,,,,,,NA
2009-5-30 22:00,2009,5,30,22:00,-5.90,,-7.20,,91.00,,12.00,,6.00,,,,100.58,,,,,,NA
2009-5-30 23:00,2009,5,30,23:00,-7.50,,-10.30,,80.00,,27.00,,6.00,,,,100.59,,,,,,NA
2009-5-31 0:00,2009,5,31,0:00,-5.50,,-8.90,,77.00,,0.00,,0.00,,,,100.62,,,,,,NA
2009-5-31 1:00,2009,5,31,1:00,-6.90,,-10.10,,78.00,,25.00,,4.00,,,,100.63,,,,,,NA
2009-5-31 2:00,2009,5,31,2:00,-8.00,,-11.00,,79.00,,28.00,,6.00,,,,100.64,,,,,,NA
2009-5-31 3:00,2009,5,31,3:00,-7.60,,-11.10,,76.00,,27.00,,6.00,,,,100.67,,,,,,NA
2009-5-31 4:00,2009,5,31,4:00,-8.60,,-9.80,,91.00,,29.00,,4.00,,,,100.70,,,,,,NA
2009-5-31 5:00,2009,5,31,5:00,-7.40,,-9.40,,86.00,,29.00,,4.00,,,,100.72,,,,,,NA
2009-5-31 6:00,2009,5,31,6:00,-6.30,,-10.10,,74.00,,23.00,,4.00,,,,100.75,,,,,,NA
2009-5-31 7:00,2009,5,31,7:00,-7.30,,-10.00,,81.00,,34.00,,4.00,,,,100.78,,,,,,NA
2009-5-31 8:00,2009,5,31,8:00,-7.50,,-10.70,,78.00,,26.00,,2.00,,,,100.81,,,,,,NA
2009-5-31 9:00,2009,5,31,9:00,-7.40,,-10.10,,81.00,,28.00,,4.00,,,,100.86,,,,,,NA
2009-5-31 10:00,2009,5,31,10:00,-6.20,,-9.50,,77.00,,26.00,,6.00,,,,100.89,,,,,,NA
2009-5-31 11:00,2009,5,31,11:00,-5.80,,-9.80,,73.00,,29.00,,2.00,,,,100.90,,,,,,NA
2009-5-31 12:00,2009,5,31,12:00,-4.70,,-9.00,,72.00,,20.00,,7.00,,,,100.93,,,,,,NA
2009-5-31 13:00,2009,5,31,13:00,-4.50,,-9.40,,69.00,,19.00,,7.00,,,,100.95,,,,,,NA
2009-5-31 14:00,2009,5,31,14:00,-3.10,,-9.60,,61.00,,21.00,,4.00,,,,100.98,,,,,,NA
2009-5-31 15:00,2009,5,31,15:00,-3.90,,-9.10,,67.00,,23.00,,17.00,,,,100.99,,,,-10.00,,NA
2009-5-31 16:00,2009,5,31,16:00,-3.60,,-9.00,,66.00,,22.00,,7.00,,,,100.99,,,,,,NA
2009-5-31 17:00,2009,5,31,17:00,-4.10,,-9.40,,67.00,,24.00,,9.00,,,,101.00,,,,,,NA
2009-5-31 18:00,2009,5,31,18:00,-3.70,,-8.40,,70.00,,23.00,,20.00,,,,100.99,,,,-10.00,,NA
2009-5-31 19:00,2009,5,31,19:00,-6.20,,-8.40,,84.00,,32.00,,19.00,,,,101.04,,,,-13.00,,NA
2009-5-31 20:00,2009,5,31,20:00,-6.00,,-7.70,,88.00,,34.00,,19.00,,,,101.05,,,,-13.00,,NA
2009-5-31 21:00,2009,5,31,21:00,-6.60,,-8.40,,87.00,,21.00,,4.00,,,,101.06,,,,,,NA
2009-5-31 22:00,2009,5,31,22:00,-6.10,,-8.10,,86.00,,12.00,,4.00,,,,101.04,,,,,,NA
2009-5-31 23:00,2009,5,31,23:00,-6.60,,-8.10,,89.00,,13.00,,9.00,,,,101.01,,,,,,NA
















