2009-6-1 0:00,2009,6,1,0:00,-6.50,,-8.20,,88.00,,11.00,,15.00,,,,100.97,,,,-12.00,,NA
2009-6-1 1:00,2009,6,1,1:00,-6.60,,-8.10,,89.00,,3.00,,13.00,,,,100.95,,,,-12.00,,NA
2009-6-1 2:00,2009,6,1,2:00,-6.10,,-7.90,,87.00,,5.00,,7.00,,,,100.95,,,,,,NA
2009-6-1 3:00,2009,6,1,3:00,-6.50,,-8.20,,88.00,,25.00,,9.00,,,,100.97,,,,,,NA
2009-6-1 4:00,2009,6,1,4:00,-5.90,,-7.30,,90.00,,27.00,,7.00,,,,100.95,,,,,,NA
2009-6-1 5:00,2009,6,1,5:00,-3.40,,-5.60,,85.00,,25.00,,22.00,,,,100.92,,,,-10.00,,NA
2009-6-1 6:00,2009,6,1,6:00,-2.80,,-5.30,,83.00,,23.00,,37.00,,,,100.89,,,,-11.00,,NA
2009-6-1 7:00,2009,6,1,7:00,-2.40,,-5.20,,81.00,,23.00,,32.00,,,,100.91,,,,-10.00,,NA
2009-6-1 8:00,2009,6,1,8:00,-2.30,,-5.10,,81.00,,24.00,,35.00,,,,100.95,,,,-10.00,,NA
2009-6-1 9:00,2009,6,1,9:00,-2.00,,-4.90,,81.00,,24.00,,35.00,,,,100.94,,,,-10.00,,NA
2009-6-1 10:00,2009,6,1,10:00,-1.80,,-4.50,,82.00,,24.00,,32.00,,,,100.99,,,,-9.00,,NA
2009-6-1 11:00,2009,6,1,11:00,-1.60,,-4.60,,80.00,,24.00,,33.00,,,,101.01,,,,-9.00,,NA
2009-6-1 12:00,2009,6,1,12:00,-1.20,,-4.60,,78.00,,28.00,,13.00,,,,101.09,,,,-5.00,,NA
2009-6-1 13:00,2009,6,1,13:00,-2.30,,-3.50,,91.00,,4.00,,7.00,,,,101.17,,,,,,NA
2009-6-1 14:00,2009,6,1,14:00,-1.90,,-3.90,,86.00,,32.00,,4.00,,,,101.19,,,,,,NA
2009-6-1 15:00,2009,6,1,15:00,-3.40,,-4.90,,89.00,,34.00,,22.00,,,,101.24,,,,-10.00,,NA
2009-6-1 16:00,2009,6,1,16:00,-4.20,,-5.80,,89.00,,3.00,,9.00,,,,101.32,,,,,,NA
2009-6-1 17:00,2009,6,1,17:00,-5.50,,-6.90,,90.00,,3.00,,13.00,,,,101.39,,,,-11.00,,NA
2009-6-1 18:00,2009,6,1,18:00,-6.20,,-7.50,,90.00,,2.00,,13.00,,,,101.45,,,,-12.00,,NA
2009-6-1 19:00,2009,6,1,19:00,-6.70,,-8.00,,90.00,,1.00,,11.00,,,,101.49,,,,-12.00,,NA
2009-6-1 20:00,2009,6,1,20:00,-7.50,,-8.80,,90.00,,35.00,,9.00,,,,101.54,,,,,,NA
2009-6-1 21:00,2009,6,1,21:00,-7.60,,-9.00,,90.00,,35.00,,6.00,,,,101.58,,,,,,NA
2009-6-1 22:00,2009,6,1,22:00,-8.20,,-9.60,,90.00,,2.00,,7.00,,,,101.63,,,,,,NA
2009-6-1 23:00,2009,6,1,23:00,-8.60,,-10.50,,86.00,,34.00,,4.00,,,,101.65,,,,,,NA
2009-6-2 0:00,2009,6,2,0:00,-9.90,,-13.00,,78.00,,32.00,,2.00,,,,101.67,,,,,,NA
2009-6-2 1:00,2009,6,2,1:00,-11.20,,-14.00,,80.00,,31.00,,9.00,,,,101.69,,,,,,NA
2009-6-2 2:00,2009,6,2,2:00,-9.10,,-12.50,,76.00,,1.00,,6.00,,,,101.70,,,,,,NA
2009-6-2 3:00,2009,6,2,3:00,-9.60,,-13.00,,76.00,,19.00,,6.00,,,,101.74,,,,,,NA
2009-6-2 4:00,2009,6,2,4:00,-11.50,,-14.00,,82.00,,33.00,,13.00,,,,101.74,,,,-18.00,,NA
2009-6-2 5:00,2009,6,2,5:00,-11.50,,-14.60,,78.00,,28.00,,7.00,,,,101.78,,,,,,NA
2009-6-2 6:00,2009,6,2,6:00,-10.50,,-13.90,,76.00,,21.00,,6.00,,,,101.79,,,,,,NA
2009-6-2 7:00,2009,6,2,7:00,-8.50,,-12.50,,73.00,,26.00,,4.00,,,,101.79,,,,,,NA
2009-6-2 8:00,2009,6,2,8:00,-8.40,,-13.00,,69.00,,25.00,,4.00,,,,101.78,,,,,,NA
2009-6-2 9:00,2009,6,2,9:00,-8.10,,-12.70,,69.00,,26.00,,6.00,,,,101.77,,,,,,NA
2009-6-2 10:00,2009,6,2,10:00,-7.40,,-11.80,,71.00,,30.00,,6.00,,,,101.79,,,,,,NA
2009-6-2 11:00,2009,6,2,11:00,-7.40,,-10.70,,77.00,,24.00,,7.00,,,,101.81,,,,,,NA
2009-6-2 12:00,2009,6,2,12:00,-7.00,,-10.10,,79.00,,23.00,,6.00,,,,101.80,,,,,,NA
2009-6-2 13:00,2009,6,2,13:00,-6.70,,-10.90,,72.00,,26.00,,4.00,,,,101.82,,,,,,NA
2009-6-2 14:00,2009,6,2,14:00,-7.50,,-10.90,,77.00,,32.00,,13.00,,,,101.85,,,,-13.00,,NA
2009-6-2 15:00,2009,6,2,15:00,-8.00,,-10.30,,83.00,,33.00,,15.00,,,,101.88,,,,-14.00,,NA
2009-6-2 16:00,2009,6,2,16:00,-7.50,,-9.60,,85.00,,32.00,,13.00,,,,101.91,,,,-13.00,,NA
2009-6-2 17:00,2009,6,2,17:00,-8.30,,-10.00,,88.00,,33.00,,19.00,,,,101.96,,,,-16.00,,NA
2009-6-2 18:00,2009,6,2,18:00,-8.30,,-10.20,,86.00,,32.00,,22.00,,,,102.02,,,,-16.00,,NA
2009-6-2 19:00,2009,6,2,19:00,-8.80,,-10.60,,87.00,,32.00,,22.00,,,,102.06,,,,-17.00,,NA
2009-6-2 20:00,2009,6,2,20:00,-7.90,,-9.70,,87.00,,33.00,,24.00,,,,102.13,,,,-16.00,,NA
2009-6-2 21:00,2009,6,2,21:00,-8.20,,-9.70,,89.00,,34.00,,20.00,,,,102.19,,,,-16.00,,NA
2009-6-2 22:00,2009,6,2,22:00,-8.40,,-10.00,,88.00,,34.00,,28.00,,,,102.23,,,,-17.00,,NA
2009-6-2 23:00,2009,6,2,23:00,-7.90,,-9.30,,90.00,,33.00,,32.00,,,,102.26,,,,-17.00,,NA
2009-6-3 0:00,2009,6,3,0:00,-7.90,,-9.30,,90.00,,33.00,,32.00,,,,102.31,,,,-17.00,,NA
2009-6-3 1:00,2009,6,3,1:00,-8.10,,-9.50,,90.00,,33.00,,35.00,,,,102.36,,,,-18.00,,NA
2009-6-3 2:00,2009,6,3,2:00,-8.10,,-9.80,,88.00,,35.00,,28.00,,,,102.41,,,,-17.00,,NA
2009-6-3 3:00,2009,6,3,3:00,-8.30,,-9.60,,90.00,,35.00,,26.00,,,,102.46,,,,-17.00,,NA
2009-6-3 4:00,2009,6,3,4:00,-8.60,,-9.80,,91.00,,35.00,,24.00,,,,102.49,,,,-17.00,,NA
2009-6-3 5:00,2009,6,3,5:00,-8.40,,-9.70,,90.00,,34.00,,24.00,,,,102.56,,,,-17.00,,NA
2009-6-3 6:00,2009,6,3,6:00,-8.30,,-9.80,,89.00,,34.00,,22.00,,,,102.61,,,,-16.00,,NA
2009-6-3 7:00,2009,6,3,7:00,-8.30,,-10.00,,88.00,,34.00,,19.00,,,,102.65,,,,-16.00,,NA
2009-6-3 8:00,2009,6,3,8:00,-8.10,,-10.10,,85.00,,32.00,,17.00,,,,102.68,,,,-15.00,,NA
2009-6-3 9:00,2009,6,3,9:00,-8.60,,-10.80,,84.00,,34.00,,19.00,,,,102.70,,,,-16.00,,NA
2009-6-3 10:00,2009,6,3,10:00,-8.50,,-10.80,,83.00,,35.00,,11.00,,,,102.74,,,,-14.00,,NA
2009-6-3 11:00,2009,6,3,11:00,-8.10,,-10.50,,83.00,,21.00,,4.00,,,,102.77,,,,,,NA
2009-6-3 12:00,2009,6,3,12:00,-7.70,,-10.40,,81.00,,21.00,,6.00,,,,102.78,,,,,,NA
2009-6-3 13:00,2009,6,3,13:00,-7.30,,-11.30,,73.00,,15.00,,6.00,,,,102.78,,,,,,NA
2009-6-3 14:00,2009,6,3,14:00,-8.10,,-11.40,,77.00,,11.00,,6.00,,,,102.79,,,,,,NA
2009-6-3 15:00,2009,6,3,15:00,-8.00,,-11.50,,76.00,,7.00,,4.00,,,,102.77,,,,,,NA
2009-6-3 16:00,2009,6,3,16:00,-5.90,,-10.90,,68.00,,0.00,,0.00,,,,102.77,,,,,,NA
2009-6-3 17:00,2009,6,3,17:00,-5.80,,-11.20,,66.00,,8.00,,2.00,,,,102.73,,,,,,NA
2009-6-3 18:00,2009,6,3,18:00,-6.70,,-11.80,,67.00,,7.00,,4.00,,,,102.70,,,,,,NA
2009-6-3 19:00,2009,6,3,19:00,-7.20,,-11.70,,70.00,,2.00,,4.00,,,,102.70,,,,,,NA
2009-6-3 20:00,2009,6,3,20:00,-7.10,,-11.20,,72.00,,22.00,,2.00,,,,102.69,,,,,,NA
2009-6-3 21:00,2009,6,3,21:00,-8.00,,-12.20,,72.00,,33.00,,6.00,,,,102.69,,,,,,NA
2009-6-3 22:00,2009,6,3,22:00,-8.90,,-10.90,,85.00,,32.00,,9.00,,,,102.68,,,,,,NA
2009-6-3 23:00,2009,6,3,23:00,-8.10,,-10.70,,82.00,,33.00,,9.00,,,,102.69,,,,,,NA
2009-6-4 0:00,2009,6,4,0:00,-8.80,,-11.40,,81.00,,24.00,,9.00,,,,102.66,,,,,,NA
2009-6-4 1:00,2009,6,4,1:00,-8.50,,-10.90,,83.00,,26.00,,11.00,,,,102.58,,,,-14.00,,NA
2009-6-4 2:00,2009,6,4,2:00,-6.40,,-10.40,,73.00,,21.00,,11.00,,,,102.54,,,,-11.00,,NA
2009-6-4 3:00,2009,6,4,3:00,-6.90,,-9.00,,85.00,,27.00,,7.00,,,,102.50,,,,,,NA
2009-6-4 4:00,2009,6,4,4:00,-6.10,,-8.30,,84.00,,23.00,,6.00,,,,102.45,,,,,,NA
2009-6-4 5:00,2009,6,4,5:00,-6.10,,-7.80,,88.00,,27.00,,11.00,,,,102.41,,,,-11.00,,NA
2009-6-4 6:00,2009,6,4,6:00,-5.90,,-7.20,,91.00,,26.00,,13.00,,,,102.36,,,,-11.00,,NA
2009-6-4 7:00,2009,6,4,7:00,-5.40,,-6.70,,91.00,,26.00,,11.00,,,,102.34,,,,-10.00,,NA
2009-6-4 8:00,2009,6,4,8:00,-5.10,,-6.50,,90.00,,25.00,,11.00,,,,102.32,,,,-10.00,,NA
2009-6-4 9:00,2009,6,4,9:00,-4.90,,-6.30,,90.00,,26.00,,11.00,,,,102.29,,,,-9.00,,NA
2009-6-4 10:00,2009,6,4,10:00,-4.90,,-6.20,,91.00,,26.00,,15.00,,,,102.27,,,,-10.00,,NA
2009-6-4 11:00,2009,6,4,11:00,-5.00,,-6.10,,92.00,,26.00,,19.00,,,,102.25,,,,-11.00,,NA
2009-6-4 12:00,2009,6,4,12:00,-5.20,,-6.50,,91.00,,34.00,,11.00,,,,102.27,,,,-10.00,,NA
2009-6-4 13:00,2009,6,4,13:00,-5.80,,-7.30,,89.00,,33.00,,7.00,,,,102.31,,,,,,NA
2009-6-4 14:00,2009,6,4,14:00,-5.80,,-7.00,,91.00,,34.00,,15.00,,,,102.39,,,,-12.00,,NA
2009-6-4 15:00,2009,6,4,15:00,-6.60,,-8.00,,90.00,,31.00,,20.00,,,,102.42,,,,-14.00,,NA
2009-6-4 16:00,2009,6,4,16:00,-6.80,,-8.20,,90.00,,32.00,,17.00,,,,102.46,,,,-13.00,,NA
2009-6-4 17:00,2009,6,4,17:00,-7.30,,-8.60,,90.00,,1.00,,9.00,,,,102.52,,,,,,NA
2009-6-4 18:00,2009,6,4,18:00,-7.20,,-8.10,,93.00,,34.00,,13.00,,,,102.56,,,,-13.00,,NA
2009-6-4 19:00,2009,6,4,19:00,-7.00,,-8.00,,93.00,,33.00,,13.00,,,,102.58,,,,-13.00,,NA
2009-6-4 20:00,2009,6,4,20:00,-7.10,,-8.00,,93.00,,33.00,,13.00,,,,102.60,,,,-13.00,,NA
2009-6-4 21:00,2009,6,4,21:00,-7.20,,-7.90,,95.00,,33.00,,17.00,,,,102.61,,,,-14.00,,NA
2009-6-4 22:00,2009,6,4,22:00,-7.40,,-8.10,,95.00,,34.00,,17.00,,,,102.60,,,,-14.00,,NA
2009-6-4 23:00,2009,6,4,23:00,-7.70,,-8.60,,93.00,,35.00,,22.00,,,,102.61,,,,-15.00,,NA
2009-6-5 0:00,2009,6,5,0:00,-8.40,,-9.20,,94.00,,1.00,,17.00,,,,102.60,,,,-15.00,,NA
2009-6-5 1:00,2009,6,5,1:00,-8.90,,-9.80,,93.00,,2.00,,22.00,,,,102.59,,,,-17.00,,NA
2009-6-5 2:00,2009,6,5,2:00,-8.80,,-9.70,,93.00,,1.00,,17.00,,,,102.62,,,,-16.00,,NA
2009-6-5 3:00,2009,6,5,3:00,-8.80,,-9.70,,93.00,,35.00,,15.00,,,,102.63,,,,-15.00,,NA
2009-6-5 4:00,2009,6,5,4:00,-8.70,,-9.60,,93.00,,34.00,,9.00,,,,102.63,,,,,,NA
2009-6-5 5:00,2009,6,5,5:00,-8.40,,-9.30,,93.00,,1.00,,9.00,,,,102.62,,,,,,NA
2009-6-5 6:00,2009,6,5,6:00,-8.10,,-9.00,,93.00,,2.00,,11.00,,,,102.61,,,,-13.00,,NA
2009-6-5 7:00,2009,6,5,7:00,-7.60,,-8.50,,93.00,,36.00,,7.00,,,,102.60,,,,,,NA
2009-6-5 8:00,2009,6,5,8:00,-6.60,,-7.40,,94.00,,2.00,,13.00,,,,102.58,,,,-12.00,,NA
2009-6-5 9:00,2009,6,5,9:00,-6.30,,-7.10,,94.00,,2.00,,15.00,,,,102.56,,,,-12.00,,NA
2009-6-5 10:00,2009,6,5,10:00,-5.60,,-6.30,,95.00,,2.00,,13.00,,,,102.52,,,,-11.00,,NA
2009-6-5 11:00,2009,6,5,11:00,-5.00,,-5.70,,95.00,,3.00,,15.00,,,,102.50,,,,-11.00,,NA
2009-6-5 12:00,2009,6,5,12:00,-4.50,,-5.20,,95.00,,4.00,,11.00,,,,102.47,,,,-9.00,,NA
2009-6-5 13:00,2009,6,5,13:00,-3.80,,-4.60,,94.00,,1.00,,19.00,,,,102.45,,,,-10.00,,NA
2009-6-5 14:00,2009,6,5,14:00,-3.80,,-5.80,,86.00,,2.00,,13.00,,,,102.41,,,,-9.00,,NA
2009-6-5 15:00,2009,6,5,15:00,-3.40,,-5.50,,85.00,,2.00,,11.00,,,,102.39,,,,-8.00,,NA
2009-6-5 16:00,2009,6,5,16:00,-3.50,,-5.10,,89.00,,2.00,,13.00,,,,102.37,,,,-8.00,,NA
2009-6-5 17:00,2009,6,5,17:00,-4.00,,-5.60,,89.00,,36.00,,9.00,,,,102.36,,,,,,NA
2009-6-5 18:00,2009,6,5,18:00,-4.20,,-6.10,,87.00,,36.00,,11.00,,,,102.34,,,,-9.00,,NA
2009-6-5 19:00,2009,6,5,19:00,-4.80,,-6.50,,88.00,,36.00,,11.00,,,,102.32,,,,-9.00,,NA
2009-6-5 20:00,2009,6,5,20:00,-5.00,,-7.00,,86.00,,36.00,,6.00,,,,102.29,,,,,,NA
2009-6-5 21:00,2009,6,5,21:00,-5.10,,-7.40,,84.00,,33.00,,7.00,,,,102.28,,,,,,NA
2009-6-5 22:00,2009,6,5,22:00,-5.00,,-7.90,,80.00,,34.00,,4.00,,,,102.25,,,,,,NA
2009-6-5 23:00,2009,6,5,23:00,-5.10,,-7.70,,82.00,,27.00,,2.00,,,,102.24,,,,,,NA
2009-6-6 0:00,2009,6,6,0:00,-5.60,,-7.40,,87.00,,18.00,,4.00,,,,102.22,,,,,,NA
2009-6-6 1:00,2009,6,6,1:00,-4.70,,-7.50,,81.00,,32.00,,2.00,,,,102.20,,,,,,NA
2009-6-6 2:00,2009,6,6,2:00,-4.90,,-7.40,,83.00,,35.00,,9.00,,,,102.21,,,,,,NA
2009-6-6 3:00,2009,6,6,3:00,-5.30,,-8.20,,80.00,,2.00,,6.00,,,,102.20,,,,,,NA
2009-6-6 4:00,2009,6,6,4:00,-6.80,,-9.20,,83.00,,34.00,,7.00,,,,102.20,,,,,,NA
2009-6-6 5:00,2009,6,6,5:00,-6.30,,-9.60,,77.00,,0.00,,0.00,,,,102.20,,,,,,NA
2009-6-6 6:00,2009,6,6,6:00,-6.40,,-8.50,,85.00,,28.00,,6.00,,,,102.18,,,,,,NA
2009-6-6 7:00,2009,6,6,7:00,-4.80,,-7.20,,83.00,,32.00,,7.00,,,,102.18,,,,,,NA
2009-6-6 8:00,2009,6,6,8:00,-4.80,,-7.10,,84.00,,5.00,,4.00,,,,102.16,,,,,,NA
2009-6-6 9:00,2009,6,6,9:00,-5.40,,-7.60,,84.00,,35.00,,6.00,,,,102.13,,,,,,NA
2009-6-6 10:00,2009,6,6,10:00,-4.80,,-7.10,,84.00,,3.00,,6.00,,,,102.12,,,,,,NA
2009-6-6 11:00,2009,6,6,11:00,-5.20,,-6.90,,88.00,,3.00,,11.00,,,,102.09,,,,-10.00,,NA
2009-6-6 12:00,2009,6,6,12:00,-5.80,,-7.30,,89.00,,3.00,,11.00,,,,102.07,,,,-11.00,,NA
2009-6-6 13:00,2009,6,6,13:00,-5.80,,-7.20,,90.00,,5.00,,7.00,,,,102.05,,,,,,NA
2009-6-6 14:00,2009,6,6,14:00,-5.30,,-7.30,,86.00,,6.00,,6.00,,,,102.03,,,,,,NA
2009-6-6 15:00,2009,6,6,15:00,-5.60,,-7.00,,90.00,,7.00,,7.00,,,,102.01,,,,,,NA
2009-6-6 16:00,2009,6,6,16:00,-5.40,,-6.60,,91.00,,8.00,,9.00,,,,101.99,,,,,,NA
2009-6-6 17:00,2009,6,6,17:00,-5.50,,-6.20,,95.00,,7.00,,7.00,,,,101.97,,,,,,NA
2009-6-6 18:00,2009,6,6,18:00,-5.50,,-6.10,,96.00,,6.00,,7.00,,,,101.94,,,,,,NA
2009-6-6 19:00,2009,6,6,19:00,-4.90,,-5.60,,95.00,,11.00,,2.00,,,,101.94,,,,,,NA
2009-6-6 20:00,2009,6,6,20:00,-4.70,,-5.40,,95.00,,19.00,,4.00,,,,101.91,,,,,,NA
2009-6-6 21:00,2009,6,6,21:00,-6.00,,-6.70,,95.00,,33.00,,2.00,,,,101.88,,,,,,NA
2009-6-6 22:00,2009,6,6,22:00,-6.70,,-7.70,,93.00,,25.00,,4.00,,,,101.83,,,,,,NA
2009-6-6 23:00,2009,6,6,23:00,-6.70,,-7.70,,93.00,,28.00,,4.00,,,,101.82,,,,,,NA
2009-6-7 0:00,2009,6,7,0:00,-6.70,,-8.30,,88.00,,23.00,,6.00,,,,101.78,,,,,,NA
2009-6-7 1:00,2009,6,7,1:00,-5.50,,-8.60,,79.00,,26.00,,6.00,,,,101.75,,,,,,NA
2009-6-7 2:00,2009,6,7,2:00,-7.30,,-10.00,,81.00,,28.00,,7.00,,,,101.73,,,,,,NA
2009-6-7 3:00,2009,6,7,3:00,-6.10,,-9.30,,78.00,,27.00,,6.00,,,,101.71,,,,,,NA
2009-6-7 4:00,2009,6,7,4:00,-4.70,,-8.30,,76.00,,27.00,,2.00,,,,101.70,,,,,,NA
2009-6-7 5:00,2009,6,7,5:00,-5.20,,-8.70,,76.00,,23.00,,4.00,,,,101.70,,,,,,NA
2009-6-7 6:00,2009,6,7,6:00,-4.40,,-7.40,,80.00,,5.00,,4.00,,,,101.71,,,,,,NA
2009-6-7 7:00,2009,6,7,7:00,-3.70,,-5.90,,85.00,,36.00,,6.00,,,,101.67,,,,,,NA
2009-6-7 8:00,2009,6,7,8:00,-3.40,,-5.70,,84.00,,12.00,,2.00,,,,101.62,,,,,,NA
2009-6-7 9:00,2009,6,7,9:00,-2.90,,-5.40,,83.00,,11.00,,6.00,,,,101.59,,,,,,NA
2009-6-7 10:00,2009,6,7,10:00,-2.10,,-5.60,,77.00,,10.00,,11.00,,,,101.56,,,,-6.00,,NA
2009-6-7 11:00,2009,6,7,11:00,-2.30,,-5.50,,79.00,,9.00,,15.00,,,,101.53,,,,-7.00,,NA
2009-6-7 12:00,2009,6,7,12:00,-2.30,,-5.40,,79.00,,11.00,,17.00,,,,101.47,,,,-8.00,,NA
2009-6-7 13:00,2009,6,7,13:00,-2.20,,-5.20,,80.00,,7.00,,15.00,,,,101.42,,,,-7.00,,NA
2009-6-7 14:00,2009,6,7,14:00,-1.70,,-4.60,,81.00,,10.00,,11.00,,,,101.39,,,,-6.00,,NA
2009-6-7 15:00,2009,6,7,15:00,-2.10,,-4.80,,82.00,,8.00,,19.00,,,,101.37,,,,-8.00,,NA
2009-6-7 16:00,2009,6,7,16:00,-2.40,,-5.00,,82.00,,6.00,,15.00,,,,101.39,,,,-7.00,,NA
2009-6-7 17:00,2009,6,7,17:00,-2.60,,-4.70,,85.00,,36.00,,11.00,,,,101.39,,,,-7.00,,NA
2009-6-7 18:00,2009,6,7,18:00,-2.70,,-4.80,,85.00,,33.00,,7.00,,,,101.37,,,,,,NA
2009-6-7 19:00,2009,6,7,19:00,-2.70,,-4.70,,86.00,,34.00,,9.00,,,,101.36,,,,,,NA
2009-6-7 20:00,2009,6,7,20:00,-3.30,,-4.70,,90.00,,35.00,,17.00,,,,101.38,,,,-9.00,,NA
2009-6-7 21:00,2009,6,7,21:00,-3.70,,-5.10,,90.00,,35.00,,11.00,,,,101.39,,,,-8.00,,NA
2009-6-7 22:00,2009,6,7,22:00,-3.80,,-5.10,,91.00,,34.00,,13.00,,,,101.41,,,,-9.00,,NA
2009-6-7 23:00,2009,6,7,23:00,-3.90,,-5.10,,91.00,,34.00,,11.00,,,,101.41,,,,-8.00,,NA
2009-6-8 0:00,2009,6,8,0:00,-3.90,,-4.90,,93.00,,34.00,,13.00,,,,101.41,,,,-9.00,,NA
2009-6-8 1:00,2009,6,8,1:00,-3.80,,-4.90,,92.00,,35.00,,7.00,,,,101.42,,,,,,NA
2009-6-8 2:00,2009,6,8,2:00,-3.70,,-4.60,,93.00,,35.00,,7.00,,,,101.40,,,,,,NA
2009-6-8 3:00,2009,6,8,3:00,-3.50,,-4.60,,92.00,,35.00,,9.00,,,,101.39,,,,,,NA
2009-6-8 4:00,2009,6,8,4:00,-3.50,,-4.80,,91.00,,35.00,,6.00,,,,101.38,,,,,,NA
2009-6-8 5:00,2009,6,8,5:00,-3.40,,-5.00,,89.00,,34.00,,7.00,,,,101.40,,,,,,NA
2009-6-8 6:00,2009,6,8,6:00,-3.30,,-5.00,,88.00,,33.00,,6.00,,,,101.40,,,,,,NA
2009-6-8 7:00,2009,6,8,7:00,-2.80,,-4.70,,87.00,,27.00,,6.00,,,,101.39,,,,,,NA
2009-6-8 8:00,2009,6,8,8:00,-2.60,,-4.90,,84.00,,26.00,,4.00,,,,101.39,,,,,,NA
2009-6-8 9:00,2009,6,8,9:00,-2.10,,-5.20,,79.00,,28.00,,2.00,,,,101.42,,,,,,NA
2009-6-8 10:00,2009,6,8,10:00,-1.90,,-5.30,,78.00,,0.00,,0.00,,,,101.42,,,,,,NA
2009-6-8 11:00,2009,6,8,11:00,-2.20,,-4.50,,84.00,,17.00,,4.00,,,,101.41,,,,,,NA
2009-6-8 12:00,2009,6,8,12:00,-1.70,,-5.00,,78.00,,22.00,,2.00,,,,101.42,,,,,,NA
2009-6-8 13:00,2009,6,8,13:00,-1.60,,-4.50,,81.00,,21.00,,6.00,,,,101.38,,,,,,NA
2009-6-8 14:00,2009,6,8,14:00,0.30,,-4.20,,72.00,,0.00,,0.00,,,,101.38,,,,,,NA
2009-6-8 15:00,2009,6,8,15:00,-1.40,,-3.20,,88.00,,9.00,,9.00,,,,101.35,,,,,,NA
2009-6-8 16:00,2009,6,8,16:00,-1.00,,-3.40,,84.00,,13.00,,11.00,,,,101.34,,,,-5.00,,NA
2009-6-8 17:00,2009,6,8,17:00,-0.40,,-3.40,,80.00,,13.00,,7.00,,,,101.31,,,,,,NA
2009-6-8 18:00,2009,6,8,18:00,-0.70,,-2.90,,85.00,,6.00,,7.00,,,,101.31,,,,,,NA
2009-6-8 19:00,2009,6,8,19:00,-0.60,,-2.00,,90.00,,10.00,,7.00,,,,101.30,,,,,,NA
2009-6-8 20:00,2009,6,8,20:00,0.50,,-2.30,,81.00,,26.00,,4.00,,,,101.28,,,,,,NA
2009-6-8 21:00,2009,6,8,21:00,0.60,,-2.50,,80.00,,26.00,,6.00,,,,101.26,,,,,,NA
2009-6-8 22:00,2009,6,8,22:00,1.00,,-2.10,,80.00,,26.00,,7.00,,,,101.24,,,,,,NA
2009-6-8 23:00,2009,6,8,23:00,1.50,,-1.40,,81.00,,24.00,,26.00,,,,101.20,,,,,,NA
2009-6-9 0:00,2009,6,9,0:00,1.50,,-1.20,,82.00,,24.00,,26.00,,,,101.16,,,,,,NA
2009-6-9 1:00,2009,6,9,1:00,1.50,,-1.80,,79.00,,24.00,,30.00,,,,101.17,,,,,,NA
2009-6-9 2:00,2009,6,9,2:00,0.40,,-2.60,,80.00,,24.00,,30.00,,,,101.16,,,,,,NA
2009-6-9 3:00,2009,6,9,3:00,0.90,,-2.50,,78.00,,24.00,,32.00,,,,101.14,,,,,,NA
2009-6-9 4:00,2009,6,9,4:00,0.80,,-2.30,,80.00,,24.00,,30.00,,,,101.14,,,,,,NA
2009-6-9 5:00,2009,6,9,5:00,-2.60,,-3.80,,91.00,,34.00,,19.00,,,,101.17,,,,-8.00,,NA
2009-6-9 6:00,2009,6,9,6:00,-2.30,,-4.50,,85.00,,6.00,,11.00,,,,101.22,,,,-6.00,,NA
2009-6-9 7:00,2009,6,9,7:00,-2.70,,-4.70,,86.00,,8.00,,7.00,,,,101.24,,,,,,NA
2009-6-9 8:00,2009,6,9,8:00,-2.00,,-4.50,,83.00,,10.00,,7.00,,,,101.25,,,,,,NA
2009-6-9 9:00,2009,6,9,9:00,-1.90,,-4.50,,82.00,,10.00,,7.00,,,,101.27,,,,,,NA
2009-6-9 10:00,2009,6,9,10:00,-1.50,,-3.90,,84.00,,6.00,,11.00,,,,101.27,,,,-5.00,,NA
2009-6-9 11:00,2009,6,9,11:00,-0.90,,-3.70,,81.00,,8.00,,9.00,,,,101.27,,,,,,NA
2009-6-9 12:00,2009,6,9,12:00,-1.10,,-3.50,,84.00,,3.00,,15.00,,,,101.29,,,,-6.00,,NA
2009-6-9 13:00,2009,6,9,13:00,-1.20,,-3.60,,84.00,,4.00,,9.00,,,,101.31,,,,,,NA
2009-6-9 14:00,2009,6,9,14:00,0.30,,-4.00,,73.00,,11.00,,2.00,,,,101.32,,,,,,NA
2009-6-9 15:00,2009,6,9,15:00,-0.60,,-4.20,,77.00,,23.00,,6.00,,,,101.33,,,,,,NA
2009-6-9 16:00,2009,6,9,16:00,0.20,,-4.00,,73.00,,28.00,,2.00,,,,101.35,,,,,,NA
2009-6-9 17:00,2009,6,9,17:00,1.10,,-3.80,,70.00,,26.00,,2.00,,,,101.37,,,,,,NA
2009-6-9 18:00,2009,6,9,18:00,0.00,,-3.50,,77.00,,30.00,,4.00,,,,101.39,,,,,,NA
2009-6-9 19:00,2009,6,9,19:00,0.40,,-4.00,,72.00,,0.00,,0.00,,,,101.42,,,,,,NA
2009-6-9 20:00,2009,6,9,20:00,0.10,,-3.50,,77.00,,11.00,,4.00,,,,101.43,,,,,,NA
2009-6-9 21:00,2009,6,9,21:00,-0.30,,-3.30,,80.00,,25.00,,4.00,,,,101.44,,,,,,NA
2009-6-9 22:00,2009,6,9,22:00,-0.30,,-3.60,,78.00,,27.00,,6.00,,,,101.46,,,,,,NA
2009-6-9 23:00,2009,6,9,23:00,-1.40,,-4.20,,81.00,,27.00,,7.00,,,,101.45,,,,,,NA
2009-6-10 0:00,2009,6,10,0:00,-2.00,,-4.70,,82.00,,26.00,,7.00,,,,101.45,,,,,,NA
2009-6-10 1:00,2009,6,10,1:00,-1.50,,-4.30,,81.00,,27.00,,9.00,,,,101.46,,,,,,NA
2009-6-10 2:00,2009,6,10,2:00,-1.40,,-4.20,,81.00,,27.00,,7.00,,,,101.45,,,,,,NA
2009-6-10 3:00,2009,6,10,3:00,-0.30,,-3.30,,80.00,,28.00,,6.00,,,,101.44,,,,,,NA
2009-6-10 4:00,2009,6,10,4:00,0.40,,-3.80,,73.00,,0.00,,0.00,,,,101.46,,,,,,NA
2009-6-10 5:00,2009,6,10,5:00,0.70,,-3.60,,73.00,,20.00,,2.00,,,,101.46,,,,,,NA
2009-6-10 6:00,2009,6,10,6:00,1.40,,-3.40,,70.00,,9.00,,2.00,,,,101.49,,,,,,NA
2009-6-10 7:00,2009,6,10,7:00,2.30,,-2.90,,68.00,,6.00,,2.00,,,,101.50,,,,,,NA
2009-6-10 8:00,2009,6,10,8:00,0.40,,-3.00,,78.00,,19.00,,2.00,,,,101.50,,,,,,NA
2009-6-10 9:00,2009,6,10,9:00,1.20,,-2.90,,74.00,,7.00,,4.00,,,,101.50,,,,,,NA
2009-6-10 10:00,2009,6,10,10:00,1.20,,-2.20,,78.00,,19.00,,2.00,,,,101.54,,,,,,NA
2009-6-10 11:00,2009,6,10,11:00,2.20,,-2.40,,72.00,,0.00,,0.00,,,,101.57,,,,,,NA
2009-6-10 12:00,2009,6,10,12:00,1.50,,-3.20,,71.00,,0.00,,0.00,,,,101.57,,,,,,NA
2009-6-10 13:00,2009,6,10,13:00,2.80,,-2.70,,67.00,,35.00,,2.00,,,,101.60,,,,,,NA
2009-6-10 14:00,2009,6,10,14:00,0.40,,-2.60,,80.00,,5.00,,9.00,,,,101.61,,,,,,NA
2009-6-10 15:00,2009,6,10,15:00,3.10,,-2.90,,65.00,,23.00,,7.00,,,,101.59,,,,,,NA
2009-6-10 16:00,2009,6,10,16:00,1.70,,-1.70,,78.00,,26.00,,9.00,,,,101.59,,,,,,NA
2009-6-10 17:00,2009,6,10,17:00,0.40,,-1.50,,87.00,,26.00,,13.00,,,,101.59,,,,,,NA
2009-6-10 18:00,2009,6,10,18:00,0.70,,-1.80,,83.00,,27.00,,6.00,,,,101.59,,,,,,NA
2009-6-10 19:00,2009,6,10,19:00,0.60,,-1.70,,85.00,,30.00,,9.00,,,,101.61,,,,,,NA
2009-6-10 20:00,2009,6,10,20:00,0.60,,-1.50,,86.00,,27.00,,9.00,,,,101.60,,,,,,NA
2009-6-10 21:00,2009,6,10,21:00,0.90,,-2.30,,79.00,,30.00,,4.00,,,,101.59,,,,,,NA
2009-6-10 22:00,2009,6,10,22:00,0.50,,-2.00,,83.00,,33.00,,6.00,,,,101.58,,,,,,NA
2009-6-10 23:00,2009,6,10,23:00,0.50,,-1.80,,85.00,,29.00,,2.00,,,,101.54,,,,,,NA
2009-6-11 0:00,2009,6,11,0:00,0.70,,-2.20,,81.00,,31.00,,6.00,,,,101.51,,,,,,NA
2009-6-11 1:00,2009,6,11,1:00,1.90,,-2.30,,74.00,,25.00,,9.00,,,,101.47,,,,,,NA
2009-6-11 2:00,2009,6,11,2:00,2.30,,-2.90,,68.00,,27.00,,9.00,,,,101.42,,,,,,NA
2009-6-11 3:00,2009,6,11,3:00,2.70,,-2.80,,67.00,,22.00,,32.00,,,,101.34,,,,,,NA
2009-6-11 4:00,2009,6,11,4:00,2.90,,-2.70,,67.00,,24.00,,26.00,,,,101.34,,,,,,NA
2009-6-11 5:00,2009,6,11,5:00,2.40,,-2.20,,72.00,,25.00,,33.00,,,,101.30,,,,,,NA
2009-6-11 6:00,2009,6,11,6:00,2.40,,-2.20,,72.00,,25.00,,30.00,,,,101.32,,,,,,NA
2009-6-11 7:00,2009,6,11,7:00,2.20,,-2.10,,73.00,,26.00,,28.00,,,,101.32,,,,,,NA
2009-6-11 8:00,2009,6,11,8:00,2.30,,-2.30,,72.00,,27.00,,24.00,,,,101.33,,,,,,NA
2009-6-11 9:00,2009,6,11,9:00,2.70,,-2.60,,68.00,,27.00,,28.00,,,,101.32,,,,,,NA
2009-6-11 10:00,2009,6,11,10:00,2.60,,-2.50,,69.00,,29.00,,19.00,,,,101.31,,,,,,NA
2009-6-11 11:00,2009,6,11,11:00,2.50,,-2.50,,70.00,,27.00,,11.00,,,,101.29,,,,,,NA
2009-6-11 12:00,2009,6,11,12:00,3.30,,-2.70,,65.00,,23.00,,26.00,,,,101.25,,,,,,NA
2009-6-11 13:00,2009,6,11,13:00,0.10,,-2.20,,84.00,,33.00,,19.00,,,,101.26,,,,,,NA
2009-6-11 14:00,2009,6,11,14:00,0.50,,-1.90,,84.00,,33.00,,22.00,,,,101.27,,,,,,NA
2009-6-11 15:00,2009,6,11,15:00,0.20,,-2.00,,85.00,,33.00,,13.00,,,,101.29,,,,,,NA
2009-6-11 16:00,2009,6,11,16:00,0.60,,-2.50,,80.00,,35.00,,13.00,,,,101.30,,,,,,NA
2009-6-11 17:00,2009,6,11,17:00,1.30,,-2.90,,74.00,,3.00,,6.00,,,,101.33,,,,,,NA
2009-6-11 18:00,2009,6,11,18:00,1.50,,-3.60,,69.00,,5.00,,2.00,,,,101.31,,,,,,NA
2009-6-11 19:00,2009,6,11,19:00,1.40,,-3.30,,71.00,,4.00,,2.00,,,,101.28,,,,,,NA
2009-6-11 20:00,2009,6,11,20:00,0.80,,-3.20,,75.00,,35.00,,4.00,,,,101.25,,,,,,NA
2009-6-11 21:00,2009,6,11,21:00,0.00,,-2.90,,81.00,,32.00,,9.00,,,,101.24,,,,,,NA
2009-6-11 22:00,2009,6,11,22:00,0.80,,-3.50,,73.00,,23.00,,4.00,,,,101.23,,,,,,NA
2009-6-11 23:00,2009,6,11,23:00,1.90,,-4.20,,64.00,,31.00,,2.00,,,,101.20,,,,,,NA
2009-6-12 0:00,2009,6,12,0:00,1.70,,-3.20,,70.00,,3.00,,4.00,,,,101.20,,,,,,NA
2009-6-12 1:00,2009,6,12,1:00,1.60,,-3.40,,69.00,,30.00,,4.00,,,,101.21,,,,,,NA
2009-6-12 2:00,2009,6,12,2:00,1.80,,-3.20,,69.00,,26.00,,4.00,,,,101.21,,,,,,NA
2009-6-12 3:00,2009,6,12,3:00,0.10,,-3.30,,78.00,,28.00,,6.00,,,,101.21,,,,,,NA
2009-6-12 4:00,2009,6,12,4:00,0.60,,-3.50,,74.00,,23.00,,6.00,,,,101.20,,,,,,NA
2009-6-12 5:00,2009,6,12,5:00,0.70,,-3.60,,73.00,,29.00,,4.00,,,,101.18,,,,,,NA
2009-6-12 6:00,2009,6,12,6:00,2.60,,-2.20,,71.00,,28.00,,13.00,,,,101.17,,,,,,NA
2009-6-12 7:00,2009,6,12,7:00,3.00,,-2.10,,69.00,,23.00,,28.00,,,,101.14,,,,,,NA
2009-6-12 8:00,2009,6,12,8:00,2.30,,-2.10,,73.00,,22.00,,30.00,,,,101.13,,,,,,NA
2009-6-12 9:00,2009,6,12,9:00,2.40,,-1.80,,74.00,,27.00,,26.00,,,,101.14,,,,,,NA
2009-6-12 10:00,2009,6,12,10:00,1.00,,-3.20,,73.00,,33.00,,15.00,,,,101.20,,,,,,NA
2009-6-12 11:00,2009,6,12,11:00,1.70,,-2.90,,71.00,,24.00,,7.00,,,,101.24,,,,,,NA
2009-6-12 12:00,2009,6,12,12:00,1.40,,-3.20,,71.00,,30.00,,6.00,,,,101.29,,,,,,NA
2009-6-12 13:00,2009,6,12,13:00,1.50,,-2.40,,75.00,,32.00,,15.00,,,,101.31,,,,,,NA
2009-6-12 14:00,2009,6,12,14:00,2.70,,-3.00,,66.00,,10.00,,4.00,,,,101.36,,,,,,NA
2009-6-12 15:00,2009,6,12,15:00,2.80,,-2.60,,68.00,,10.00,,6.00,,,,101.39,,,,,,NA
2009-6-12 16:00,2009,6,12,16:00,2.50,,-2.20,,71.00,,12.00,,17.00,,,,101.41,,,,,,NA
2009-6-12 17:00,2009,6,12,17:00,2.20,,-2.20,,73.00,,13.00,,17.00,,,,101.42,,,,,,NA
2009-6-12 18:00,2009,6,12,18:00,1.60,,-1.90,,78.00,,7.00,,9.00,,,,101.45,,,,,,NA
2009-6-12 19:00,2009,6,12,19:00,2.20,,-2.10,,73.00,,7.00,,15.00,,,,101.45,,,,,,NA
2009-6-12 20:00,2009,6,12,20:00,2.40,,-2.10,,72.00,,8.00,,11.00,,,,101.44,,,,,,NA
2009-6-12 21:00,2009,6,12,21:00,2.90,,-1.60,,72.00,,3.00,,2.00,,,,101.44,,,,,,NA
2009-6-12 22:00,2009,6,12,22:00,0.20,,-2.60,,81.00,,29.00,,11.00,,,,101.46,,,,,,NA
2009-6-12 23:00,2009,6,12,23:00,0.40,,-2.00,,84.00,,31.00,,7.00,,,,101.51,,,,,,NA
2009-6-13 0:00,2009,6,13,0:00,0.20,,-2.50,,82.00,,27.00,,6.00,,,,101.52,,,,,,NA
2009-6-13 1:00,2009,6,13,1:00,-0.80,,-2.90,,86.00,,28.00,,7.00,,,,101.53,,,,,,NA
2009-6-13 2:00,2009,6,13,2:00,-0.10,,-2.70,,83.00,,24.00,,6.00,,,,101.53,,,,,,NA
2009-6-13 3:00,2009,6,13,3:00,-0.20,,-3.00,,81.00,,27.00,,6.00,,,,101.52,,,,,,NA
2009-6-13 4:00,2009,6,13,4:00,1.10,,-2.20,,79.00,,1.00,,6.00,,,,101.54,,,,,,NA
2009-6-13 5:00,2009,6,13,5:00,1.90,,-2.00,,75.00,,36.00,,6.00,,,,101.55,,,,,,NA
2009-6-13 6:00,2009,6,13,6:00,1.30,,-2.40,,76.00,,34.00,,7.00,,,,101.57,,,,,,NA
2009-6-13 7:00,2009,6,13,7:00,3.40,,-2.00,,68.00,,12.00,,2.00,,,,101.57,,,,,,NA
2009-6-13 8:00,2009,6,13,8:00,3.10,,-3.10,,64.00,,9.00,,4.00,,,,101.57,,,,,,NA
2009-6-13 9:00,2009,6,13,9:00,3.40,,-2.90,,63.00,,9.00,,2.00,,,,101.56,,,,,,NA
2009-6-13 10:00,2009,6,13,10:00,2.80,,-2.70,,67.00,,11.00,,4.00,,,,101.56,,,,,,NA
2009-6-13 11:00,2009,6,13,11:00,3.20,,-2.70,,65.00,,20.00,,2.00,,,,101.54,,,,,,NA
2009-6-13 12:00,2009,6,13,12:00,3.80,,-3.00,,61.00,,12.00,,2.00,,,,101.51,,,,,,NA
2009-6-13 13:00,2009,6,13,13:00,2.70,,-3.30,,65.00,,8.00,,4.00,,,,101.49,,,,,,NA
2009-6-13 14:00,2009,6,13,14:00,2.30,,-3.40,,66.00,,6.00,,6.00,,,,101.45,,,,,,NA
2009-6-13 15:00,2009,6,13,15:00,2.20,,-3.20,,67.00,,8.00,,6.00,,,,101.42,,,,,,NA
2009-6-13 16:00,2009,6,13,16:00,1.90,,-3.30,,68.00,,6.00,,6.00,,,,101.41,,,,,,NA
2009-6-13 17:00,2009,6,13,17:00,1.90,,-3.00,,70.00,,3.00,,7.00,,,,101.43,,,,,,NA
2009-6-13 18:00,2009,6,13,18:00,0.60,,-2.10,,82.00,,35.00,,9.00,,,,101.44,,,,,,NA
2009-6-13 19:00,2009,6,13,19:00,1.00,,-3.00,,75.00,,28.00,,2.00,,,,101.46,,,,,,NA
2009-6-13 20:00,2009,6,13,20:00,2.50,,-2.50,,70.00,,0.00,,0.00,,,,101.46,,,,,,NA
2009-6-13 21:00,2009,6,13,21:00,1.40,,-1.80,,79.00,,0.00,,0.00,,,,101.46,,,,,,NA
2009-6-13 22:00,2009,6,13,22:00,0.60,,-2.20,,81.00,,32.00,,2.00,,,,101.45,,,,,,NA
2009-6-13 23:00,2009,6,13,23:00,0.40,,-1.60,,86.00,,26.00,,6.00,,,,101.44,,,,,,NA
2009-6-14 0:00,2009,6,14,0:00,0.50,,-2.10,,83.00,,24.00,,4.00,,,,101.43,,,,,,NA
2009-6-14 1:00,2009,6,14,1:00,0.80,,-2.90,,76.00,,26.00,,4.00,,,,101.42,,,,,,NA
2009-6-14 2:00,2009,6,14,2:00,0.30,,-3.00,,78.00,,28.00,,6.00,,,,101.41,,,,,,NA
2009-6-14 3:00,2009,6,14,3:00,0.20,,-3.50,,76.00,,28.00,,6.00,,,,101.40,,,,,,NA
2009-6-14 4:00,2009,6,14,4:00,0.90,,-3.60,,72.00,,27.00,,4.00,,,,101.40,,,,,,NA
2009-6-14 5:00,2009,6,14,5:00,1.80,,-3.00,,70.00,,0.00,,0.00,,,,101.40,,,,,,NA
2009-6-14 6:00,2009,6,14,6:00,1.70,,-2.00,,76.00,,9.00,,4.00,,,,101.38,,,,,,NA
2009-6-14 7:00,2009,6,14,7:00,1.90,,-3.00,,70.00,,7.00,,4.00,,,,101.35,,,,,,NA
2009-6-14 8:00,2009,6,14,8:00,1.10,,-2.20,,79.00,,6.00,,6.00,,,,101.35,,,,,,NA
2009-6-14 9:00,2009,6,14,9:00,1.50,,-2.20,,76.00,,11.00,,2.00,,,,101.36,,,,,,NA
2009-6-14 10:00,2009,6,14,10:00,0.30,,-2.20,,83.00,,6.00,,4.00,,,,101.35,,,,,,NA
2009-6-14 11:00,2009,6,14,11:00,0.50,,-2.10,,83.00,,7.00,,2.00,,,,101.35,,,,,,NA
2009-6-14 12:00,2009,6,14,12:00,2.70,,-1.10,,76.00,,0.00,,0.00,,,,101.33,,,,,,NA
2009-6-14 13:00,2009,6,14,13:00,1.00,,-1.90,,81.00,,0.00,,0.00,,,,101.33,,,,,,NA
2009-6-14 14:00,2009,6,14,14:00,0.00,,-1.80,,88.00,,6.00,,4.00,,,,101.33,,,,,,NA
2009-6-14 15:00,2009,6,14,15:00,1.30,,-2.00,,79.00,,0.00,,0.00,,,,101.33,,,,,,NA
2009-6-14 16:00,2009,6,14,16:00,0.10,,-2.00,,86.00,,7.00,,4.00,,,,101.34,,,,,,NA
2009-6-14 17:00,2009,6,14,17:00,1.60,,-2.30,,75.00,,0.00,,0.00,,,,101.32,,,,,,NA
2009-6-14 18:00,2009,6,14,18:00,1.50,,-1.90,,78.00,,8.00,,2.00,,,,101.32,,,,,,NA
2009-6-14 19:00,2009,6,14,19:00,-0.10,,-1.60,,90.00,,6.00,,4.00,,,,101.33,,,,,,NA
2009-6-14 20:00,2009,6,14,20:00,0.40,,-2.40,,81.00,,6.00,,2.00,,,,101.34,,,,,,NA
2009-6-14 21:00,2009,6,14,21:00,0.30,,-2.20,,83.00,,4.00,,4.00,,,,101.35,,,,,,NA
2009-6-14 22:00,2009,6,14,22:00,1.40,,-2.40,,76.00,,0.00,,0.00,,,,101.34,,,,,,NA
2009-6-14 23:00,2009,6,14,23:00,1.30,,-2.60,,75.00,,0.00,,0.00,,,,101.33,,,,,,NA
2009-6-15 0:00,2009,6,15,0:00,0.60,,-2.60,,79.00,,10.00,,2.00,,,,101.33,,,,,,NA
2009-6-15 1:00,2009,6,15,1:00,1.00,,-2.60,,77.00,,0.00,,0.00,,,,101.31,,,,,,NA
2009-6-15 2:00,2009,6,15,2:00,-0.60,,-2.30,,88.00,,5.00,,6.00,,,,101.33,,,,,,NA
2009-6-15 3:00,2009,6,15,3:00,0.60,,-3.00,,77.00,,9.00,,2.00,,,,101.33,,,,,,NA
2009-6-15 4:00,2009,6,15,4:00,1.20,,-2.60,,76.00,,10.00,,2.00,,,,101.33,,,,,,NA
2009-6-15 5:00,2009,6,15,5:00,1.00,,-2.90,,75.00,,0.00,,0.00,,,,101.31,,,,,,NA
2009-6-15 6:00,2009,6,15,6:00,1.60,,-4.90,,62.00,,7.00,,4.00,,,,101.32,,,,,,NA
2009-6-15 7:00,2009,6,15,7:00,0.20,,-4.10,,73.00,,5.00,,6.00,,,,101.31,,,,,,NA
2009-6-15 8:00,2009,6,15,8:00,-0.80,,-3.30,,83.00,,6.00,,6.00,,,,101.29,,,,,,NA
2009-6-15 9:00,2009,6,15,9:00,-1.50,,-2.90,,90.00,,6.00,,11.00,,,,101.31,,,,-5.00,,NA
2009-6-15 10:00,2009,6,15,10:00,-3.20,,-3.70,,96.00,,8.00,,13.00,,,,101.29,,,,-8.00,,NA
2009-6-15 11:00,2009,6,15,11:00,-3.20,,-3.90,,95.00,,5.00,,6.00,,,,101.27,,,,,,NA
2009-6-15 12:00,2009,6,15,12:00,-3.00,,-3.90,,93.00,,24.00,,4.00,,,,101.27,,,,,,NA
2009-6-15 13:00,2009,6,15,13:00,-3.00,,-4.00,,93.00,,5.00,,6.00,,,,101.26,,,,,,NA
2009-6-15 14:00,2009,6,15,14:00,-3.30,,-4.20,,93.00,,3.00,,6.00,,,,101.25,,,,,,NA
2009-6-15 15:00,2009,6,15,15:00,-2.90,,-3.80,,93.00,,11.00,,4.00,,,,101.24,,,,,,NA
2009-6-15 16:00,2009,6,15,16:00,-3.40,,-4.80,,90.00,,33.00,,6.00,,,,101.23,,,,,,NA
2009-6-15 17:00,2009,6,15,17:00,-3.00,,-5.00,,86.00,,29.00,,6.00,,,,101.22,,,,,,NA
2009-6-15 18:00,2009,6,15,18:00,-2.90,,-5.20,,84.00,,28.00,,6.00,,,,101.22,,,,,,NA
2009-6-15 19:00,2009,6,15,19:00,-3.20,,-4.90,,88.00,,29.00,,6.00,,,,101.19,,,,,,NA
2009-6-15 20:00,2009,6,15,20:00,-3.00,,-4.70,,88.00,,28.00,,4.00,,,,101.18,,,,,,NA
2009-6-15 21:00,2009,6,15,21:00,-3.00,,-5.10,,85.00,,6.00,,2.00,,,,101.16,,,,,,NA
2009-6-15 22:00,2009,6,15,22:00,-3.90,,-5.00,,92.00,,34.00,,9.00,,,,101.16,,,,,,NA
2009-6-15 23:00,2009,6,15,23:00,-4.10,,-5.00,,93.00,,34.00,,6.00,,,,101.16,,,,,,NA
2009-6-16 0:00,2009,6,16,0:00,-4.00,,-5.30,,91.00,,32.00,,6.00,,,,101.13,,,,,,NA
2009-6-16 1:00,2009,6,16,1:00,-4.20,,-5.40,,91.00,,35.00,,6.00,,,,101.12,,,,,,NA
2009-6-16 2:00,2009,6,16,2:00,-4.10,,-5.20,,92.00,,30.00,,6.00,,,,101.12,,,,,,NA
2009-6-16 3:00,2009,6,16,3:00,-4.40,,-5.30,,93.00,,35.00,,6.00,,,,101.12,,,,,,NA
2009-6-16 4:00,2009,6,16,4:00,-4.40,,-5.30,,93.00,,28.00,,6.00,,,,101.10,,,,,,NA
2009-6-16 5:00,2009,6,16,5:00,-4.40,,-5.50,,92.00,,30.00,,6.00,,,,101.09,,,,,,NA
2009-6-16 6:00,2009,6,16,6:00,-4.10,,-5.40,,91.00,,32.00,,6.00,,,,101.08,,,,,,NA
2009-6-16 7:00,2009,6,16,7:00,-4.50,,-5.50,,93.00,,32.00,,9.00,,,,101.09,,,,,,NA
2009-6-16 8:00,2009,6,16,8:00,-4.80,,-5.60,,94.00,,34.00,,7.00,,,,101.08,,,,,,NA
2009-6-16 9:00,2009,6,16,9:00,-4.40,,-5.70,,91.00,,31.00,,6.00,,,,101.08,,,,,,NA
2009-6-16 10:00,2009,6,16,10:00,-4.30,,-5.60,,91.00,,31.00,,7.00,,,,101.06,,,,,,NA
2009-6-16 11:00,2009,6,16,11:00,-4.20,,-5.70,,89.00,,30.00,,7.00,,,,101.05,,,,,,NA
2009-6-16 12:00,2009,6,16,12:00,-4.40,,-5.50,,92.00,,35.00,,9.00,,,,101.04,,,,,,NA
2009-6-16 13:00,2009,6,16,13:00,-4.70,,-5.90,,91.00,,33.00,,7.00,,,,101.02,,,,,,NA
2009-6-16 14:00,2009,6,16,14:00,-4.80,,-5.90,,92.00,,33.00,,6.00,,,,101.04,,,,,,NA
2009-6-16 15:00,2009,6,16,15:00,-4.50,,-6.00,,89.00,,31.00,,6.00,,,,101.04,,,,,,NA
2009-6-16 16:00,2009,6,16,16:00,-4.40,,-5.50,,92.00,,32.00,,6.00,,,,101.05,,,,,,NA
2009-6-16 17:00,2009,6,16,17:00,-5.00,,-5.90,,93.00,,33.00,,7.00,,,,101.03,,,,,,NA
2009-6-16 18:00,2009,6,16,18:00,-5.20,,-6.20,,93.00,,33.00,,7.00,,,,101.02,,,,,,NA
2009-6-16 19:00,2009,6,16,19:00,-4.60,,-5.30,,95.00,,34.00,,6.00,,,,101.01,,,,,,NA
2009-6-16 20:00,2009,6,16,20:00,-4.30,,-4.90,,96.00,,32.00,,7.00,,,,101.02,,,,,,NA
2009-6-16 21:00,2009,6,16,21:00,-4.40,,-5.00,,96.00,,31.00,,6.00,,,,101.05,,,,,,NA
2009-6-16 22:00,2009,6,16,22:00,-4.30,,-4.90,,96.00,,32.00,,7.00,,,,101.05,,,,,,NA
2009-6-16 23:00,2009,6,16,23:00,-4.50,,-5.10,,96.00,,31.00,,11.00,,,,101.03,,,,-9.00,,NA
2009-6-17 0:00,2009,6,17,0:00,-4.90,,-5.60,,95.00,,31.00,,9.00,,,,101.03,,,,,,NA
2009-6-17 1:00,2009,6,17,1:00,-5.10,,-5.80,,95.00,,34.00,,11.00,,,,101.02,,,,-10.00,,NA
2009-6-17 2:00,2009,6,17,2:00,-4.60,,-5.30,,95.00,,33.00,,11.00,,,,101.05,,,,-9.00,,NA
2009-6-17 3:00,2009,6,17,3:00,-4.70,,-5.40,,95.00,,31.00,,13.00,,,,101.05,,,,-10.00,,NA
2009-6-17 4:00,2009,6,17,4:00,-4.50,,-5.30,,94.00,,33.00,,13.00,,,,101.08,,,,-10.00,,NA
2009-6-17 5:00,2009,6,17,5:00,-4.40,,-5.10,,95.00,,32.00,,11.00,,,,101.09,,,,-9.00,,NA
2009-6-17 6:00,2009,6,17,6:00,-3.90,,-4.70,,94.00,,34.00,,15.00,,,,101.10,,,,-9.00,,NA
2009-6-17 7:00,2009,6,17,7:00,-4.00,,-4.90,,93.00,,32.00,,17.00,,,,101.12,,,,-10.00,,NA
2009-6-17 8:00,2009,6,17,8:00,-3.60,,-4.60,,93.00,,32.00,,20.00,,,,101.12,,,,-10.00,,NA
2009-6-17 9:00,2009,6,17,9:00,-3.00,,-4.10,,92.00,,32.00,,15.00,,,,101.14,,,,-8.00,,NA
2009-6-17 10:00,2009,6,17,10:00,-2.50,,-3.70,,91.00,,33.00,,17.00,,,,101.15,,,,-8.00,,NA
2009-6-17 11:00,2009,6,17,11:00,-2.00,,-3.20,,91.00,,35.00,,15.00,,,,101.18,,,,-7.00,,NA
2009-6-17 12:00,2009,6,17,12:00,-2.10,,-3.60,,89.00,,34.00,,11.00,,,,101.19,,,,-6.00,,NA
2009-6-17 13:00,2009,6,17,13:00,-2.20,,-3.90,,88.00,,36.00,,11.00,,,,101.17,,,,-6.00,,NA
2009-6-17 14:00,2009,6,17,14:00,-2.10,,-3.90,,87.00,,35.00,,9.00,,,,101.17,,,,,,NA
2009-6-17 15:00,2009,6,17,15:00,-2.10,,-3.70,,89.00,,34.00,,13.00,,,,101.17,,,,-7.00,,NA
2009-6-17 16:00,2009,6,17,16:00,-2.00,,-3.80,,87.00,,34.00,,13.00,,,,101.15,,,,-6.00,,NA
2009-6-17 17:00,2009,6,17,17:00,-2.00,,-3.60,,89.00,,34.00,,15.00,,,,101.15,,,,-7.00,,NA
2009-6-17 18:00,2009,6,17,18:00,-2.00,,-3.70,,88.00,,34.00,,15.00,,,,101.14,,,,-7.00,,NA
2009-6-17 19:00,2009,6,17,19:00,-1.90,,-3.70,,87.00,,35.00,,20.00,,,,101.17,,,,-8.00,,NA
2009-6-17 20:00,2009,6,17,20:00,-1.60,,-3.20,,89.00,,35.00,,17.00,,,,101.18,,,,-7.00,,NA
2009-6-17 21:00,2009,6,17,21:00,-1.70,,-2.80,,92.00,,34.00,,11.00,,,,101.16,,,,-6.00,,NA
2009-6-17 22:00,2009,6,17,22:00,-1.60,,-2.70,,92.00,,36.00,,13.00,,,,101.14,,,,-6.00,,NA
2009-6-17 23:00,2009,6,17,23:00,-1.60,,-2.50,,94.00,,1.00,,15.00,,,,101.13,,,,-6.00,,NA
2009-6-18 0:00,2009,6,18,0:00,-1.70,,-2.60,,94.00,,35.00,,19.00,,,,101.09,,,,-7.00,,NA
2009-6-18 1:00,2009,6,18,1:00,-1.60,,-2.30,,95.00,,1.00,,17.00,,,,101.11,,,,-7.00,,NA
2009-6-18 2:00,2009,6,18,2:00,-1.60,,-2.40,,94.00,,36.00,,17.00,,,,101.09,,,,-7.00,,NA
2009-6-18 3:00,2009,6,18,3:00,-1.70,,-2.40,,95.00,,36.00,,19.00,,,,101.08,,,,-7.00,,NA
2009-6-18 4:00,2009,6,18,4:00,-1.70,,-2.30,,96.00,,35.00,,17.00,,,,101.11,,,,-7.00,,NA
2009-6-18 5:00,2009,6,18,5:00,-1.60,,-2.10,,96.00,,34.00,,20.00,,,,101.10,,,,-7.00,,NA
2009-6-18 6:00,2009,6,18,6:00,-1.50,,-2.00,,96.00,,35.00,,20.00,,,,101.09,,,,-7.00,,NA
2009-6-18 7:00,2009,6,18,7:00,-1.50,,-2.00,,96.00,,35.00,,20.00,,,,101.07,,,,-7.00,,NA
2009-6-18 8:00,2009,6,18,8:00,-1.30,,-1.80,,96.00,,36.00,,19.00,,,,101.06,,,,-7.00,,NA
2009-6-18 9:00,2009,6,18,9:00,-1.20,,-1.70,,96.00,,36.00,,15.00,,,,101.05,,,,-6.00,,NA
2009-6-18 10:00,2009,6,18,10:00,-1.20,,-1.80,,96.00,,1.00,,15.00,,,,101.04,,,,-6.00,,NA
2009-6-18 11:00,2009,6,18,11:00,-1.20,,-1.80,,96.00,,1.00,,17.00,,,,101.02,,,,-6.00,,NA
2009-6-18 12:00,2009,6,18,12:00,-1.20,,-1.80,,96.00,,35.00,,19.00,,,,101.00,,,,-7.00,,NA
2009-6-18 13:00,2009,6,18,13:00,-1.30,,-1.80,,96.00,,35.00,,20.00,,,,100.96,,,,-7.00,,NA
2009-6-18 14:00,2009,6,18,14:00,-1.30,,-1.70,,97.00,,34.00,,22.00,,,,100.97,,,,-7.00,,NA
2009-6-18 15:00,2009,6,18,15:00,-1.10,,-1.50,,97.00,,34.00,,20.00,,,,100.94,,,,-7.00,,NA
2009-6-18 16:00,2009,6,18,16:00,-1.00,,-1.40,,97.00,,34.00,,20.00,,,,100.91,,,,-7.00,,NA
2009-6-18 17:00,2009,6,18,17:00,-0.80,,-1.10,,98.00,,34.00,,26.00,,,,100.91,,,,-7.00,,NA
2009-6-18 18:00,2009,6,18,18:00,-0.60,,-0.90,,98.00,,34.00,,20.00,,,,100.90,,,,-6.00,,NA
2009-6-18 19:00,2009,6,18,19:00,-0.50,,-0.80,,98.00,,1.00,,13.00,,,,100.90,,,,-5.00,,NA
2009-6-18 20:00,2009,6,18,20:00,-0.70,,-1.10,,97.00,,35.00,,17.00,,,,100.85,,,,-6.00,,NA
2009-6-18 21:00,2009,6,18,21:00,-0.80,,-1.20,,97.00,,34.00,,20.00,,,,100.85,,,,-6.00,,NA
2009-6-18 22:00,2009,6,18,22:00,-0.60,,-0.90,,98.00,,34.00,,22.00,,,,100.83,,,,-6.00,,NA
2009-6-18 23:00,2009,6,18,23:00,-0.40,,-0.70,,98.00,,35.00,,24.00,,,,100.79,,,,-6.00,,NA
2009-6-19 0:00,2009,6,19,0:00,-0.80,,-1.20,,97.00,,36.00,,17.00,,,,100.78,,,,-6.00,,NA
2009-6-19 1:00,2009,6,19,1:00,-0.80,,-1.20,,97.00,,34.00,,24.00,,,,100.77,,,,-7.00,,NA
2009-6-19 2:00,2009,6,19,2:00,-0.50,,-0.90,,97.00,,34.00,,26.00,,,,100.72,,,,-7.00,,NA
2009-6-19 3:00,2009,6,19,3:00,-0.40,,-0.70,,98.00,,35.00,,22.00,,,,100.71,,,,-6.00,,NA
2009-6-19 4:00,2009,6,19,4:00,-0.30,,-0.60,,98.00,,34.00,,26.00,,,,100.69,,,,-6.00,,NA
2009-6-19 5:00,2009,6,19,5:00,-0.30,,-0.50,,99.00,,34.00,,24.00,,,,100.67,,,,-6.00,,NA
2009-6-19 6:00,2009,6,19,6:00,-0.30,,-0.60,,98.00,,34.00,,28.00,,,,100.64,,,,-7.00,,NA
2009-6-19 7:00,2009,6,19,7:00,-0.40,,-0.70,,98.00,,35.00,,22.00,,,,100.64,,,,-6.00,,NA
2009-6-19 8:00,2009,6,19,8:00,-0.50,,-0.80,,98.00,,35.00,,24.00,,,,100.63,,,,-6.00,,NA
2009-6-19 9:00,2009,6,19,9:00,-0.60,,-0.90,,98.00,,35.00,,28.00,,,,100.62,,,,-7.00,,NA
2009-6-19 10:00,2009,6,19,10:00,-0.50,,-0.70,,99.00,,35.00,,24.00,,,,100.60,,,,-6.00,,NA
2009-6-19 11:00,2009,6,19,11:00,-0.60,,-0.90,,98.00,,36.00,,24.00,,,,100.58,,,,-7.00,,NA
2009-6-19 12:00,2009,6,19,12:00,-0.60,,-0.90,,98.00,,36.00,,22.00,,,,100.58,,,,-6.00,,NA
2009-6-19 13:00,2009,6,19,13:00,-0.80,,-1.20,,97.00,,35.00,,24.00,,,,100.57,,,,-7.00,,NA
2009-6-19 14:00,2009,6,19,14:00,-0.60,,-1.10,,96.00,,35.00,,24.00,,,,100.55,,,,-7.00,,NA
2009-6-19 15:00,2009,6,19,15:00,-0.70,,-1.20,,96.00,,35.00,,30.00,,,,100.53,,,,-7.00,,NA
2009-6-19 16:00,2009,6,19,16:00,-0.80,,-1.30,,96.00,,36.00,,30.00,,,,100.50,,,,-8.00,,NA
2009-6-19 17:00,2009,6,19,17:00,-0.80,,-1.50,,95.00,,35.00,,33.00,,,,100.46,,,,-8.00,,NA
2009-6-19 18:00,2009,6,19,18:00,-0.90,,-1.40,,96.00,,36.00,,30.00,,,,100.45,,,,-8.00,,NA
2009-6-19 19:00,2009,6,19,19:00,-1.00,,-1.40,,97.00,,36.00,,32.00,,,,100.41,,,,-8.00,,NA
2009-6-19 20:00,2009,6,19,20:00,-1.10,,-1.50,,97.00,,35.00,,30.00,,,,100.40,,,,-8.00,,NA
2009-6-19 21:00,2009,6,19,21:00,-1.40,,-1.80,,97.00,,35.00,,28.00,,,,100.38,,,,-8.00,,NA
2009-6-19 22:00,2009,6,19,22:00,-1.70,,-2.10,,97.00,,35.00,,26.00,,,,100.32,,,,-8.00,,NA
2009-6-19 23:00,2009,6,19,23:00,-1.70,,-2.00,,98.00,,33.00,,35.00,,,,100.27,,,,-9.00,,NA
2009-6-20 0:00,2009,6,20,0:00,-1.50,,-1.90,,97.00,,32.00,,35.00,,,,100.23,,,,-9.00,,NA
2009-6-20 1:00,2009,6,20,1:00,-1.30,,-1.70,,97.00,,32.00,,39.00,,,,100.19,,,,-9.00,,NA
2009-6-20 2:00,2009,6,20,2:00,-1.10,,-1.50,,97.00,,32.00,,41.00,,,,100.17,,,,-9.00,,NA
2009-6-20 3:00,2009,6,20,3:00,-1.00,,-1.30,,98.00,,32.00,,39.00,,,,100.16,,,,-9.00,,NA
2009-6-20 4:00,2009,6,20,4:00,-0.80,,-1.10,,98.00,,33.00,,35.00,,,,100.14,,,,-8.00,,NA
2009-6-20 5:00,2009,6,20,5:00,-0.50,,-0.80,,98.00,,33.00,,32.00,,,,100.15,,,,-7.00,,NA
2009-6-20 6:00,2009,6,20,6:00,-0.40,,-0.70,,98.00,,33.00,,30.00,,,,100.14,,,,-7.00,,NA
2009-6-20 7:00,2009,6,20,7:00,-0.40,,-0.80,,97.00,,32.00,,35.00,,,,100.11,,,,-7.00,,NA
2009-6-20 8:00,2009,6,20,8:00,-0.30,,-0.80,,96.00,,33.00,,30.00,,,,100.10,,,,-7.00,,NA
2009-6-20 9:00,2009,6,20,9:00,-0.30,,-0.80,,96.00,,33.00,,32.00,,,,100.09,,,,-7.00,,NA
2009-6-20 10:00,2009,6,20,10:00,-0.30,,-0.90,,96.00,,34.00,,28.00,,,,100.06,,,,-7.00,,NA
2009-6-20 11:00,2009,6,20,11:00,-0.60,,-1.30,,95.00,,35.00,,24.00,,,,100.05,,,,-7.00,,NA
2009-6-20 12:00,2009,6,20,12:00,-0.60,,-1.30,,95.00,,34.00,,28.00,,,,100.03,,,,-7.00,,NA
2009-6-20 13:00,2009,6,20,13:00,-0.60,,-1.30,,95.00,,34.00,,20.00,,,,100.03,,,,-6.00,,NA
2009-6-20 14:00,2009,6,20,14:00,-0.50,,-1.20,,95.00,,34.00,,22.00,,,,100.01,,,,-6.00,,NA
2009-6-20 15:00,2009,6,20,15:00,-0.50,,-1.30,,94.00,,35.00,,19.00,,,,99.99,,,,-6.00,,NA
2009-6-20 16:00,2009,6,20,16:00,-0.40,,-1.30,,94.00,,34.00,,22.00,,,,100.01,,,,-6.00,,NA
2009-6-20 17:00,2009,6,20,17:00,-0.50,,-1.30,,94.00,,35.00,,17.00,,,,100.02,,,,-5.00,,NA
2009-6-20 18:00,2009,6,20,18:00,-0.70,,-1.70,,93.00,,35.00,,15.00,,,,100.02,,,,-5.00,,NA
2009-6-20 19:00,2009,6,20,19:00,-0.70,,-1.60,,94.00,,35.00,,17.00,,,,100.03,,,,-6.00,,NA
2009-6-20 20:00,2009,6,20,20:00,-0.90,,-1.70,,94.00,,35.00,,9.00,,,,100.06,,,,,,NA
2009-6-20 21:00,2009,6,20,21:00,-1.00,,-1.90,,94.00,,34.00,,11.00,,,,100.07,,,,-5.00,,NA
2009-6-20 22:00,2009,6,20,22:00,-1.00,,-1.80,,94.00,,34.00,,9.00,,,,100.09,,,,,,NA
2009-6-20 23:00,2009,6,20,23:00,-1.00,,-1.60,,96.00,,35.00,,13.00,,,,100.10,,,,-5.00,,NA
2009-6-21 0:00,2009,6,21,0:00,-1.30,,-2.00,,95.00,,36.00,,9.00,,,,100.11,,,,,,NA
2009-6-21 1:00,2009,6,21,1:00,-1.30,,-1.90,,96.00,,3.00,,9.00,,,,100.16,,,,,,NA
2009-6-21 2:00,2009,6,21,2:00,-1.30,,-1.90,,96.00,,36.00,,6.00,,,,100.18,,,,,,NA
2009-6-21 3:00,2009,6,21,3:00,-1.50,,-1.90,,97.00,,3.00,,7.00,,,,100.23,,,,,,NA
2009-6-21 4:00,2009,6,21,4:00,-2.00,,-2.30,,98.00,,2.00,,7.00,,,,100.29,,,,,,NA
2009-6-21 5:00,2009,6,21,5:00,-2.00,,-2.20,,99.00,,35.00,,2.00,,,,100.33,,,,,,NA
2009-6-21 6:00,2009,6,21,6:00,-2.70,,-3.00,,98.00,,34.00,,4.00,,,,100.35,,,,,,NA
2009-6-21 7:00,2009,6,21,7:00,-2.80,,-3.20,,97.00,,32.00,,7.00,,,,100.41,,,,,,NA
2009-6-21 8:00,2009,6,21,8:00,-2.70,,-3.50,,94.00,,32.00,,2.00,,,,100.42,,,,,,NA
2009-6-21 9:00,2009,6,21,9:00,-2.60,,-4.30,,88.00,,31.00,,6.00,,,,100.46,,,,,,NA
2009-6-21 10:00,2009,6,21,10:00,-2.20,,-4.30,,85.00,,27.00,,7.00,,,,100.45,,,,,,NA
2009-6-21 11:00,2009,6,21,11:00,-2.20,,-4.00,,87.00,,31.00,,2.00,,,,100.48,,,,,,NA
2009-6-21 12:00,2009,6,21,12:00,-2.10,,-3.70,,89.00,,3.00,,4.00,,,,100.52,,,,,,NA
2009-6-21 13:00,2009,6,21,13:00,-2.20,,-3.90,,88.00,,11.00,,4.00,,,,100.54,,,,,,NA
2009-6-21 14:00,2009,6,21,14:00,-2.10,,-3.50,,90.00,,28.00,,6.00,,,,100.57,,,,,,NA
2009-6-21 15:00,2009,6,21,15:00,-2.30,,-3.30,,93.00,,6.00,,7.00,,,,100.60,,,,,,NA
2009-6-21 16:00,2009,6,21,16:00,-2.60,,-3.20,,96.00,,5.00,,7.00,,,,100.63,,,,,,NA
2009-6-21 17:00,2009,6,21,17:00,-2.60,,-3.20,,96.00,,6.00,,6.00,,,,100.66,,,,,,NA
2009-6-21 18:00,2009,6,21,18:00,-2.50,,-2.90,,97.00,,7.00,,6.00,,,,100.69,,,,,,NA
2009-6-21 19:00,2009,6,21,19:00,-2.50,,-2.90,,97.00,,9.00,,7.00,,,,100.72,,,,,,NA
2009-6-21 20:00,2009,6,21,20:00,-2.60,,-2.90,,98.00,,9.00,,4.00,,,,100.74,,,,,,NA
2009-6-21 21:00,2009,6,21,21:00,-2.60,,-2.90,,98.00,,12.00,,6.00,,,,100.78,,,,,,NA
2009-6-21 22:00,2009,6,21,22:00,-3.10,,-3.40,,98.00,,9.00,,7.00,,,,100.81,,,,,,NA
2009-6-21 23:00,2009,6,21,23:00,-2.90,,-3.20,,98.00,,11.00,,7.00,,,,100.82,,,,,,NA
2009-6-22 0:00,2009,6,22,0:00,-3.50,,-3.80,,98.00,,9.00,,6.00,,,,100.85,,,,,,NA
2009-6-22 1:00,2009,6,22,1:00,-3.60,,-4.00,,97.00,,8.00,,4.00,,,,100.88,,,,,,NA
2009-6-22 2:00,2009,6,22,2:00,-3.60,,-4.00,,97.00,,10.00,,4.00,,,,100.90,,,,,,NA
2009-6-22 3:00,2009,6,22,3:00,-3.80,,-4.20,,97.00,,35.00,,4.00,,,,100.94,,,,,,NA
2009-6-22 4:00,2009,6,22,4:00,-4.00,,-4.40,,97.00,,29.00,,4.00,,,,100.98,,,,,,NA
2009-6-22 5:00,2009,6,22,5:00,-4.10,,-4.50,,97.00,,28.00,,4.00,,,,101.01,,,,,,NA
2009-6-22 6:00,2009,6,22,6:00,-4.30,,-4.80,,96.00,,28.00,,6.00,,,,101.03,,,,,,NA
2009-6-22 7:00,2009,6,22,7:00,-4.20,,-4.70,,96.00,,28.00,,4.00,,,,101.04,,,,,,NA
2009-6-22 8:00,2009,6,22,8:00,-4.30,,-4.80,,96.00,,31.00,,4.00,,,,101.06,,,,,,NA
2009-6-22 9:00,2009,6,22,9:00,-4.40,,-5.00,,96.00,,32.00,,6.00,,,,101.08,,,,,,NA
2009-6-22 10:00,2009,6,22,10:00,-4.30,,-4.90,,96.00,,32.00,,4.00,,,,101.09,,,,,,NA
2009-6-22 11:00,2009,6,22,11:00,-4.40,,-5.00,,96.00,,32.00,,6.00,,,,101.09,,,,,,NA
2009-6-22 12:00,2009,6,22,12:00,-4.30,,-5.00,,95.00,,31.00,,4.00,,,,101.09,,,,,,NA
2009-6-22 13:00,2009,6,22,13:00,-4.40,,-5.20,,94.00,,31.00,,4.00,,,,101.11,,,,,,NA
2009-6-22 14:00,2009,6,22,14:00,-4.40,,-5.00,,96.00,,31.00,,6.00,,,,101.15,,,,,,NA
2009-6-22 15:00,2009,6,22,15:00,-4.40,,-5.10,,95.00,,29.00,,6.00,,,,101.17,,,,,,NA
2009-6-22 16:00,2009,6,22,16:00,-4.10,,-4.70,,96.00,,31.00,,6.00,,,,101.17,,,,,,NA
2009-6-22 17:00,2009,6,22,17:00,-4.00,,-4.70,,95.00,,31.00,,6.00,,,,101.18,,,,,,NA
2009-6-22 18:00,2009,6,22,18:00,-3.90,,-4.50,,96.00,,33.00,,7.00,,,,101.20,,,,,,NA
2009-6-22 19:00,2009,6,22,19:00,-3.40,,-4.00,,96.00,,25.00,,4.00,,,,101.22,,,,,,NA
2009-6-22 20:00,2009,6,22,20:00,-3.60,,-4.20,,96.00,,28.00,,4.00,,,,101.21,,,,,,NA
2009-6-22 21:00,2009,6,22,21:00,-3.90,,-4.50,,96.00,,31.00,,6.00,,,,101.24,,,,,,NA
2009-6-22 22:00,2009,6,22,22:00,-3.70,,-4.20,,96.00,,31.00,,6.00,,,,101.25,,,,,,NA
2009-6-22 23:00,2009,6,22,23:00,-3.60,,-4.20,,96.00,,29.00,,6.00,,,,101.26,,,,,,NA
2009-6-23 0:00,2009,6,23,0:00,-3.80,,-4.40,,96.00,,31.00,,6.00,,,,101.28,,,,,,NA
2009-6-23 1:00,2009,6,23,1:00,-3.90,,-4.40,,96.00,,31.00,,6.00,,,,101.31,,,,,,NA
2009-6-23 2:00,2009,6,23,2:00,-3.90,,-4.50,,96.00,,33.00,,7.00,,,,101.32,,,,,,NA
2009-6-23 3:00,2009,6,23,3:00,-3.90,,-4.50,,96.00,,28.00,,7.00,,,,101.35,,,,,,NA
2009-6-23 4:00,2009,6,23,4:00,-3.80,,-4.50,,95.00,,28.00,,6.00,,,,101.36,,,,,,NA
2009-6-23 5:00,2009,6,23,5:00,-3.80,,-4.50,,95.00,,30.00,,7.00,,,,101.38,,,,,,NA
2009-6-23 6:00,2009,6,23,6:00,-3.90,,-4.50,,96.00,,32.00,,9.00,,,,101.40,,,,,,NA
2009-6-23 7:00,2009,6,23,7:00,-4.00,,-4.70,,95.00,,31.00,,7.00,,,,101.40,,,,,,NA
2009-6-23 8:00,2009,6,23,8:00,-3.60,,-4.40,,94.00,,30.00,,6.00,,,,101.41,,,,,,NA
2009-6-23 9:00,2009,6,23,9:00,-3.70,,-4.50,,94.00,,31.00,,7.00,,,,101.42,,,,,,NA
2009-6-23 10:00,2009,6,23,10:00,-4.00,,-4.80,,94.00,,33.00,,7.00,,,,101.41,,,,,,NA
2009-6-23 11:00,2009,6,23,11:00,-3.80,,-4.80,,93.00,,31.00,,6.00,,,,101.42,,,,,,NA
2009-6-23 12:00,2009,6,23,12:00,-3.50,,-4.60,,92.00,,31.00,,6.00,,,,101.42,,,,,,NA
2009-6-23 13:00,2009,6,23,13:00,-3.70,,-4.80,,92.00,,33.00,,7.00,,,,101.43,,,,,,NA
2009-6-23 14:00,2009,6,23,14:00,-3.90,,-4.80,,93.00,,34.00,,11.00,,,,101.45,,,,-8.00,,NA
2009-6-23 15:00,2009,6,23,15:00,-4.30,,-5.20,,93.00,,32.00,,7.00,,,,101.46,,,,,,NA
2009-6-23 16:00,2009,6,23,16:00,-4.00,,-5.20,,91.00,,34.00,,6.00,,,,101.45,,,,,,NA
2009-6-23 17:00,2009,6,23,17:00,-3.70,,-4.90,,91.00,,33.00,,4.00,,,,101.47,,,,,,NA
2009-6-23 18:00,2009,6,23,18:00,-3.60,,-4.90,,91.00,,32.00,,2.00,,,,101.46,,,,,,NA
2009-6-23 19:00,2009,6,23,19:00,-4.20,,-5.30,,92.00,,32.00,,4.00,,,,101.46,,,,,,NA
2009-6-23 20:00,2009,6,23,20:00,-4.20,,-5.20,,93.00,,31.00,,6.00,,,,101.44,,,,,,NA
2009-6-23 21:00,2009,6,23,21:00,-4.30,,-5.10,,94.00,,34.00,,6.00,,,,101.44,,,,,,NA
2009-6-23 22:00,2009,6,23,22:00,-4.80,,-5.50,,95.00,,31.00,,4.00,,,,101.44,,,,,,NA
2009-6-23 23:00,2009,6,23,23:00,-5.00,,-5.60,,96.00,,34.00,,6.00,,,,101.44,,,,,,NA
2009-6-24 0:00,2009,6,24,0:00,-5.10,,-5.70,,96.00,,34.00,,4.00,,,,101.42,,,,,,NA
2009-6-24 1:00,2009,6,24,1:00,-5.10,,-5.50,,97.00,,31.00,,2.00,,,,101.41,,,,,,NA
2009-6-24 2:00,2009,6,24,2:00,-5.00,,-5.40,,97.00,,24.00,,2.00,,,,101.40,,,,,,NA
2009-6-24 3:00,2009,6,24,3:00,-5.70,,-6.40,,95.00,,33.00,,2.00,,,,101.39,,,,,,NA
2009-6-24 4:00,2009,6,24,4:00,-5.60,,-6.10,,96.00,,7.00,,6.00,,,,101.37,,,,,,NA
2009-6-24 5:00,2009,6,24,5:00,-5.70,,-6.40,,95.00,,9.00,,4.00,,,,101.34,,,,,,NA
2009-6-24 6:00,2009,6,24,6:00,-5.60,,-6.30,,95.00,,11.00,,4.00,,,,101.32,,,,,,NA
2009-6-24 7:00,2009,6,24,7:00,-5.70,,-6.50,,94.00,,11.00,,4.00,,,,101.29,,,,,,NA
2009-6-24 8:00,2009,6,24,8:00,-5.30,,-6.10,,94.00,,4.00,,6.00,,,,101.27,,,,,,NA
2009-6-24 9:00,2009,6,24,9:00,-5.40,,-6.20,,94.00,,7.00,,6.00,,,,101.26,,,,,,NA
2009-6-24 10:00,2009,6,24,10:00,-5.30,,-6.20,,93.00,,9.00,,4.00,,,,101.23,,,,,,NA
2009-6-24 11:00,2009,6,24,11:00,-5.20,,-6.00,,94.00,,7.00,,4.00,,,,101.20,,,,,,NA
2009-6-24 12:00,2009,6,24,12:00,-4.90,,-5.90,,93.00,,6.00,,6.00,,,,101.16,,,,,,NA
2009-6-24 13:00,2009,6,24,13:00,-4.80,,-5.60,,94.00,,5.00,,7.00,,,,101.15,,,,,,NA
2009-6-24 14:00,2009,6,24,14:00,-4.90,,-5.60,,95.00,,8.00,,6.00,,,,101.12,,,,,,NA
2009-6-24 15:00,2009,6,24,15:00,-4.70,,-5.50,,94.00,,6.00,,6.00,,,,101.11,,,,,,NA
2009-6-24 16:00,2009,6,24,16:00,-4.90,,-5.80,,93.00,,8.00,,6.00,,,,101.08,,,,,,NA
2009-6-24 17:00,2009,6,24,17:00,-4.60,,-5.30,,95.00,,5.00,,7.00,,,,101.06,,,,,,NA
2009-6-24 18:00,2009,6,24,18:00,-4.70,,-5.30,,96.00,,7.00,,7.00,,,,101.03,,,,,,NA
2009-6-24 19:00,2009,6,24,19:00,-4.80,,-5.40,,96.00,,7.00,,7.00,,,,101.02,,,,,,NA
2009-6-24 20:00,2009,6,24,20:00,-4.60,,-5.20,,96.00,,7.00,,6.00,,,,101.01,,,,,,NA
2009-6-24 21:00,2009,6,24,21:00,-4.80,,-5.40,,96.00,,9.00,,6.00,,,,101.00,,,,,,NA
2009-6-24 22:00,2009,6,24,22:00,-4.40,,-4.90,,96.00,,9.00,,9.00,,,,100.99,,,,,,NA
2009-6-24 23:00,2009,6,24,23:00,-4.90,,-5.40,,96.00,,9.00,,7.00,,,,100.98,,,,,,NA
2009-6-25 0:00,2009,6,25,0:00,-5.10,,-5.70,,96.00,,7.00,,6.00,,,,100.97,,,,,,NA
2009-6-25 1:00,2009,6,25,1:00,-5.30,,-5.90,,96.00,,8.00,,6.00,,,,100.97,,,,,,NA
2009-6-25 2:00,2009,6,25,2:00,-5.30,,-6.00,,95.00,,9.00,,4.00,,,,100.97,,,,,,NA
2009-6-25 3:00,2009,6,25,3:00,-4.90,,-5.60,,95.00,,10.00,,6.00,,,,100.98,,,,,,NA
2009-6-25 4:00,2009,6,25,4:00,-4.70,,-5.40,,95.00,,7.00,,4.00,,,,100.97,,,,,,NA
2009-6-25 5:00,2009,6,25,5:00,-4.60,,-5.40,,94.00,,7.00,,4.00,,,,100.96,,,,,,NA
2009-6-25 6:00,2009,6,25,6:00,-3.80,,-4.50,,95.00,,0.00,,0.00,,,,100.98,,,,,,NA
2009-6-25 7:00,2009,6,25,7:00,-4.20,,-5.10,,93.00,,35.00,,4.00,,,,100.96,,,,,,NA
2009-6-25 8:00,2009,6,25,8:00,-3.80,,-4.70,,93.00,,35.00,,2.00,,,,100.97,,,,,,NA
2009-6-25 9:00,2009,6,25,9:00,-3.50,,-4.60,,92.00,,4.00,,6.00,,,,100.96,,,,,,NA
2009-6-25 10:00,2009,6,25,10:00,-2.50,,-3.60,,92.00,,0.00,,0.00,,,,100.97,,,,,,NA
2009-6-25 11:00,2009,6,25,11:00,-2.80,,-4.20,,90.00,,26.00,,2.00,,,,100.98,,,,,,NA
2009-6-25 12:00,2009,6,25,12:00,-2.90,,-3.90,,93.00,,4.00,,6.00,,,,100.96,,,,,,NA
2009-6-25 13:00,2009,6,25,13:00,-1.70,,-3.30,,89.00,,8.00,,2.00,,,,100.97,,,,,,NA
2009-6-25 14:00,2009,6,25,14:00,-2.40,,-3.80,,90.00,,3.00,,2.00,,,,100.96,,,,,,NA
2009-6-25 15:00,2009,6,25,15:00,-3.20,,-3.90,,95.00,,6.00,,6.00,,,,100.97,,,,,,NA
2009-6-25 16:00,2009,6,25,16:00,-3.00,,-3.60,,96.00,,9.00,,2.00,,,,100.97,,,,,,NA
2009-6-25 17:00,2009,6,25,17:00,-2.40,,-4.00,,89.00,,7.00,,2.00,,,,100.96,,,,,,NA
2009-6-25 18:00,2009,6,25,18:00,-2.50,,-4.00,,89.00,,9.00,,2.00,,,,100.96,,,,,,NA
2009-6-25 19:00,2009,6,25,19:00,-3.10,,-4.50,,90.00,,6.00,,2.00,,,,100.97,,,,,,NA
2009-6-25 20:00,2009,6,25,20:00,-1.70,,-4.90,,79.00,,0.00,,0.00,,,,100.97,,,,,,NA
2009-6-25 21:00,2009,6,25,21:00,-3.00,,-5.00,,86.00,,10.00,,2.00,,,,100.96,,,,,,NA
2009-6-25 22:00,2009,6,25,22:00,-1.10,,-4.30,,79.00,,0.00,,0.00,,,,100.95,,,,,,NA
2009-6-25 23:00,2009,6,25,23:00,-1.80,,-4.90,,79.00,,0.00,,0.00,,,,100.92,,,,,,NA
2009-6-26 0:00,2009,6,26,0:00,-1.60,,-5.60,,74.00,,0.00,,0.00,,,,100.90,,,,,,NA
2009-6-26 1:00,2009,6,26,1:00,-1.00,,-4.30,,78.00,,0.00,,0.00,,,,100.89,,,,,,NA
2009-6-26 2:00,2009,6,26,2:00,-1.80,,-4.90,,79.00,,0.00,,0.00,,,,100.88,,,,,,NA
2009-6-26 3:00,2009,6,26,3:00,-0.90,,-4.60,,76.00,,0.00,,0.00,,,,100.87,,,,,,NA
2009-6-26 4:00,2009,6,26,4:00,-1.00,,-4.10,,79.00,,0.00,,0.00,,,,100.87,,,,,,NA
2009-6-26 5:00,2009,6,26,5:00,-1.20,,-4.10,,81.00,,22.00,,2.00,,,,100.87,,,,,,NA
2009-6-26 6:00,2009,6,26,6:00,-1.10,,-4.00,,81.00,,7.00,,2.00,,,,100.85,,,,,,NA
2009-6-26 7:00,2009,6,26,7:00,0.30,,-4.00,,73.00,,23.00,,2.00,,,,100.83,,,,,,NA
2009-6-26 8:00,2009,6,26,8:00,0.30,,-3.50,,76.00,,26.00,,2.00,,,,100.81,,,,,,NA
2009-6-26 9:00,2009,6,26,9:00,0.10,,-3.50,,77.00,,27.00,,6.00,,,,100.79,,,,,,NA
2009-6-26 10:00,2009,6,26,10:00,-0.10,,-3.60,,77.00,,33.00,,4.00,,,,100.77,,,,,,NA
2009-6-26 11:00,2009,6,26,11:00,-0.80,,-3.80,,80.00,,33.00,,9.00,,,,100.75,,,,,,NA
2009-6-26 12:00,2009,6,26,12:00,-0.40,,-3.80,,78.00,,31.00,,6.00,,,,100.72,,,,,,NA
2009-6-26 13:00,2009,6,26,13:00,0.00,,-4.00,,74.00,,33.00,,4.00,,,,100.70,,,,,,NA
2009-6-26 14:00,2009,6,26,14:00,1.20,,-3.40,,71.00,,0.00,,0.00,,,,100.67,,,,,,NA
2009-6-26 15:00,2009,6,26,15:00,2.00,,-3.70,,66.00,,0.00,,0.00,,,,100.65,,,,,,NA
2009-6-26 16:00,2009,6,26,16:00,1.60,,-2.50,,74.00,,0.00,,0.00,,,,100.65,,,,,,NA
2009-6-26 17:00,2009,6,26,17:00,1.70,,-3.30,,69.00,,0.00,,0.00,,,,100.63,,,,,,NA
2009-6-26 18:00,2009,6,26,18:00,0.60,,-3.00,,77.00,,7.00,,4.00,,,,100.62,,,,,,NA
2009-6-26 19:00,2009,6,26,19:00,1.70,,-3.50,,68.00,,0.00,,0.00,,,,100.61,,,,,,NA
2009-6-26 20:00,2009,6,26,20:00,1.70,,-3.10,,70.00,,36.00,,2.00,,,,100.61,,,,,,NA
2009-6-26 21:00,2009,6,26,21:00,1.00,,-2.80,,76.00,,6.00,,2.00,,,,100.60,,,,,,NA
2009-6-26 22:00,2009,6,26,22:00,1.80,,-3.30,,69.00,,0.00,,0.00,,,,100.59,,,,,,NA
2009-6-26 23:00,2009,6,26,23:00,1.50,,-3.20,,71.00,,8.00,,2.00,,,,100.59,,,,,,NA
2009-6-27 0:00,2009,6,27,0:00,1.10,,-2.50,,77.00,,9.00,,2.00,,,,100.59,,,,,,NA
2009-6-27 1:00,2009,6,27,1:00,0.50,,-3.10,,77.00,,8.00,,2.00,,,,100.59,,,,,,NA
2009-6-27 2:00,2009,6,27,2:00,1.00,,-3.80,,70.00,,9.00,,2.00,,,,100.60,,,,,,NA
2009-6-27 3:00,2009,6,27,3:00,1.30,,-2.80,,74.00,,7.00,,4.00,,,,100.61,,,,,,NA
2009-6-27 4:00,2009,6,27,4:00,0.90,,-2.70,,77.00,,8.00,,4.00,,,,100.63,,,,,,NA
2009-6-27 5:00,2009,6,27,5:00,1.20,,-2.90,,74.00,,7.00,,4.00,,,,100.67,,,,,,NA
2009-6-27 6:00,2009,6,27,6:00,0.80,,-2.70,,77.00,,7.00,,6.00,,,,100.69,,,,,,NA
2009-6-27 7:00,2009,6,27,7:00,1.70,,-2.60,,73.00,,10.00,,2.00,,,,100.72,,,,,,NA
2009-6-27 8:00,2009,6,27,8:00,1.70,,-1.90,,77.00,,6.00,,4.00,,,,100.75,,,,,,NA
2009-6-27 9:00,2009,6,27,9:00,2.40,,-1.50,,75.00,,33.00,,2.00,,,,100.80,,,,,,NA
2009-6-27 10:00,2009,6,27,10:00,0.20,,-3.30,,77.00,,35.00,,4.00,,,,100.83,,,,,,NA
2009-6-27 11:00,2009,6,27,11:00,1.10,,-2.50,,77.00,,28.00,,2.00,,,,100.85,,,,,,NA
2009-6-27 12:00,2009,6,27,12:00,0.90,,-2.30,,79.00,,25.00,,4.00,,,,100.87,,,,,,NA
2009-6-27 13:00,2009,6,27,13:00,1.40,,-2.10,,77.00,,27.00,,4.00,,,,100.88,,,,,,NA
2009-6-27 14:00,2009,6,27,14:00,2.90,,-2.30,,69.00,,27.00,,2.00,,,,100.91,,,,,,NA
2009-6-27 15:00,2009,6,27,15:00,1.20,,-2.70,,75.00,,29.00,,7.00,,,,100.94,,,,,,NA
2009-6-27 16:00,2009,6,27,16:00,0.20,,-3.00,,79.00,,32.00,,6.00,,,,100.99,,,,,,NA
2009-6-27 17:00,2009,6,27,17:00,0.10,,-3.10,,79.00,,29.00,,7.00,,,,101.03,,,,,,NA
2009-6-27 18:00,2009,6,27,18:00,0.30,,-3.00,,78.00,,28.00,,9.00,,,,101.06,,,,,,NA
2009-6-27 19:00,2009,6,27,19:00,0.90,,-3.10,,75.00,,28.00,,7.00,,,,101.09,,,,,,NA
2009-6-27 20:00,2009,6,27,20:00,1.50,,-2.90,,72.00,,28.00,,6.00,,,,101.14,,,,,,NA
2009-6-27 21:00,2009,6,27,21:00,1.20,,-3.90,,69.00,,32.00,,4.00,,,,101.19,,,,,,NA
2009-6-27 22:00,2009,6,27,22:00,2.20,,-3.90,,64.00,,0.00,,0.00,,,,101.19,,,,,,NA
2009-6-27 23:00,2009,6,27,23:00,1.70,,-3.70,,67.00,,0.00,,0.00,,,,101.19,,,,,,NA
2009-6-28 0:00,2009,6,28,0:00,0.50,,-3.20,,76.00,,2.00,,2.00,,,,101.22,,,,,,NA
2009-6-28 1:00,2009,6,28,1:00,0.00,,-3.40,,78.00,,7.00,,2.00,,,,101.22,,,,,,NA
2009-6-28 2:00,2009,6,28,2:00,-1.00,,-3.90,,81.00,,3.00,,4.00,,,,101.24,,,,,,NA
2009-6-28 3:00,2009,6,28,3:00,-2.50,,-3.80,,91.00,,33.00,,7.00,,,,101.28,,,,,,NA
2009-6-28 4:00,2009,6,28,4:00,-1.50,,-3.40,,87.00,,23.00,,2.00,,,,101.31,,,,,,NA
2009-6-28 5:00,2009,6,28,5:00,-1.30,,-3.10,,88.00,,26.00,,4.00,,,,101.35,,,,,,NA
2009-6-28 6:00,2009,6,28,6:00,-0.80,,-3.30,,83.00,,29.00,,2.00,,,,101.37,,,,,,NA
2009-6-28 7:00,2009,6,28,7:00,-2.40,,-4.30,,87.00,,33.00,,4.00,,,,101.41,,,,,,NA
2009-6-28 8:00,2009,6,28,8:00,-2.70,,-4.50,,87.00,,34.00,,6.00,,,,101.44,,,,,,NA
2009-6-28 9:00,2009,6,28,9:00,-2.40,,-4.60,,85.00,,31.00,,2.00,,,,101.47,,,,,,NA
2009-6-28 10:00,2009,6,28,10:00,-1.80,,-4.30,,83.00,,32.00,,2.00,,,,101.49,,,,,,NA
2009-6-28 11:00,2009,6,28,11:00,-1.90,,-4.30,,84.00,,2.00,,4.00,,,,101.53,,,,,,NA
2009-6-28 12:00,2009,6,28,12:00,-2.10,,-3.90,,87.00,,2.00,,6.00,,,,101.56,,,,,,NA
2009-6-28 13:00,2009,6,28,13:00,-3.00,,-4.90,,87.00,,33.00,,6.00,,,,101.61,,,,,,NA
2009-6-28 14:00,2009,6,28,14:00,-2.70,,-4.40,,88.00,,34.00,,7.00,,,,101.64,,,,,,NA
2009-6-28 15:00,2009,6,28,15:00,-2.40,,-4.00,,89.00,,34.00,,6.00,,,,101.65,,,,,,NA
2009-6-28 16:00,2009,6,28,16:00,-1.80,,-3.90,,86.00,,34.00,,2.00,,,,101.67,,,,,,NA
2009-6-28 17:00,2009,6,28,17:00,-2.30,,-3.70,,90.00,,8.00,,6.00,,,,101.67,,,,,,NA
2009-6-28 18:00,2009,6,28,18:00,-2.00,,-3.40,,90.00,,5.00,,7.00,,,,101.72,,,,,,NA
2009-6-28 19:00,2009,6,28,19:00,-2.00,,-3.50,,89.00,,7.00,,4.00,,,,101.76,,,,,,NA
2009-6-28 20:00,2009,6,28,20:00,-2.10,,-3.30,,91.00,,5.00,,6.00,,,,101.77,,,,,,NA
2009-6-28 21:00,2009,6,28,21:00,-1.60,,-3.40,,87.00,,24.00,,2.00,,,,101.79,,,,,,NA
2009-6-28 22:00,2009,6,28,22:00,-1.40,,-3.50,,86.00,,29.00,,4.00,,,,101.80,,,,,,NA
2009-6-28 23:00,2009,6,28,23:00,-1.10,,-3.80,,82.00,,34.00,,4.00,,,,101.79,,,,,,NA
2009-6-29 0:00,2009,6,29,0:00,-1.70,,-4.00,,84.00,,4.00,,4.00,,,,101.80,,,,,,NA
2009-6-29 1:00,2009,6,29,1:00,-1.40,,-3.20,,88.00,,35.00,,7.00,,,,101.77,,,,,,NA
2009-6-29 2:00,2009,6,29,2:00,-1.80,,-3.30,,89.00,,36.00,,9.00,,,,101.76,,,,,,NA
2009-6-29 3:00,2009,6,29,3:00,-2.20,,-3.70,,89.00,,36.00,,9.00,,,,101.75,,,,,,NA
2009-6-29 4:00,2009,6,29,4:00,-2.90,,-3.60,,95.00,,34.00,,7.00,,,,101.75,,,,,,NA
2009-6-29 5:00,2009,6,29,5:00,-2.80,,-3.60,,94.00,,36.00,,6.00,,,,101.75,,,,,,NA
2009-6-29 6:00,2009,6,29,6:00,-2.60,,-3.80,,91.00,,6.00,,4.00,,,,101.72,,,,,,NA
2009-6-29 7:00,2009,6,29,7:00,-2.40,,-4.20,,87.00,,8.00,,2.00,,,,101.70,,,,,,NA
2009-6-29 8:00,2009,6,29,8:00,-2.30,,-3.60,,91.00,,10.00,,6.00,,,,101.67,,,,,,NA
2009-6-29 9:00,2009,6,29,9:00,-2.40,,-4.10,,88.00,,6.00,,4.00,,,,101.63,,,,,,NA
2009-6-29 10:00,2009,6,29,10:00,-2.70,,-4.10,,90.00,,6.00,,6.00,,,,101.58,,,,,,NA
2009-6-29 11:00,2009,6,29,11:00,-0.90,,-4.00,,79.00,,16.00,,2.00,,,,101.52,,,,,,NA
2009-6-29 12:00,2009,6,29,12:00,0.30,,-4.80,,69.00,,19.00,,2.00,,,,101.42,,,,,,NA
2009-6-29 13:00,2009,6,29,13:00,-0.60,,-4.60,,74.00,,8.00,,6.00,,,,101.33,,,,,,NA
2009-6-29 14:00,2009,6,29,14:00,-0.40,,-4.20,,75.00,,8.00,,6.00,,,,101.26,,,,,,NA
2009-6-29 15:00,2009,6,29,15:00,0.20,,-2.70,,81.00,,7.00,,11.00,,,,101.20,,,,,,NA
2009-6-29 16:00,2009,6,29,16:00,-0.50,,-2.50,,86.00,,7.00,,11.00,,,,101.15,,,,-4.00,,NA
2009-6-29 17:00,2009,6,29,17:00,0.30,,-3.80,,74.00,,8.00,,6.00,,,,101.09,,,,,,NA
2009-6-29 18:00,2009,6,29,18:00,0.30,,-4.10,,72.00,,5.00,,4.00,,,,101.02,,,,,,NA
2009-6-29 19:00,2009,6,29,19:00,-0.60,,-3.20,,83.00,,7.00,,9.00,,,,100.94,,,,,,NA
2009-6-29 20:00,2009,6,29,20:00,-0.70,,-1.70,,93.00,,5.00,,9.00,,,,100.84,,,,,,NA
2009-6-29 21:00,2009,6,29,21:00,0.20,,-0.90,,92.00,,32.00,,4.00,,,,100.74,,,,,,NA
2009-6-29 22:00,2009,6,29,22:00,-0.20,,-1.20,,93.00,,2.00,,6.00,,,,100.69,,,,,,NA
2009-6-29 23:00,2009,6,29,23:00,-1.70,,-2.20,,96.00,,1.00,,20.00,,,,100.67,,,,-7.00,,NA
2009-6-30 0:00,2009,6,30,0:00,-1.50,,-1.80,,98.00,,5.00,,15.00,,,,100.68,,,,-6.00,,NA
2009-6-30 1:00,2009,6,30,1:00,-1.70,,-2.00,,98.00,,10.00,,6.00,,,,100.65,,,,,,NA
2009-6-30 2:00,2009,6,30,2:00,-1.70,,-2.00,,98.00,,9.00,,6.00,,,,100.60,,,,,,NA
2009-6-30 3:00,2009,6,30,3:00,-1.70,,-2.10,,97.00,,13.00,,4.00,,,,100.57,,,,,,NA
2009-6-30 4:00,2009,6,30,4:00,-1.60,,-2.10,,96.00,,19.00,,6.00,,,,100.54,,,,,,NA
2009-6-30 5:00,2009,6,30,5:00,-1.40,,-2.20,,94.00,,23.00,,4.00,,,,100.49,,,,,,NA
2009-6-30 6:00,2009,6,30,6:00,-1.10,,-2.00,,94.00,,28.00,,7.00,,,,100.47,,,,,,NA
2009-6-30 7:00,2009,6,30,7:00,-0.70,,-1.90,,92.00,,31.00,,6.00,,,,100.47,,,,,,NA
2009-6-30 8:00,2009,6,30,8:00,-0.50,,-1.20,,95.00,,31.00,,15.00,,,,100.45,,,,-5.00,,NA
2009-6-30 9:00,2009,6,30,9:00,-0.30,,-0.80,,96.00,,31.00,,22.00,,,,100.43,,,,-6.00,,NA
2009-6-30 10:00,2009,6,30,10:00,-0.40,,-1.00,,96.00,,32.00,,28.00,,,,100.38,,,,-7.00,,NA
2009-6-30 11:00,2009,6,30,11:00,-1.50,,-2.00,,96.00,,34.00,,19.00,,,,100.37,,,,-7.00,,NA
2009-6-30 12:00,2009,6,30,12:00,-2.00,,-2.70,,95.00,,36.00,,11.00,,,,100.38,,,,-6.00,,NA
2009-6-30 13:00,2009,6,30,13:00,-1.30,,-2.30,,93.00,,34.00,,2.00,,,,100.38,,,,,,NA
2009-6-30 14:00,2009,6,30,14:00,-1.80,,-2.60,,94.00,,30.00,,9.00,,,,100.38,,,,,,NA
2009-6-30 15:00,2009,6,30,15:00,-1.60,,-2.60,,93.00,,32.00,,6.00,,,,100.38,,,,,,NA
2009-6-30 16:00,2009,6,30,16:00,-1.40,,-2.70,,91.00,,34.00,,9.00,,,,100.43,,,,,,NA
2009-6-30 17:00,2009,6,30,17:00,-1.60,,-2.80,,92.00,,35.00,,11.00,,,,100.51,,,,-5.00,,NA
2009-6-30 18:00,2009,6,30,18:00,-2.00,,-2.90,,94.00,,34.00,,13.00,,,,100.58,,,,-6.00,,NA
2009-6-30 19:00,2009,6,30,19:00,-2.70,,-3.50,,94.00,,35.00,,19.00,,,,100.65,,,,-8.00,,NA
2009-6-30 20:00,2009,6,30,20:00,-2.80,,-3.40,,96.00,,33.00,,20.00,,,,100.71,,,,-9.00,,NA
2009-6-30 21:00,2009,6,30,21:00,-2.70,,-3.30,,96.00,,34.00,,20.00,,,,100.78,,,,-9.00,,NA
2009-6-30 22:00,2009,6,30,22:00,-2.40,,-2.80,,97.00,,33.00,,30.00,,,,100.86,,,,-10.00,,NA
2009-6-30 23:00,2009,6,30,23:00,-2.50,,-3.00,,96.00,,34.00,,26.00,,,,100.91,,,,-9.00,,NA
















