1937	99	99	99	99	99	99	99	99	99	2.60	-18.60	-23.20	99
1938	-21.40	-20.40	-6.40	2.90	10.10	13.90	17.20	14.30	13.90	3.50	-12.30	-20.00	-0.66
1939	-21.40	-21.70	-11.30	3.20	9.90	13.40	17.10	15.40	8.10	-2.90	-12.50	-18.10	-1.89
1940	-24.30	-16.10	-6.60	4.10	9.40	13.20	16.20	15.00	11.20	1.30	-15.80	99	-0.88
1941	-24.90	-15.20	-7.30	4.70	9.10	14.20	18.30	14.70	5.70	1.20	-14.90	-24.00	-1.28
1942	-14.60	-13.90	-5.00	1.30	11.30	15.70	17.30	15.90	9.50	3.60	-16.30	-25.30	0.07
1943	-24.60	-12.30	-13.30	4.10	8.10	13.20	15.70	14.20	10.30	4.00	-5.60	-12.10	-0.96
1944	-15.20	-14.10	-8.20	4.80	11.90	14.60	16.60	15.00	9.30	2.90	-11.80	-13.90	1.14
1945	-18.50	-13.80	-5.80	-3.30	10.10	14.80	16.40	17.10	8.70	3.20	-17.90	-24.10	-0.24
1946	-21.80	-21.20	-6.10	3.40	10.90	15.10	15.80	15.20	9.40	1.50	-12.90	-25.30	-1.23
1947	-24.10	-20.90	-6.10	-0.20	9.80	13.80	17.00	11.70	8.90	2.80	-9.50	-15.70	-1.84
1948	-15.80	-20.20	-12.30	-5.70	11.70	15.60	17.30	14.70	9.10	3.20	-10.60	-24.40	-0.73
1949	-20.30	-22.10	-4.10	5.20	8.30	13.60	16.10	15.30	11.20	0.40	-5.60	-23.40	-0.53
1950	-27.40	-23.10	-8.70	-1.20	10.80	17.70	16.70	12.20	11.30	-2.90	-18.60	-21.60	-3.05
1951	-26.50	-19.80	-14.90	1.20	9.00	12.70	16.30	14.80	9.60	-2.90	-12.10	-24.20	-2.85
1952	-27.90	-17.40	-8.80	3.10	10.90	13.60	17.10	14.70	8.60	3.60	-4.10	-18.80	-0.90
1953	-27.70	-9.70	-7.30	1.10	10.70	14.70	16.40	16.60	8.70	1.50	-10.50	-17.40	-0.36
1954	-28.20	-13.90	-7.70	-8.40	10.30	15.00	16.60	15.30	8.60	2.50	-7.30	-18.80	-1.22
1955	-18.20	-19.50	-13.70	0.90	8.90	15.40	16.60	14.20	7.80	1.10	-21.20	-25.50	-2.21
1956	-25.40	-19.80	-9.60	1.60	11.30	12.70	16.50	14.70	6.10	-4.60	-9.70	-21.80	-2.64
1957	-19.80	-20.00	-7.90	2.10	7.90	13.30	15.10	15.80	12.10	0.30	-8.30	-23.20	-0.93
1958	-18.00	-21.00	-6.80	3.70	11.50	15.60	18.60	15.30	8.40	0.90	-11.90	-20.80	-0.57
1959	-28.90	-13.90	-8.70	1.40	8.80	12.80	17.60	11.40	7.30	-1.40	-12.80	-14.50	-2.27
1960	-21.60	-14.30	-14.00	4.30	8.70	13.40	17.10	14.70	9.90	0.70	-14.80	-15.70	-0.87
1961	-21.40	-16.80	-10.80	-1.20	8.40	16.60	17.80	16.60	8.10	-1.90	-14.70	-27.50	-1.25
1962	-20.70	-19.60	-13.50	1.30	7.60	13.40	16.40	15.10	8.40	2.90	-10.50	-16.90	-2.22
1963	-23.40	-15.80	-10.00	1.30	8.50	13.50	16.80	16.40	8.90	2.90	-18.10	-17.60	-1.33
1964	-22.60	-9.20	-16.90	0.20	7.90	15.80	16.60	14.70	7.40	2.90	-12.90	-25.00	-1.14
1965	-23.20	-23.80	-7.80	2.20	9.40	14.40	18.50	16.50	6.80	1.80	-15.40	-21.10	-2.13
1966	-32.70	-16.40	-9.70	-0.60	9.90	14.30	16.40	13.90	10.40	-0.80	-18.40	-20.40	-2.90
1967	-22.30	-18.80	-13.10	-0.40	9.40	15.30	15.70	16.60	10.40	1.20	-7.70	-19.30	-1.18
1968	-24.60	-15.80	-3.90	2.40	9.20	13.30	15.30	13.40	7.90	0.90	-12.30	-25.90	-1.12
1969	-32.80	-18.60	-7.80	2.90	9.70	14.90	15.90	13.30	6.90	1.10	-11.10	-14.90	-2.63
1970	-23.90	-12.00	-5.70	2.40	9.60	15.60	16.30	15.30	8.00	0.10	-12.70	-22.30	-0.16
1971	-27.80	-16.50	-11.10	2.20	10.90	15.10	18.10	15.70	8.00	1.10	-13.50	-24.30	-1.67
1972	-26.60	-23.10	-9.80	-2.10	11.20	14.90	15.50	15.40	5.40	0.30	-11.20	-20.60	-2.87
1973	-20.90	-16.50	-6.50	4.30	11.70	13.80	16.40	13.40	9.30	0.60	-19.70	-20.80	-1.23
1974	-24.70	-19.50	-14.90	1.70	7.20	14.30	15.00	13.90	7.90	0.20	-9.60	-18.20	-2.44
1975	-21.90	-17.60	-9.60	2.80	9.90	14.80	18.10	13.50	10.60	0.10	-16.70	-22.40	-1.18
1976	-21.10	-18.30	-8.90	5.50	11.30	12.90	15.40	14.80	11.40	1.90	-4.80	-18.40	-0.19
1977	-14.70	-7.40	-6.70	5.30	9.90	14.30	15.20	13.90	9.20	2.60	-14.30	-25.00	0.74
1978	-20.50	-12.80	-8.30	1.50	8.90	15.80	15.90	13.40	8.60	3.30	-10.50	-19.60	-0.81
1979	-22.40	-27.70	-10.20	0.20	8.10	14.10	18.00	16.50	10.30	3.80	-5.80	-18.60	-1.23
1980	-22.10	-12.50	-8.10	6.50	11.10	15.80	16.90	13.90	6.80	3.90	-8.50	-28.50	0.43
1981	-11.40	-13.60	-2.20	-0.50	12.50	13.80	18.30	16.90	9.80	0.10	-11.70	-21.70	0.29
1982	-31.60	-18.70	-10.10	0.60	8.10	16.80	18.60	12.60	10.70	0.70	-16.70	-19.60	-2.56
1983	-22.40	-17.50	-12.00	2.90	8.10	15.50	17.10	15.10	7.30	0.80	-10.30	-22.80	-1.25
1984	-18.60	-14.00	-6.50	4.90	9.00	14.60	16.60	14.60	6.80	-2.20	-17.80	-24.00	-1.28
1985	-13.80	-22.50	-4.20	3.00	10.50	14.70	16.50	13.60	9.00	-1.60	-17.50	-12.10	-1.36
1986	-16.80	-13.90	-7.70	-0.50	9.60	14.30	17.30	15.20	8.30	1.00	-17.70	-13.00	-0.25
1987	-14.60	-11.50	-10.40	4.90	10.20	14.60	16.20	13.90	10.90	3.90	-9.80	-14.00	1.28
1988	-20.00	-15.10	-3.10	3.30	9.40	14.30	15.70	15.20	8.40	-1.00	-15.70	-16.60	-0.22
1989	-23.30	-13.20	-13.80	3.70	10.70	16.60	17.40	17.00	9.90	0.30	-16.90	-16.60	-0.68
1990	-20.90	-20.70	-2.40	3.80	9.90	14.50	18.10	16.40	11.40	-1.50	-19.20	-24.30	-0.60
1991	-20.00	-13.00	-6.90	5.50	11.70	15.30	16.60	14.90	10.80	-1.60	-16.10	-17.50	-0.59
1992	-18.10	-16.40	-2.60	1.30	9.10	15.30	15.90	14.30	4.00	-1.10	-10.30	-24.00	-0.51
1993	-19.00	-13.30	-3.20	5.20	11.00	14.90	15.30	15.50	10.60	3.00	-9.90	-21.50	0.51
1994	-21.50	-23.30	-3.30	4.60	11.20	15.30	18.40	18.10	9.10	99	99	99	-0.19
1995	-18.30	-17.00	-12.20	3.10	3.10	17.00	16.30	13.90	12.10	0.40	-15.00	-25.50	-1.27
1996	-31.00	-15.10	-10.30	1.20	7.70	14.30	17.10	14.40	8.00	-3.00	-14.90	-22.00	-3.09
1997	-23.00	-11.70	-12.50	1.80	8.90	14.20	17.20	15.90	10.10	-2.50	-10.00	-13.30	-1.13
1998	-25.90	-13.50	-4.20	5.80	14.30	16.30	18.40	15.60	9.80	1.40	-11.00	-20.00	1.14
1999	-21.80	-16.10	-4.80	3.70	8.10	14.00	15.30	16.70	10.00	1.90	-11.90	-16.70	-0.41
2000	-22.00	-10.80	-3.30	1.20	7.80	13.80	17.00	12.90	7.90	0.70	-9.00	-21.40	-0.04
2001	-12.90	-13.50	-7.00	4.40	8.90	14.50	17.50	16.20	9.90	0.50	-11.40	-23.00	0.47
2002	-20.00	-15.20	-13.00	-1.60	6.80	16.30	16.20	14.10	8.20	1.20	-8.40	-14.20	-1.53
2003	-19.80	-13.80	-11.60	2.60	9.70	14.00	18.20	14.60	8.90	3.40	-10.60	-15.60	0.12
2004	-23.50	-12.60	-7.60	4.00	8.10	16.70	18.80	14.50	7.50	-0.30	-8.70	-19.10	0.11
2005	-22.00	-11.80	-3.70	5.20	12.00	13.80	15.70	14.50	9.90	2.00	-8.50	-13.70	0.67
2006	-19.40	-12.40	-11.00	4.70	9.70	16.30	17.30	15.10	10.20	1.40	-19.20	-12.80	-0.08
2007	-15.00	-18.60	-12.80	3.00	9.40	15.10	18.10	14.0	8.4	1.1	-9.9	-18.7	0.00
2008	-20.8	-16.2	-9.4	1.9	10.8	14.3	16.8	15.6	9.7	2.5	-10.5	-23.1	-0.32
2009	-23.0	-17.9	-13.7	2.7	8.2	14.8	17.1	15.8	11.6	-1.1	-12.0	-20.5	-1.71
2010	-20.7	-12.3	-3.6	4.8	9.1	15.5	17.9	15.0	7.7	3.2	-9.6	-22.2	0.40
2011	-19.0	-15.9	-11.6	2.3	10.9	14.3	16.5	14.9	11.2	3.1	-16.7	-12.0	-0.17
2012	-20.0	-9.9	-8.8	3.1	10.3	14.9	19.5	17.0	12.6	-2.6	-17.2