1928	99	99	99	-11.30	7.00	14.10	15.70	10.40	7.50	-0.30	-6.40	-15.10	-4.50
1929	-29.20	99	99	99	5.40	11.20	15.20	14.20	6.90	4.40	-10.50	-23.30	-2.52
1930	-25.10	-22.80	-12.40	-3.30	6.80	14.20	17.10	14.90	7.50	-1.60	-11.70	-13.50	-3.31
1931	-20.10	-10.50	-17.50	-1.30	6.30	12.20	15.80	14.30	9.10	3.60	-9.70	-19.10	-0.94
1932	-22.90	-24.40	-21.10	0.00	8.20	13.10	16.90	17.00	6.90	-3.00	-16.60	-23.30	-3.75
1933	-30.10	-27.60	-13.40	-5.20	8.70	11.70	14.70	16.20	8.00	-2.40	-15.50	-33.20	-4.85
1934	-26.30	-17.80	-17.10	-2.10	7.70	12.50	14.50	9.70	3.60	-1.00	-11.00	-22.20	-5.04
1935	-30.80	-13.00	-19.20	-5.90	8.70	12.90	16.70	11.60	7.30	-2.40	-17.20	-20.70	-4.46
1936	-32.80	-33.60	-14.70	-7.90	8.30	12.20	16.30	14.40	6.10	-3.10	-7.80	-23.50	-5.28
1937	-27.60	-21.80	-11.90	2.30	10.70	15.90	16.20	13.40	99	99	99	99	-2.36
1938	99	-23.50	-12.70	-4.90	6.70	14.20	17.60	13.50	13.00	2.80	-11.40	-15.80	-2.18
1939	-24.40	-31.20	-18.70	-1.80	9.00	12.90	15.80	15.00	4.80	-3.80	-8.20	-13.50	-3.87
1940	-22.10	-20.00	-12.80	0.20	7.40	9.70	15.60	15.00	11.40	2.20	-14.30	-18.70	-1.77
1941	-24.80	-19.70	-11.40	1.50	6.30	16.30	19.80	13.00	5.50	-0.40	99	-20.90	-2.13
1942	-16.80	-18.60	-10.60	-5.30	9.30	14.30	16.50	14.80	99	3.20	-14.70	-24.00	-1.75
1943	-25.40	-15.70	-16.70	0.30	5.80	12.00	16.60	14.70	8.60	5.20	-4.50	-15.40	-1.93
1944	-15.10	-22.90	-14.30	3.50	9.30	13.90	16.10	14.00	8.90	3.30	-9.60	-16.30	-0.69
1945	-22.70	-19.00	-8.80	-9.30	4.30	13.80	16.10	15.10	6.70	1.40	-16.80	-24.30	-2.96
1946	-25.60	-26.80	-8.40	0.80	6.60	11.80	16.00	15.40	7.80	-1.60	-14.90	-27.70	-3.60
1947	-26.40	-26.10	-13.70	-7.80	4.80	12.10	16.20	11.70	7.30	3.80	-11.80	-19.10	-4.80
1948	-20.70	-24.50	-18.60	-10.10	9.90	14.30	17.10	14.70	9.60	3.30	-10.10	-24.90	-2.85
1949	-24.70	-27.60	-11.10	2.30	5.20	11.60	14.70	15.20	9.10	-2.40	-6.50	-25.70	-3.26
1950	-35.30	-23.20	-15.30	-3.60	8.20	13.00	16.10	11.10	10.10	-1.20	-15.70	-21.20	-5.13
1951	-27.00	-22.10	-18.80	-2.60	7.30	10.90	15.20	15.20	8.50	-3.80	-14.60	-27.40	-4.42
1952	-31.20	-20.10	-12.50	2.60	10.50	13.40	14.50	12.50	6.80	1.60	-7.80	-15.10	-3.09
1953	-29.10	-16.30	-11.40	-2.90	8.20	11.60	15.30	16.80	8.90	2.10	-6.70	-18.60	-1.55
1954	-31.90	-19.80	-13.70	-14.00	6.60	14.60	16.20	15.50	8.10	1.10	-5.90	-15.90	-3.48
1955	-24.40	-24.20	-21.70	-2.30	7.90	17.00	16.60	14.30	6.90	1.60	-19.10	-25.20	-3.61
1956	-25.50	-23.10	-13.00	-5.10	7.50	14.00	16.60	14.00	5.70	-2.70	-9.00	-24.60	-3.82
1957	-24.50	-26.20	-13.90	-4.20	6.00	11.10	14.80	14.60	8.70	-1.60	-10.50	-21.80	-4.19
1958	-17.50	-25.60	-9.40	0.80	8.30	11.90	16.30	15.00	7.50	0.70	-10.00	-21.90	-1.98
1959	-29.00	-20.00	-12.50	-2.60	3.70	10.60	16.50	10.80	7.30	-2.80	-12.40	-13.90	-4.36
1960	-25.70	-19.30	-16.80	0.10	7.10	13.20	16.30	14.70	8.00	-0.20	-14.80	-18.80	-2.61
1961	-24.20	-20.20	-15.00	-7.20	7.30	16.90	17.70	14.80	4.30	-2.80	-12.70	-29.10	-3.33
1962	-26.10	-27.30	-16.70	-3.60	5.30	14.30	15.80	14.30	8.50	2.10	-11.70	-19.80	-4.52
1963	-29.90	-22.40	-16.70	-1.20	6.30	14.80	17.40	16.30	8.60	4.50	-12.80	-21.80	-2.91
1964	-24.80	-16.70	-23.90	-4.40	7.60	14.00	17.50	14.10	6.50	2.10	-12.30	-25.80	-3.51
1965	-28.30	-29.80	-15.30	-0.10	7.90	12.80	16.60	14.10	3.70	1.40	-13.40	-19.80	-4.68
1966	-33.90	-22.70	-12.80	-7.20	8.30	13.60	15.80	14.30	9.70	-1.70	-21.10	-19.60	-4.79
1967	-24.60	-24.30	-20.80	-5.50	5.80	11.60	16.10	15.20	9.90	0.60	-9.00	-18.10	-3.72
1968	-28.30	-18.70	-9.60	-3.40	6.70	12.50	13.40	12.40	7.20	1.40	-10.50	-24.10	-2.92
1969	-32.00	-17.80	-13.40	1.70	6.20	10.90	15.50	14.50	6.50	-0.30	-10.80	-12.20	-3.59
1970	-25.60	-21.40	-14.60	0.10	8.30	15.60	16.60	14.10	6.80	0.60	-12.90	-23.80	-2.05
1971	-29.50	-20.10	-13.80	0.90	10.50	15.30	15.80	15.70	8.20	1.40	-12.20	-26.00	-2.63
1972	-30.20	-27.40	-12.70	-5.00	9.20	15.00	15.00	15.40	3.10	-2.50	-12.60	-24.50	-4.89
1973	-21.20	-22.50	-10.00	-0.50	13.10	15.80	17.30	14.60	7.70	1.70	-14.60	-22.60	-1.93
1974	-29.30	-22.30	-18.90	-1.80	6.80	14.30	15.60	12.10	4.70	-1.80	-7.10	-15.10	-4.19
1975	-27.90	-21.70	-15.50	0.40	8.40	14.80	17.80	13.00	9.00	-0.50	-14.40	-23.30	-2.64
1976	-25.00	-22.80	-16.30	4.20	10.60	13.50	16.40	15.50	9.70	-1.00	-9.60	-23.70	-2.34
1977	-23.40	-11.70	-10.40	1.00	10.70	13.70	14.30	10.40	8.80	1.80	-11.40	-26.70	-1.66
1978	-23.70	-15.60	-13.30	-2.30	7.60	13.10	13.60	13.00	8.10	1.10	-12.60	-23.20	-3.14
1979	-23.40	-31.90	-16.70	-6.40	6.40	13.10	18.60	12.90	9.10	2.10	-5.00	-15.30	-3.70
1980	-24.40	-16.70	-13.60	5.70	9.60	15.30	16.10	14.80	5.80	3.30	-8.30	-27.60	-0.64
1981	-12.20	-17.60	-7.90	-4.80	9.90	13.30	17.00	17.90	8.70	-1.90	-7.00	-19.30	-1.02
1982	-35.80	-23.10	-17.10	-2.60	7.40	12.90	16.20	12.10	8.90	1.50	-17.20	-22.30	-4.68
1983	-23.30	-21.90	-13.70	-0.30	3.50	14.00	16.80	15.50	6.80	1.00	-5.80	-24.60	-2.48
1984	-24.80	-16.00	-11.80	4.60	8.00	14.30	17.10	16.50	6.40	-1.90	-16.10	-27.10	-2.36
1985	-20.60	-27.70	-9.90	-1.60	9.40	13.50	15.10	12.00	6.00	-1.80	-17.30	-18.30	-4.17
1986	-21.60	-19.90	-12.40	-2.70	9.70	12.30	15.80	14.00	8.20	0.40	-16.90	-14.90	-2.62
1987	-15.80	-13.90	-13.50	1.90	9.20	14.10	16.40	11.90	10.60	1.00	-8.40	-13.60	-0.12
1988	-24.00	-22.60	-8.60	-0.80	5.50	15.50	15.90	15.20	8.10	0.40	-12.70	-20.50	-1.81
1989	-24.40	-17.70	-19.10	-1.80	7.90	14.80	17.80	16.70	7.60	0.20	-17.40	-23.70	-2.99
1990	-24.40	-24.90	-8.40	-1.10	8.60	14.90	17.10	14.00	8.60	-2.20	-14.20	-26.50	-2.98
1991	-23.70	-18.00	-18.00	0.90	10.90	14.70	17.20	16.90	7.60	-5.10	-14.40	-22.20	-3.13
1992	-20.80	-18.80	-9.70	-2.00	7.50	12.90	15.50	13.50	5.40	0.40	-6.90	-20.70	-2.10
1993	-19.80	-18.20	-5.60	2.50	7.30	13.00	15.70	13.30	6.60	0.10	-11.00	-30.50	-1.40
1994	-30.50	-27.80	-8.20	-1.10	9.60	15.70	18.50	15.60	9.00	2.5	-11.6	-17.4	-2.2
1995	-17.10	-20.70	-13.80	2.00	-2.10	17.70	14.50	13.20	9.50	0.50	-14.90	-19.00	-2.33
1996	-28.10	-18.20	-17.50	-1.60	6.60	15.00	17.70	15.20	9.60	-2.10	-13.90	-21.30	-3.03
1997	-23.70	-16.40	-15.40	-1.30	6.10	14.60	18.40	15.50	10.60	-1.80	-6.30	-12.50	-1.75
1998	-25.20	-12.30	-10.00	5.40	11.40	16.50	18.90	16.60	8.30	3.60	-6.70	-16.90	1.17
1999	-24.20	-13.40	-5.50	2.40	8.30	13.90	15.40	16.30	9.80	1.30	-7.30	-16.90	0.01
2000	-22.70	-13.30	-7.70	-1.70	7.00	13.60	18.90	13.40	6.60	0.90	-8.10	-24.80	-0.83
2001	-13.60	-20.10	-11.20	-0.20	7.80	15.30	18.70	15.60	11.50	-0.10	-7.90	-19.20	-0.75
2002	-22.30	-17.20	-18.00	-7.70	2.60	15.50	17.20	13.70	8.30	-3.80	-9.70	-12.50	-3.38
2003	-22.70	-23.90	-14.50	0.90	8.60	13.80	17.50	15.60	8.50	3.60	-11.10	-15.70	-1.35
2004	-25.50	-16.80	-13.10	-2.4	2.3	12.9	18.1	12.6	6.6	-1.3	-10.1	-23.2	-3.4
2005	-23.8	-18.1	-10.2	2.9	7.5	14.2	16.2	13.5	7.6	2.8	-6.1	-10.3	-0.3
2006	-16.8	-15.2	-7.3	3.7	10.5	17.5	17.2	15.6	11.7	0.3	-16.5	-12.1	0.7
2007	-18.4	-22.3	-14.5	0.9	9.2	14.4	19.2	12.3	6.0	2.6	-10.7	-20.0	-1.8
2008	-21.8	-23.4	-14.6	-3.5	9.6	15.4	17.6	16.7	7.5	2.9	-6.2	-25.0	-2.1
2009	-23.3	-21.3	-15.8	-0.5	5.1	14.0	15.5	15.8	12.0	-1.0	-8.0	-20.8	-2.4
2010	-20.3	-13.4	-4.1	4.4	7.0	15.3	17.5	15.0	8.5	2.6	-9.8	-19.0	0.31
2011	-24.2	-19.4	-14.1	-2.5	10.9	14.9	18.4	15.7	11.4	2.1	-15.1	-13.8	-1.3
2012	-20.0	-14.3	-12.1	-0.8	10.8	15.6	19.9	16.8	11.8	-1.0	-14.7		