1941	99	99	99	99	99	99	99	99	99	99	99	-10.80	99
1942	-19.90	-9.70	-3.90	-1.70	6.10	9.60	17.30	14.40	9.90	4.60	-3.50	-17.90	1.03
1943	-16.20	-16.80	-13.40	-3.30	3.90	9.00	16.30	13.00	12.20	4.30	-4.30	-15.10	-1.10
1944	-14.00	-15.30	-9.30	-1.00	4.50	11.40	17.30	16.00	11.10	1.20	-4.10	-14.00	0.23
1945	-14.90	-15.90	-9.70	-2.20	5.40	10.70	16.50	15.50	8.90	2.60	-4.40	-13.90	-0.12
1946	-21.10	-18.10	-8.30	-1.40	3.60	10.20	16.90	16.30	13.40	4.20	-6.70	-15.50	-0.41
1947	-19.20	-5.50	-6.20	-5.70	3.00	11.20	16.70	13.90	8.70	4.30	-1.30	-8.70	0.37
1948	-16.60	-20.40	-14.40	-3.70	6.50	10.50	15.00	14.80	10.40	5.20	-1.10	-11.60	-0.21
1949	-16.60	-18.80	-8.80	-1.90	2.90	11.50	15.90	13.00	9.60	3.60	-7.40	-12.20	-0.72
1950	-23.90	-20.60	-9.50	-1.70	5.80	11.90	15.10	14.30	8.80	1.90	-2.80	-8.10	-1.07
1951	-16.80	-11.80	-5.50	1.90	4.80	13.30	15.90	15.30	10.40	2.10	-5.40	-15.10	1.34
1952	-16.00	-12.60	-5.50	0.20	6.50	11.40	18.30	15.60	10.20	2.50	-3.30	-8.80	1.02
1953	-16.80	-14.30	-8.70	2.70	5.20	11.50	16.40	14.70	9.30	3.70	-3.50	-14.70	0.95
1954	-21.80	-12.20	-6.70	-5.60	4.80	14.40	15.30	13.40	10.40	3.30	-5.60	-10.80	-0.42
1955	-9.70	-13.90	-9.60	-1.80	6.10	12.90	15.80	15.50	9.60	4.10	-0.40	-11.50	1.48
1956	-8.90	-15.20	-10.90	-0.60	2.00	8.50	15.30	13.60	9.50	4.90	-4.50	-18.40	0.18
1957	-23.90	-15.20	-3.50	-1.70	2.30	10.80	15.60	14.80	9.80	4.00	-3.10	-9.00	-0.71
1958	-9.60	-7.60	-3.40	-0.10	8.20	10.60	15.70	13.30	8.80	1.20	-4.70	-16.00	1.95
1959	-11.70	-19.80	-12.00	0.50	6.30	13.00	18.60	15.70	10.20	2.90	-4.40	-11.60	0.28
1960	-12.20	-3.70	-10.70	-3.20	6.90	13.10	15.90	15.50	10.00	3.90	-2.80	-12.70	1.76
1961	-17.90	-17.60	-10.10	1.50	5.90	11.80	14.60	15.30	10.40	3.40	-1.40	-6.60	0.27
1962	-19.60	-20.80	-2.10	-4.20	5.10	10.70	14.00	16.20	9.40	3.70	-4.10	-13.40	0.14
1963	-15.30	-16.50	-10.80	-0.10	5.90	9.40	15.20	13.30	8.20	2.90	-1.00	-14.00	-0.18
1964	-17.70	-12.60	-12.70	-1.70	4.10	9.90	15.80	14.20	9.50	1.80	-4.50	-13.60	-0.66
1965	-17.00	-14.90	-6.70	-3.10	5.10	10.20	14.00	13.40	9.50	0.70	-5.80	-13.00	-0.68
1966	-10.20	-12.80	-3.20	1.20	5.00	11.20	15.00	14.70	10.20	4.30	-2.10	-10.30	1.69
1967	-19.10	-18.00	-13.10	-4.20	5.00	14.30	16.80	17.50	10.20	4.20	-2.40	-10.30	0.08
1968	-16.70	-11.20	-11.60	0.40	4.90	9.50	14.90	11.40	11.50	5.70	-4.30	-8.70	0.35
1969	-11.10	-7.60	-5.80	-7.20	4.30	11.50	15.40	13.40	6.90	0.10	-0.30	-7.20	0.91
1970	-16.80	-15.50	-6.70	-2.20	4.00	9.90	16.90	15.70	9.00	4.70	-4.10	-15.70	0.64
1971	-15.30	-16.90	-6.00	-0.20	5.40	10.50	15.90	13.80	9.40	3.70	-3.30	-19.20	0.11
1972	-21.40	-19.40	-13.30	-5.10	0.90	10.30	15.90	12.30	7.60	0.40	-6.20	-21.50	-3.10
1973	-18.70	-18.10	-8.00	-1.20	7.20	12.40	18.40	14.60	9.70	2.80	-4.00	-8.00	-0.53
1974	-23.20	-14.20	-12.70	-5.30	3.30	12.40	14.80	13.60	8.50	-0.10	-3.90	-11.70	-1.23
1975	-22.50	-17.90	-9.20	-3.20	3.70	10.90	18.40	13.90	9.40	2.80	-5.50	-16.10	-0.91
1976	-19.10	-18.40	-13.50	-2.40	6.50	11.80	15.80	13.80	7.70	1.30	-5.50	-15.50	-1.51
1977	-13.60	-13.80	-4.40	-1.10	4.30	12.30	15.00	13.70	6.80	3.20	0.20	-12.60	0.59
1978	-18.30	-9.20	-13.50	-2.50	4.40	9.20	15.70	13.50	6.90	0.60	-7.40	-12.50	-1.10
1979	-12.70	-15.90	-6.80	0.50	9.30	14.30	15.70	13.80	8.40	2.00	-4.00	-12.50	1.01
1980	-13.80	-14.80	-7.50	-1.00	5.20	9.10	14.90	14.60	8.30	2.70	-2.70	-16.10	0.21
1981	-15.70	-7.30	-3.50	-2.40	6.30	10.00	15.30	14.30	11.00	4.00	-2.20	-8.20	1.14
1982	-16.60	-20.10	-12.20	-4.40	3.60	10.00	15.80	14.10	9.10	0.90	-4.50	-17.20	-1.04
1983	-19.00	-18.20	-9.80	1.00	4.70	11.50	15.90	13.70	9.40	2.70	-4.80	-15.20	-0.84
1984	-22.90	-14.30	-10.20	-3.50	5.90	9.40	16.90	16.50	8.60	2.20	-3.70	-17.10	-0.86
1985	-15.60	-14.40	-9.20	-3.10	2.90	11.10	15.60	14.70	10.00	1.90	-6.30	-14.10	-0.79
1986	-15.50	-13.90	-12.80	0.90	7.90	9.30	13.40	15.50	7.80	0.50	-10.20	-14.30	-0.93
1987	-17.20	-11.50	-8.00	2.40	6.30	11.80	15.80	14.10	10.70	4.20	-3.80	-10.80	0.88
1988	-18.30	-18.30	-8.40	0.50	7.30	9.30	15.70	15.80	9.50	3.60	-3.10	-17.90	0.23
1989	-18.80	-17.70	-10.00	0.20	6.40	13.70	15.00	13.10	10.50	3.00	-6.10	-13.50	-0.72
1990	-18.80	-21.40	-11.00	-2.20	3.40	11.70	14.50	15.00	8.60	2.40	-3.50	-15.70	-1.23
1991	-24.50	-16.20	-7.00	-3.80	3.70	8.50	13.70	14.60	8.50	3.50	0.50	-18.10	-1.18
1992	-17.30	-21.60	-10.30	-4.40	99	10.00	12.60	13.10	10.50	3.00	-7.50	-15.00	-2.26
1993	-18.60	-20.60	-10.10	-1.50	4.20	9.70	13.90	15.70	9.10	1.00	-6.60	-21.10	-1.57
1994	-21.10	-19.90	-9.80	-3.50	4.10	11.90	16.30	13.40	9.50	4.80	99	99	-1.54
1995	-20.60	-19.00	-11.60	3.90	-0.40	11.00	16.10	15.10	9.80	99	-4.30	-10.90	-1.14
1996	-17.80	-12.60	-8.20	2.10	4.00	11.10	13.70	17.00	9.50	2.60	-2.70	-9.00	0.65
1997	-15.20	-19.30	-12.80	-2.80	4.30	10.80	13.50	14.20	10.70	3.40	-4.40	-11.00	-0.55
1998	-16.10	-12.70	-9.70	-0.70	6.00	13.60	16.10	15.40	9.70	3.00	-3.60	-12.00	0.83
1999	-17.00	-13.20	-3.70	-0.30	9.00	13.70	16.10	15.40	11.80	1.30	-5.00	-11.60	1.34
2000	-16.60	-15.00	-6.00	-0.30	4.30	11.70	15.70	17.40	10.30	2.10	-2.90	-10.10	0.76
2001	-18.00	-16.50	-5.10	-2.70	8.30	11.80	13.50	16.70	10.20	4.50	-3.20	-7.30	0.78
2002	-20.50	-17.30	-11.30	-2.90	4.10	10.80	15.80	14.00	11.10	3.60	-5.80	-12.30	-0.47
2003	-14.50	-17.90	-13.60	-3.00	6.80	12.40	15.80	15.80	14.70	5.80	-2.30	-9.10	0.64
2004	-13.00	-14.80	-9.80	-0.90	4.80	11.20	17.10	16.30	9.20	5.50	-4.80	-13.30	0.98
2005	-21.40	-12.20	-8.20	0.70	8.00	12.80	17.30	14.40	10.80	4.90	-2.00	-12.10	0.98
2006	-14.60	-15.80	-4.80	2.60	9.40	14.70	16.60	14.40	10.90	4.50	-1.90	-10.60	1.99
2007	-14.40	-13.70	-10.80	-2.80	4.00	13.30	17.50	14.8	9.1	3.7	-4.2	-15.5	0.49
2008	-18.5	-17.0	-13.2	0.9	7.0	12.0	18.8	15.9	11.0	4.5	-2.4	-16.0	0.28
2009	-17.7	-12.4	-11.3	-1.6	5.1	13.0	15.4	14.4	9.8	1.2	-1.7	-7.4	-0.15
2010	-10.6	-5.4	-6.2	3.1	5.1	10.6	16.0	18.1	9.9	4.7	-0.1	-2.3	3.58
2011	-10.3	-16.1	-9.3	-2.0	5.6	10.9	15.7	16.5	11.2	4.3	-2.6	-12.8	0.9
2012	-18.7	-15.7	-10.8	-0.6	7.1	16.1	17.8	17.9	12.7	5.0	-1.9