1881	-12.6	-7.7	-0.5	4.5	14.1	16.6	21.5	21.2	18.5	8.0	0.3	-1.8	6.26	
1882	-10.5	-6.3	-3.2	2.4	10.5	17.6	20.6	20.6	15.2	10.6	0.1	-8.0	6.32	
1883	-13.5	-10.1	-8.5	3.1	11.1	19.5	20.1	19.6	14.0	6.9	1.7	-8.7	4.66	
1884	-13.8	-8.0	-4.0	5.4	11.8	20.0	19.2	21.0	16.8	7.4	-0.3	-7.5	5.57	
1885	-10.3	-13.6	-10.0	3.3	13.3	17.6	21.1	17.7	13.5	7.5	0.8	-7.3	4.45	
1886	-10.5	-10.9	-4.9	7.0	13.0	17.5	20.3	19.6	14.4	8.1	0.8	-9.6	5.59	
1887	-13.3	-9.8	-6.6	2.3	16.4	19.2	23.3	18.8	13.7	6.5	-0.5	-7.6	5.03	
1888	-15.2	-10.8	-5.3	2.8	12.3	19.1	20.1	18.4	13.4	4.7	0.8	-4.7	4.39	
1889	-6.1	-11.5	-1.8	6.6	14.3	17.2	20.4	18.5	15.7	4.8	2.0	-4.3	6.28	
1890	-9.2	-7.7	-3.4	5.0	11.1	18.1	20.7	18.5	14.3	8.1	0.1	-12.8	5.94	
1891	-8.7	-7.8	-3.4	5.9	11.9	19.0	19.3	19.6	17.3	7.8	1.6	-1.1	5.81	
1892	-9.9	-7.9	-5.1	5.3	11.9	19.0	21.2	19.5	15.0	8.3	0.8	-7.3	6.42	
1893	-14.7	-10.8	-3.8	3.0	13.0	20.4	20.5	20.2	12.8	10.5	1.6	-10.0	5.45	
1894	-10.1	-10.4	0.3	7.0	14.0	19.3	20.7	17.3	15.9	9.6	-0.8	-5.3	6.07	
1895	-9.1	-9.8	-4.9	5.7	14.8	21.3	19.8	19.4	15.6	5.4	1.7	-5.2	6.22	
1896	-11.0	-9.8	-6.6	5.7	14.9	18.3	20.6	19.6	13.7	6.4	1.9	-7.8	5.71	
1897	-9.6	-7.7	-3.0	5.9	12.2	16.3	22.2	18.3	14.5	8.8	-0.5	-6.7	5.8	
1898	-11.1	-6.7	1.3	5.9	13.5	18.3	21.4	19.9	15.8	8.5	1.1	-7.2	6.77	
1899	-9.5	-9.0	-5.2	6.2	13.7	19.0	20.2	20.8	13.3	9.2	1.1	-4.3	6.05	
1900	-8.6	-8.4	-7.1	6.5	11.2	18.8	20.3	20.3	15.7	11.5	0.7	-7.7	6.38	
1901	-10.3	-10.9	-3.9	6.7	13.8	19.8	21.8	20.0	15.9	8.8	-1.5	-5.9	6.04	
1902	-10.5	-8.4	1.4	7.3	12.2	15.7	19.8	18.4	15.9	7.3	3.7	-9.0	6.41	
1903	-9.8	-7.4	1.2	6.8	14.5	17.5	20.2	16.7	15.7	9.4	0.2	-10.0	6.33	
1904	-13.7	-13.9	-4.4	4.2	15.5	18.2	20.5	18.2	12.6	6.5	-1.0	-12.8	4.39	
1905	-13.0	-12.2	-4.0	5.5	12.1	17.7	21.0	18.9	14.9	7.8	0.1	-5.8	4.67	
1906	-6.2	-8.5	-5.8	5.5	11.4	18.6	21.4	21.4	16.1	8.8	0.3	-10.1	6.43	
1907	-11.9	-12.7	-2.6	2.8	9.0	18.6	20.7	18.2	14.3	6.3	0.7	-4.2	4.44	
1908	-10.4	-11.1	-3.6	2.8	13.9	19.2	22.1	19.1	17.5	10.0	1.5	-8.7	6.4	
1909	-9.4	-8.7	-3.6	3.6	12.2	18.8	19.7	19.5	14.5	8.1	2.5	-6.1	5.71	
1910	-6.5	-9.6	0.9	8.2	12.5	17.6	21.3	19.1	13.7	8.4	0.7	-10.3	6.68	
1911	-10.9	-11.1	-5.2	4.3	16.9	18.4	22.5	20.9	13.6	8.8	-0.3	-2.4	5.63	
1912	-15.2	-10.5	-6.0	4.0	13.4	16.0	21.5	17.2	14.1	9.3	1.4	-4.7	5.23	
1913	-5.7	-11.1	-2.1	7.5	12.0	17.3	20.7	18.8	13.3	10.4	3.7	-3.3	6.67	
1914	-11.2	-13.6	-2.8	3.2	14.7	16.6	20.0	18.8	14.6	9.3	-0.7	-7.6	5.47	
1915	-8.3	-6.1	-3.3	8.8	11.2	18.4	20.8	19.1	16.5	9.7	1.7	-4.8	6.74	
1916	-7.4	-11.5	-6.7	6.6	12.6	17.2	22.7	21.1	15.0	8.3	-0.1	-6.9	6.08	
1917	-11.4	-13.1	-3.3	3.9	8.9	16.7	21.8	19.9	13.4	6.0	-1.9	-13.1	4.5	
1918	-13.9	-11.4	-3.8	5.5	14.7	16.1	21.2	19.2	12.3	8.4	1.3	-5.8	4.71	
1919	-7.8	-6.9	-2.5	3.3	12.8	20.1	21.2	18.8	14.3	7.4	0.2	-9.3	6.26	
1920	-15.6	-9.2	-1.6	4.4	13.8	18.6	19.7	21.1	15.6	10.8	-0.6	-5.9	5.64	
1921	-8.3	-7.6	0.5	7.8	15.0	19.4	24.4	19.2	16.3	7.8	-1.7	-7.4	7.24	
1922	-11.0	-9.1	-1.3	5.5	14.7	17.9	20.4	18.9	15.7	6.9	1.9	-7.9	6.09	
1923	-11.6	-13.0	-7.6	3.2	11.4	18.4	19.3	18.5	14.8	8.7	1.8	-1.7	4.67	
1924	-10.3	-11.8	-1.5	4.7	9.7	17.5	20.1	19.4	13.2	8.8	1.8	-9.4	5.83	
1925	-13.5	-5.6	-0.5	5.5	10.2	18.4	19.3	20.5	13.7	4.2	0.4	-6.9	5.27	
1926	-9.8	-10.0	-6.0	1.1	11.1	15.8	20.3	19.2	13.6	7.1	0.5	-9.0	4.67	
1927	-9.3	-8.4	-0.8	5.7	11.1	16.1	20.3	17.9	15.2	9.5	2.0	-5.3	5.86	
1928	-9.3	-9.3	-3.9	2.5	12.1	17.3	21.2	21.0	12.9	8.2	1.2	-3.3	5.72	
1929	-10.3	-8.6	-1.5	4.5	12.0	17.9	20.6	18.0	15.5	8.1	1.3	-8.5	6.18	
1930	-8.4	-8.5	-3.7	4.1	13.2	20.3	20.4	18.9	15.5	9.1	3.0	-5.6	6.28	
1931	-10.2	-8.0	0.6	7.6	13.5	18.8	22.8	20.1	16.0	10.3	4.8	-4.6	7.56	
1932	-3.6	-8.6	-5.4	3.8	13.4	18.1	19.8	20.7	15.7	9.1	-0.6	-3.8	6.48	
1933	-4.0	-6.3	-3.8	5.2	13.6	19.9	20.6	19.7	15.9	7.8	-4.0	-12.2	6.73	
1934	-10.5	-16.1	-5.0	5.2	14.0	18.6	21.3	17.8	17.2	6.5	2.7	-9.7	4.96	
1935	-13.4	-9.5	-3.0	5.8	10.9	17.9	21.9	20.1	13.2	8.5	2.5	-9.3	5.43	
1936	-11.0	-11.3	0.3	4.3	12.9	18.1	19.7	18.2	14.8	7.1	-2.1	-5.7	5.14	
1937	-5.2	-5.7	-5.3	5.4	14.2	18.6	21.7	21.8	14.5	7.8	1.7	-7.8	6.98	
1938	-10.4	-8.9	-3.3	6.5	12.4	19.0	20.8	21.0	13.1	9.7	2.7	-4.8	6.23	
1939	-10.1	-9.8	-5.7	2.2	12.8	17.7	21.0	21.3	13.9	7.7	-0.2	-6.2	5.5	
1940	-12.5	-8.6	-5.2	3.8	13.0	17.2	20.8	19.6	15.0	6.9	0.2	-6.7	5.33	
1941	-11.5	-7.9	-4.8	9.2	13.7	19.3	21.7	18.3	14.9	7.6	1.7	-5.4	6.29	
1942	-9.70	-9.80	0.40	7.00	15.10	18.90	20.80	19.40	15.30	9.30	1.30	-10.20	6.84
1943	-13.60	-7.70	-5.00	1.70	12.30	18.60	21.70	18.70	13.80	8.30	1.00	-9.40	4.97
1944	-8.10	-10.00	-5.00	3.40	15.80	18.10	21.40	21.90	15.70	8.10	1.80	-10.40	6.14
1945	-14.90	-7.80	2.40	8.40	10.90	17.60	20.50	20.20	16.00	7.60	1.30	-8.40	5.98
1946	-10.10	-12.00	3.30	5.40	11.70	18.20	20.70	18.20	16.60	10.10	2.60	-5.80	6.36
1947	-8.70	-10.10	-1.80	3.20	10.60	17.10	21.70	22.40	15.60	12.60	1.10	-8.70	6.49
1948	-11.90	-11.00	-3.00	6.20	12.10	17.50	21.50	21.30	17.20	8.60	5.60	-3.00	6.28
1949	-6.20	-6.20	-3.00	6.90	13.10	20.50	22.50	20.40	14.60	11.10	-0.40	-3.80	7.53
1950	-5.50	-10.90	-6.50	3.90	13.00	18.50	20.70	18.70	13.10	9.30	3.20	-5.80	6.14
1951	-8.50	-8.20	-1.20	6.80	13.40	17.60	20.80	18.30	14.80	9.40	-0.40	-6.40	6.42
1952	-8.80	-6.30	-2.00	7.20	11.70	18.90	22.40	20.20	15.70	7.30	3.20	-3.70	6.93
1953	-6.40	-5.40	-0.50	6.50	14.20	19.30	21.80	20.10	15.40	9.70	5.00	-1.60	8.00
1954	-12.80	-5.20	-2.50	5.80	11.60	18.30	19.70	18.60	13.90	10.30	3.00	-5.70	6.59
1955	-11.10	-8.50	-3.80	6.90	15.60	20.10	23.70	22.20	14.70	9.50	1.50	-10.10	7.09
1956	-7.40	-7.20	-6.50	4.20	9.90	17.90	19.00	19.30	12.90	9.70	1.90	-5.40	5.30
1957	-13.20	-6.30	-1.40	7.20	12.40	19.90	20.60	18.80	15.90	9.50	3.70	-2.90	6.81
1958	-6.90	-11.00	0.20	7.10	11.30	15.60	20.70	19.70	15.40	8.50	2.90	-12.00	6.72
1959	-10.20	-10.90	-3.60	6.60	15.20	18.60	23.00	22.00	17.60	8.50	1.10	-4.90	6.33
1960	-9.70	-5.60	-4.90	5.70	16.40	18.90	20.30	20.50	15.70	8.60	4.70	-6.90	7.14
1961	-13.40	-6.50	-2.80	5.20	12.00	17.80	21.10	20.30	18.80	10.70	3.00	-4.20	6.61
1962	-9.90	-10.90	-0.70	5.50	14.80	19.50	19.30	20.10	14.10	8.50	0.70	-6.90	6.40
1963	-9.50	-12.10	-3.50	5.70	12.40	19.40	22.00	17.90	12.80	12.50	4.50	-11.30	6.27
1964	-5.90	-7.90	-1.30	6.30	14.90	18.90	21.70	17.80	14.40	8.10	1.50	-5.50	6.43
1965	-10.50	-8.80	-2.20	5.10	14.10	18.20	19.40	18.90	15.40	8.10	0.20	-3.40	6.03
1966	-9.70	-7.60	-0.50	5.70	11.60	19.30	21.30	19.40	13.50	8.60	4.10	-5.60	6.86
1967	-6.60	-13.40	-5.40	4.60	9.30	19.60	21.20	19.50	15.10	8.90	0.20	-4.90	5.62
1968	-13.60	-11.10	-0.70	8.90	12.20	16.60	20.70	17.90	17.10	10.60	0.00	-8.40	6.14
1969	-8.10	-6.00	-3.30	5.20	11.50	18.00	20.40	20.90	14.40	8.10	2.80	-7.70	6.29
1970	-15.20	-9.40	-3.00	6.10	12.60	18.20	21.90	20.70	15.10	10.70	3.50	-10.40	6.13
1971	-13.30	-7.90	-4.90	3.00	12.80	18.20	20.30	19.10	17.10	11.20	0.10	-7.30	5.44
1972	-8.20	-11.30	-5.00	2.60	13.80	17.40	20.40	18.40	15.30	5.90	0.20	-8.40	5.18
1973	-8.50	-10.10	2.00	6.30	12.00	18.90	21.80	22.10	14.20	9.40	0.80	-5.30	6.71
1974	-9.60	-10.00	-4.10	5.10	10.10	18.10	20.20	19.40	13.20	5.20	1.00	-3.30	5.28
1975	-8.00	-7.70	-3.90	3.20	16.50	18.90	22.60	20.50	14.30	9.10	4.10	-9.10	7.19
1976	-14.10	-6.30	-3.10	7.20	12.30	18.90	19.60	18.60	13.90	6.10	0.00	-10.90	5.33
1977	-12.90	-7.60	1.30	6.30	14.60	17.10	20.10	18.70	13.80	7.80	3.00	-7.10	5.94
1978	-11.50	-11.90	-4.70	3.60	15.50	17.40	20.90	19.80	12.30	7.60	0.80	-7.10	5.23
1979	-9.10	-13.90	0.50	6.40	13.70	18.20	21.80	18.60	14.30	8.10	3.70	-4.60	6.27
1980	-8.30	-9.40	-2.20	7.10	13.20	16.30	20.10	20.40	13.40	6.00	-0.40	-12.00	5.97
1981	-14.70	-1.40	-0.30	6.80	13.20	18.40	21.20	19.50	14.10	6.20	2.10	-3.70	6.09
1982	-14.80	-9.20	-2.60	4.20	15.20	17.10	21.20	17.50	15.10	9.00	3.70	-2.50	6.06
1983	-7.60	-5.60	0.10	5.50	11.40	19.00	21.70	21.10	17.40	8.90	2.30	-8.00	7.64
1984	-12.00	-3.40	-6.20	7.30	11.70	18.60	21.50	21.30	13.40	9.60	2.40	-3.80	6.35
1985	-12.80	-7.00	-1.90	5.30	13.40	16.50	20.50	19.50	16.30	9.20	1.20	-7.90	6.37
1986	-9.50	-9.90	-1.50	9.00	14.00	16.20	19.80	18.60	13.50	8.20	0.50	-4.40	5.92
1987	-8.80	-11.10	0.10	9.60	13.20	18.80	21.80	18.90	15.20	7.80	1.10	-3.10	6.85
1988	-7.90	-7.50	-2.60	6.90	15.00	17.30	22.70	20.70	14.50	6.40	3.40	-7.50	7.15
1989	-7.20	-8.50	-4.30	5.00	14.70	19.10	21.90	19.60	15.80	9.70	-0.50	-15.40	6.48
1990	-3.50	-6.70	-0.90	6.70	11.80	18.30	21.30	20.80	14.30	8.70	2.70	-4.00	6.51
1991	-10.40	-5.40	-1.60	7.90	15.10	19.10	21.30	20.80	13.60	9.60	2.60	-7.20	7.38
1992	-10.90	-9.60	-5.10	5.00	13.30	17.80	18.60	18.80	14.70	6.60	1.60	-4.10	5.30
1993	-8.70	-14.00	-3.90	6.00	13.20	17.70	21.60	21.00	14.20	6.60	1.40	99	5.92
1994	-16.50	-11.70	-2.90	3.40	12.20	19.20	21.90	18.30	14.90	9.50	99	99	4.94
1995	-6.30	-9.90	-1.20	99	99	20.30	22.30	20.20	99	11.30	-0.90	-8.50	7.12
1996	-10.50	-8.20	-2.40	5.10	12.40	18.70	20.30	20.50	16.30	8.20	-0.30	-1.20	5.97
1997	-10.30	-7.90	-4.30	4.90	10.80	20.20	20.70	19.20	14.70	8.10	0.80	-5.80	6.31
1998	-7.50	-3.80	-0.90	8.00	17.40	19.70	21.20	21.00	16.20	9.70	3.50	-1.70	8.23
1999	-9.20	-5.10	-1.30	6.90	16.40	20.90	22.60	20.00	17.80	7.80	5.00	-3.40	8.34
2000	-10.10	-7.00	1.60	5.20	13.30	17.20	20.10	19.80	14.30	9.10	2.40	-9.20	6.4
2001	-8.90	-8.60	-3.30	6.50	15.40	20.00	20.20	22.50	16.80	10.5	4.6	-0.4	7.9
2002	-4.4	-5.0	-1.9	6.9	11.3	17.5	22.1	21.8	18.3	7.0	0.8	-4.6	7.5
2003	-12.6	-10.8	-3.8	4.2	13.4	18.8	21.6	21.6	17.7	8.0	2.9	-4.9	6.3
2004	-15.1	-7.9	-0.3	6.0	13.4	17.5	21.5	19.3	16.4	8.9	2.2	-7.4	6.2
2005	-11.0	-6.5	-3.3	7.7	11.9	21.5	22.2	21.7	17.4	10.1	2.9	-5.8	7.4
2006	-4.5	-6.8	-0.6	7.6	14.5	19.2	22.6	19.3	15.0	7.9	4.4	-1.2	8.2
2007	-7.0	-10.9	-2.8	5.8	13.6	19.6	20.4	20.1	16.7	11.4	1.0	-6.4	6.8
2008	-6.2	-7.7	-4.3	8.1	12.4	19.9	21.4	19.7	16.7	8.1	2.4	-6.6	7.0
2009	-12.8	-7.0	-1.1	7.7	12.7	18.0	20.0	20.8	15.3	6.9	4.4	-5.4	6.2
2010	-6.4	-4.7	3.2	9.5	15.7	18.4	23.0	20.9	16.3	8.3	2.4	-5.8	8.4
2011	-9.5	-7.6	-2.0	6.6	14.0	19.3	23.1	21.0	17.7	9.9	5.3	-2.6	7.9
2012	-7.4	-4.7	3.1	6.8	15.9	20.0	22.3	22.2	16.0	10.8	0.5