1945	99	99	99	99	99	99	99	99	99	9.30	3.80	3.40	99
1946	3.90	3.40	4.70	99	99	99	99	99	99	99	99	99	99
1947	99	99	99	99	99	99	99	99	99	99	99	99	99
1948	99	99	99	99	99	99	99	14.80	11.80	7.90	4.50	1.00	99
1949	2.20	0.60	4.00	5.70	8.80	10.70	13.50	12.80	13.30	9.10	7.20	1.10	7.41
1950	-4.60	1.70	3.10	4.80	7.90	12.20	12.90	13.60	12.10	7.20	2.80	4.10	6.23
1951	1.30	2.80	1.40	5.90	8.70	13.20	15.00	15.30	13.40	8.30	5.90	2.70	7.94
1952	0.60	2.90	3.60	5.20	8.20	10.60	14.20	15.70	13.10	10.40	6.40	4.40	7.80
1953	0.40	4.10	4.30	6.10	9.20	11.90	14.40	14.70	12.10	9.30	6.10	5.00	8.08
1954	-0.10	2.20	2.90	4.40	8.90	10.50	11.40	15.00	13.50	9.00	7.70	4.20	7.53
1955	4.80	3.30	2.30	4.70	7.00	10.70	13.00	13.10	11.90	7.70	2.20	0.20	7.08
1956	1.30	1.40	2.50	5.40	9.70	10.50	13.20	14.80	12.50	6.80	5.70	3.80	7.00
1957	0.30	1.70	4.00	6.20	10.00	11.60	13.40	14.10	15.00	9.80	5.30	3.50	7.93
1958	5.80	5.80	5.20	8.40	10.80	15.10	17.30	15.30	12.60	9.40	4.50	4.50	9.47
1959	3.00	3.20	4.40	6.10	9.00	11.80	14.10	13.90	12.00	10.10	5.90	4.80	8.17
1960	3.70	4.30	3.90	6.60	8.80	10.80	13.40	14.40	12.70	10.20	6.00	5.50	8.30
1961	4.80	4.50	4.70	7.10	9.50	11.60	15.40	16.30	13.40	9.10	4.00	3.50	8.82
1962	4.40	3.60	2.60	5.80	8.10	10.90	14.30	14.50	12.40	9.50	5.80	5.40	7.95
1963	4.20	6.90	4.60	6.40	9.40	11.70	14.60	16.30	14.30	8.90	4.00	5.00	8.89
1964	3.20	4.70	4.30	5.50	7.70	11.70	12.90	13.40	12.00	8.30	4.40	-0.60	7.76
1965	1.20	3.30	4.60	6.20	7.60	10.90	13.50	14.70	14.70	8.80	5.10	2.10	7.50
1966	1.20	3.50	4.40	6.10	7.80	11.00	14.70	14.10	12.20	7.80	5.30	4.30	7.52
1967	2.40	4.40	2.70	6.00	9.30	13.20	13.90	15.90	12.80	8.90	6.40	3.90	8.35
1968	1.10	3.30	5.10	5.50	10.10	11.20	14.60	15.10	12.20	8.20	5.90	0.20	8.02
1969	-3.30	1.10	3.70	5.70	9.50	14.10	14.00	13.10	12.20	9.50	7.20	6.00	7.25
1970	2.30	5.90	5.90	5.90	8.40	11.60	12.70	13.80	12.10	9.10	4.80	1.60	8.21
1971	0.20	2.80	3.00	5.20	7.50	10.40	14.90	14.50	11.80	8.00	5.90	1.20	7.15
1972	-0.90	0.40	3.40	3.80	8.70	10.80	14.20	15.00	12.30	9.00	6.70	3.00	7.05
1973	2.60	3.90	4.30	6.20	8.00	10.00	12.70	13.60	12.20	7.80	1.90	4.10	7.18
1974	0.90	3.20	3.70	6.30	8.10	10.20	12.80	15.30	14.10	9.80	5.70	5.00	7.85
1975	1.80	0.80	2.80	5.20	7.90	10.40	13.10	12.80	13.10	8.20	4.40	3.90	7.12
1976	4.50	2.40	3.10	5.80	7.60	10.40	12.40	13.20	12.30	9.20	6.80	5.80	7.63
1977	4.50	6.40	4.60	6.40	8.50	11.80	13.40	16.30	13.10	8.90	3.90	0.70	8.63
1978	2.50	5.20	5.10	7.10	8.90	13.40	15.00	14.90	12.20	9.90	5.70	3.40	8.38
1979	1.80	1.70	5.60	6.90	9.30	11.50	14.70	15.90	13.80	10.40	6.60	4.90	8.47
1980	1.60	5.30	4.90	6.90	9.60	13.00	14.70	15.40	13.90	10.40	7.00	3.10	8.97
1981	6.90	5.30	6.00	6.40	9.70	11.30	15.30	15.80	13.30	9.10	7.20	3.30	9.12
1982	1.50	2.10	4.20	4.90	8.10	12.70	14.00	14.10	13.30	9.50	4.70	4.20	7.70
1983	5.10	6.40	6.40	8.10	10.70	12.60	14.30	14.50	12.40	9.50	6.30	2.50	9.21
1984	5.20	5.10	6.60	6.60	8.70	11.50	13.40	14.30	11.90	8.40	4.90	2.60	8.26
1985	6.20	3.70	4.40	5.50	8.60	10.60	14.60	14.90	13.10	7.90	0.30	3.40	7.70
1986	4.50	1.90	5.90	5.50	8.20	11.60	13.70	15.50	13.80	12.00	6.70	5.40	8.56
1987	5.00	5.60	4.60	6.50	9.40	11.80	14.10	15.60	13.30	9.80	7.40	6.60	9.04
1988	3.80	4.90	5.60	6.50	8.80	11.30	13.50	14.80	12.90	10.00	6.10	4.10	8.73
1989	2.70	1.20	3.50	7.40	10.30	13.50	14.80	15.80	15.40	9.60	6.50	7.30	8.73
1990	3.80	2.10	5.80	7.60	10.50	12.70	15.70	16.30	13.70	8.10	3.70	2.60	8.94
1991	1.70	4.90	3.40	5.80	9.10	11.60	13.90	14.70	13.30	9.10	7.10	5.60	8.10
1992	4.90	5.20	5.50	6.60	9.70	12.70	14.60	14.60	12.00	8.80	6.80	2.90	8.92
1993	2.20	4.30	4.50	7.10	11.10	12.50	14.70	16.10	14.60	10.80	6.80	6.20	8.97
1994	6.20	1.90	5.30	7.50	9.50	11.70	99	15.60	99	99	99	99	9.04
1995	99	99	99	7.60	7.60	99	15.80	99	99	99	6.50	4.40	99
1996	1.60	3.70	5.10	7.00	9.30	11.60	14.20	15.30	12.30	9.00	4.40	1.30	8.16
1997	3.70	5.90	4.40	7.10	10.90	12.60	14.80	16.60	14.30	9.80	7.50	6.20	9.07
1998	3.30	6.40	6.60	7.20	10.50	13.90	15.70	15.20	13.00	10.00	6.40	4.00	9.53
1999	4.20	3.20	4.10	6.40	7.70	11.10	13.80	14.20	12.20	9.10	5.70	4.70	7.97
2000	2.50	3.80	5.70	6.60	8.70	12.30	14.70	15.20	13.20	9.70	6.90	4.80	8.67
2001	6.00	4.30	4.90	6.30	7.90	11.00	13.60	14.20	11.90	8.20	5.40	3.60	8.21
2002	4.40	3.70	2.30	5.70	8.50	11.80	13.60	15.70	13.30	10.70	99	99	8.31
2003	99	99	99	6.70	9.40	12.90	14.60	15.40	13.70	10.50	5.40	4.60	8.79
2004	4.00	5.70	5.60	8.30	11.10	14.10	16.00	17.20	13.40	9.70	6.50	5.10	9.68
2005	3.50	4.50	6.00	7.60	11.30	13.70	15.10	15.90	13.60	9.20	5.90	6.10	9.28
2006	4.70	4.00	3.10	6.10	9.40	12.80	14.70	14.80	13.70	10.30	3.20	4.80	8.58
2007	3.50	4.60	3.80	6.50	8.50	11.40	14.30	15.0	13.5	8.8	5.7	99	8.37
2008	2.8	4.9	4.5	5.3	9.0	10.0	12.8	13.5	12.5	8.6	6.7	2.0	7.75
2009	3.1	2.6	2.8	6.2	9.2	12.8	16.0	15.8	12.5	9.7	5.2	4.0	8.16
2010	5.6	4.8	3.9	6.8	9.4	11.2	14.8	15.9	13.3	9.3	4.8	3.6	8.61
2011	3.9	2.9	4.1	5.6	9.0	12.4	13.9	14.4	13.0	8.9	4.6	99	99
2012	99	3.7	3.4	6.7	8.2	10.9	13.6	14.8	13.5	8.6	6.0