1957	99	99	99	99	99	99	99	99	99	99	99	-13.30	99
1958	-19.50	-13.90	-8.50	-0.10	7.30	12.10	15.00	12.70	7.10	-1.70	-10.30	-13.20	-1.09
1959	-20.70	-17.60	-9.80	0.90	5.30	10.70	14.70	11.60	7.60	-0.10	-16.60	-21.20	-2.27
1960	-18.90	-13.80	-8.60	-1.80	5.30	11.30	15.10	13.00	6.50	-1.70	-12.90	-20.10	-2.31
1961	-20.20	-16.20	-11.70	2.90	6.20	11.90	13.00	10.50	6.10	-4.40	-8.40	-15.20	-2.53
1962	-20.70	-16.80	-8.90	-1.80	8.40	12.60	13.70	13.30	8.50	-1.40	-14.20	-11.40	-1.88
1963	-18.60	-15.80	-3.90	-4.40	7.90	12.30	13.90	13.20	5.90	-2.00	-9.10	-13.70	-1.00
1964	-18.10	-26.80	-8.20	2.10	8.30	13.60	14.40	13.70	4.80	-3.80	-9.30	-15.00	-1.92
1965	-17.50	-15.60	-8.20	0.20	9.20	13.80	13.60	12.50	6.80	0.00	-9.10	-18.00	-0.77
1966	-17.00	-12.00	-6.90	-1.40	6.00	12.80	12.50	12.40	8.80	-1.20	-11.30	-21.40	-1.27
1967	-18.60	-17.20	-9.40	-0.90	9.90	12.60	14.10	11.90	5.30	-1.70	-17.60	-20.90	-2.75
1968	-21.20	-22.80	-9.20	-1.40	6.80	14.40	14.80	11.00	4.10	-3.90	-8.20	-14.90	-3.04
1969	-22.90	-20.80	-8.60	-0.70	8.30	13.90	14.10	12.50	4.80	-0.80	-12.30	-20.80	-2.28
1970	-17.80	-15.70	-15.00	-2.50	6.40	12.40	15.80	12.90	4.00	-1.80	-13.40	-17.40	-2.96
1971	-17.10	-17.40	-12.60	0.80	6.70	10.50	12.80	12.70	5.50	-0.40	-9.90	-16.10	-2.15
1972	-15.60	-18.90	-6.30	1.20	9.60	14.30	14.10	13.50	4.60	-2.40	-8.80	-14.80	-0.90
1973	-14.40	-16.00	-8.10	0.10	5.10	12.30	13.30	11.80	8.00	-2.30	-8.30	-14.80	-1.11
1974	-18.40	-15.80	-11.20	2.00	8.40	13.30	15.30	13.90	4.90	-5.40	-9.20	-21.10	-1.42
1975	-14.80	-15.20	-7.10	-4.70	4.90	12.60	13.60	14.50	7.10	-0.90	-10.00	-18.50	-1.76
1976	-18.40	-12.10	-11.90	-2.80	6.30	12.60	12.30	10.50	5.50	-0.90	-14.50	-19.00	-2.66
1977	-23.60	-15.70	-8.30	-1.70	4.20	12.40	13.10	14.40	8.90	1.10	-10.60	-13.10	-2.07
1978	-17.40	-16.30	-8.60	2.30	7.10	13.60	14.10	12.00	7.60	-2.10	-8.40	-11.90	-0.77
1979	-14.60	-8.70	-9.90	-1.80	6.80	14.20	13.30	12.00	5.80	1.90	-11.00	-13.30	-0.32
1980	-18.50	-16.50	-13.00	-2.30	7.50	12.50	14.80	12.80	7.60	-2.30	-6.30	-14.70	-1.42
1981	-20.30	-16.60	-6.70	2.40	7.50	14.30	15.90	13.60	7.30	-6.30	-15.90	-18.10	-1.62
1982	-15.60	-15.90	-8.70	1.60	7.90	12.50	13.90	11.10	6.90	1.70	-10.50	-15.60	-1.10
1983	-16.20	-14.80	-7.70	-3.30	7.50	10.20	14.10	12.50	6.40	99	-9.30	-17.50	-1.44
1984	99	99	99	99	99	99	12.10	99	99	99	-8.70	99	99
1985	99	99	99	1.20	6.70	99	99	99	99	-0.80	99	-16.80	99
1986	99	-15.90	-10.90	-2.50	10.50	99	14.40	99	99	99	99	99	99
1987	-14.00	99	-10.00	2.70	99	99	12.50	11.40	7.60	-9.40	99	-13.70	-2.78
1988	99	-19.00	-12.40	4.10	5.60	12.30	14.20	13.80	7.80	99	-7.20	-14.10	-1.04
1989	-17.80	-16.00	-8.80	99	8.30	99	14.50	12.70	6.90	1.00	-12.70	99	-1.02
1990	99	-14.40	-6.70	99	7.00	99	13.70	99	7.20	3.60	99	-12.60	99
1991	-17.10	99	-9.20	-5.30	6.80	13.80	99	13.80	6.20	-0.90	-10.40	-11.70	-1.10
1992	-15.90	-15.40	-10.20	3.40	99	13.30	99	12.00	99	99	-8.50	-14.30	-0.38
1993	-18.60	-12.60	-8.70	-3.60	99	11.60	12.80	10.80	7.20	-3.90	-12.40	99	-2.18
1994	-15.90	-12.50	-11.80	3.60	9.20	11.70	12.30	12.40	4.90	-2.60	-5.40	-15.70	-0.60
1995	-21.50	-13.10	-2.60	-1.20	5.10	12.00	14.90	12.80	8.30	99	-9.80	-13.40	-0.93
1996	-20.50	-16.10	-10.10	-0.40	8.20	12.00	16.40	13.20	7.20	-0.10	-16.10	-13.60	-1.64
1997	-14.80	-14.60	-3.90	3.10	10.20	13.70	14.50	13.60	6.40	-2.80	-14.80	-13.40	-0.25
1998	-19.50	-11.00	-8.00	2.40	7.40	13.80	14.20	14.30	9.40	1.20	-5.00	-11.80	0.48
1999	-15.60	-12.30	-11.10	1.60	8.50	14.10	17.90	13.70	5.80	-0.70	-8.70	-13.00	0.12
2000	-20.00	-16.30	-7.30	1.20	9.10	14.00	17.40	13.40	8.20	-4.40	-12.90	-12.00	-0.88
2001	-17.40	-14.90	-5.70	-0.10	8.60	15.10	16.20	99	8.60	1.00	-10.70	-20.20	0.28
2002	-15.30	-12.80	-9.40	2.80	8.50	15.10	99	8.80	8.00	-1.30	-8.00	-16.70	-0.86
2003	-15.20	-13.60	-10.70	2.10	6.30	14.70	12.90	10.60	7.60	-3.90	-11.20	-15.40	-1.42
2004	-18.10	-11.50	-8.40	4.80	8.50	13.70	14.80	12.10	1.30	-0.60	-9.00	-14.60	-0.65
2005	-24.20	-22.70	-7.30	1.20	6.80	12.60	15.90	14.00	7.60	-0.70	-10.20	-20.60	-1.80
2006	-16.20	-16.20	-7.20	1.40	5.80	12.10	15.20	14.40	8.00	2.00	-8.90	-12.7	-0.91
2007	-15.00	-8.00	99	1.10	9.10	15.10	99	14.4	8.0	-3.0	-8.3	-15.8	0.80
2008	-21.7	-17.9	-5.7	1.5	6.3	14.0	16.1	15.3	8.8	0.8	-8.3	-15.8	-0.57
2009	-16.9	-13.6	-6.8	99	8.3	12.3	15.8	13.6	6.8	0.6	-13.3	-15.5	-0.61
2010	-27.3	-17.8	-10.9	-3.8	99	14.8	16.8	10.6	3.5	0.1	-6.3	-18.4	-2.67
2011	-27.5	-15.0	-11.2	3.2	9.3	11.7	15.2	14.8	5.6	0.6	-7.4	-16.3	-1.54
2012	-22.6	-19.1	-9.7	1.4	8.2	15.0	16.4	13.8	7.8	-3.4	