1924	99	99	99	99	99	99	99	99	99	99	99	99	99
1925	99	99	99	99	99	99	99	99	99	6.4	3.4	1.7	99
1926	3.5	3.4	2.6	6.8	6.8	11.9	12.2	13.1	10.7	4.6	6.1	3.4	7.1
1927	3.2	3.4	5	3.1	5.4	8.9	14.2	14.8	11.4	7.1	3.8	1.5	6.8
1928	3	3.2	3.7	6.2	6.5	8.2	10.4	11.9	10.3	8.1	5.7	3.9	6.8
1929	2	0.6	4.4	3.3	8.5	9.5	11.2	11.4	11	7.5	6.6	5.7	6.8
1930	4.7	2.7	2.8	6.8	8.6	12.8	15.3	15.7	12	9	4.5	5.4	8.4
1931	2.4	1.5	0.9	4.2	8.1	8.1	12.9	11.5	8.4	6.9	8.1	4	6.4
1932	5	3.9	2.5	3.9	8.3	9.2	13.5	13.3	9.8	6.4	5.8	5.6	7.3
1933	4.4	0.9	4.3	4.5	8.3	13.8	14.8	13.8	12.8	8.6	5.3	4.7	8
1934	4.9	4.1	3.3	4.9	7.8	10.3	13.4	15.1	13.9	8.5	5.5	6.7	8.2
1935	3.4	2.6	3	4.6	6.2	11	12.6	14.1	11.5	7.9	7.1	3.7	7.3
1936	2.4	1.8	3.7	4.1	8.9	11.5	15	14.1	11.9	7.8	6	4.9	7.7
1937	4	1	1	6.8	8.9	10.8	13.8	15.3	11.5	10.3	5	1.7	7.5
1938	3.6	3.6	4.7	4.4	7.4	10.3	13.4	14.7	12.5	10	7.3	4.9	8.1
1939	2.7	4.5	4.3	4.6	8.6	10.6	13.4	15.7	12.9	7.1	5.8	2.9	7.8
1940	0.7	-0.9	2.1	4.4	10.5	11.7	12.3	11.3	9.2	5.3	5.3	3.8	6.3
1941	-0.5	0.2	1.8	4	7	10	15.3	13.6	11.6	7.2	5.9	4.1	6.7
1942	-1.7	-0.2	0.4	5.1	7.2	9	11.5	13.5	11.7	8.1	6.1	5.2	6.3
1943	2.4	3.7	5.1	5.2	8.1	11.1	11.9	11.7	11.5	10.4	5.7	5	7.7
1944	4	2.7	2.8	4.8	6.3	10.2	13.5	12.9	11	9.3	5	4.3	7.2
1945	0.1	3.8	4.9	5.7	8.2	11	14	13.7	11.6	9.3	6.4	3.9	7.7
1946	4.1	1.9	3.2	5.3	8.2	10.7	14.6	14.5	12.4	8.8	6.3	5	7.9
1947	2.3	-2	0	4.1	10.2	11.3	15.1	14.9	11.4	8.1	4.8	3.5	7
1948	1.3	3.4	5	6.1	8.2	9.7	12.2	11.8	10.9	7.2	6.3	6.6	7.4
1949	4.1	4.6	2.3	5.8	7.8	9.7	10.9	12.2	14	9.4	7.8	4.3	7.7
1950	3.5	2.6	4	5.1	8	10.6	14.8	16	11.7	8.9	5.6	2.5	7.8
1951	2.3	3	1.5	3.5	6.5	8.8	11.3	14.3	13.1	10.8	6.8	5.3	7.3
1952	2.1	2.4	3.3	6.6	8.4	9.4	11.9	12.5	8.6	7.4	3.8	3.4	6.7
1953	2.8	1.5	4.8	4.6	7.6	13.3	14.5	14.3	12.5	10.7	8.1	6.4	8.4
1954	2.5	1.3	3.4	4.4	10	10.2	12.6	13.7	11	8.3	6.7	4.9	7.4
1955	2.5	0.3	1.7	4.3	5.7	9.3	13.3	13.9	12.8	7.4	7.1	2	6.7
1956	1.8	0.6	3.3	3.7	7.8	9.1	11.8	11.6	12.1	8.2	6.6	4.3	6.7
1957	4.5	2.2	4.4	4.9	6.7	8.8	12.4	12.3	10.6	8.5	6	3.9	7.1
1958	2.2	-0.3	0.5	4	6.3	10	11.7	13.9	13.5	10.4	7.9	3.1	6.9
1959	1.4	4	5.6	6.4	8	10.6	13.4	14.4	11.7	10.2	7.8	4.7	8.2
1960	1.9	1.8	4.9	5.6	9.1	11.3	12.7	14.6	12.5	8	6.2	3.5	7.7
1961	2.8	4.6	4.2	5.4	8.1	10.4	12.2	12.8	12.7	11.8	7.1	2.7	7.9
1962	4.3	3	0.5	4.8	7	9.4	10.6	12.3	11	9.2	5	3	6.7
1963	1.1	0.2	3.7	5.5	8.4	11.3	11.4	14.5	11.7	9.2	5.5	4.3	7.2
1964	4.6	3.1	4	6	8.2	9.9	11.4	11.6	10.2	9.1	6.1	3.7	7.3
1965	2.7	2.9	2.8	5.7	7.5	10.7	10.4	11.9	12.9	10.3	3.5	1.3	6.9
1966	0.8	-0.3	2.7	3.7	7.5	12.9	11.9	12.5	10.3	8.8	5.1	3.4	6.6
1967	2.1	3.9	3.6	4	8.1	9.7	12.7	13.2	13.1	8.3	7.2	3.8	7.5
1968	2.1	1.5	2.9	5	6.8	11.7	12.2	12	12.7	7.6	4.6	4	6.9
1969	3.6	-0.1	0.8	5.4	8.1	11.8	12.6	16.6	10.7	9.5	3.3	2.6	7.1
1970	1.7	0.3	1.6	3.5	8.2	11.9	11.9	14	11.2	8.4	4.5	4.3	6.8
1971	3.8	4	2.1	4.6	9	9.6	12.2	13.1	11.2	8.3	4.2	5.9	7.3
1972	2.5	3	4.5	5.3	9.3	11.3	13.4	12.4	9.7	9	5.2	6.5	7.7
1973	5.4	3.1	5.4	3.3	8	99	99	12.2	10.9	6.7	4	99	99
1974	6	4.3	4.5	5.5	9.5	99	99	13.4	11.9	7.9	6.3	5.1	99
1975	4.6	4.6	3.7	4.5	7.2	99	99	15	11.1	9.3	6.9	4.3	99
1976	1.6	3.6	2.4	3.7	9.8	99	99	13	8.9	9.8	6.7	2.2	99
1977	1.8	1.4	4.1	3.3	7.1	99	99	12.3	9.9	10	5.6	5.7	99
1978	2.8	0.3	3.4	4	8.2	99	99	12.7	10	8.5	6	0.9	99
1979	0.7	1.2	99	4.9	6.4	99	99	12.1	9.9	8.5	5.3	3.1	99
1980	1.8	2.2	2.2	5.1	7.8	99	99	13.6	12.3	6.7	4.1	3.3	99
1981	2.1	2	2.7	3.9	10.4	99	99	12.2	12.8	7.9	5.1	99	99
1982	1.3	4.6	4.4	4.5	8.1	99	99	13.6	10.8	9.9	6.5	4.5	99
1983	4	2.5	3.9	5.1	8.2	99	99	11.9	10.8	8.2	5.1	4.2	99
1984	1.4	3.2	2.2	5	7.9	99	99	12.8	11	9.5	8.2	5.8	99
1985	1.6	1.9	2.8	4.1	8.7	99	99	13.6	9.9	10	3.1	2.4	99
1986	0.6	0	4.3	3.7	8.8	99	99	12.6	8.8	8.6	6.8	4.1	99
1987	0.4	2.3	2	6.3	6.5	99	99	11.7	10.8	10.6	6.6	5	99
1988	4.4	3.6	2.4	3.5	9.2	99	14.1	14.1	12.2	8.7	5.3	4.7	99
1989	5.9	4.5	4.8	6.1	8.1	99	12.3	12.5	11.3	8.8	7.1	4.4	99
1990	5.5	5.7	4.8	5.4	8.5	99	99	14.1	11.2	10.3	6.4	5.1	99
1991	4.6	2.1	5.3	5.9	6.8	99	99	99	99	99	99	99	99
1992	99	99	99	99	99	99	99	99	99	99	99	99	99
1993	99	99	99	99	99	99	99	99	99	99	99	99	99
1994	99	99	99	99	99	99	99	99	99	99	99	99	99
1995	99	99	99	99	99	99	99	99	99	99	99	99	99
1996	99	99	99	99	99	99	99	99	99	99	99	99	99
1997	99	99	99	99	99	99	99	99	99	99	99	99	99
1998	99	99	99	99	99	99	99	99	99	99	99	99	99
1999	99	99	99	99	99	99	99	99	99	99	99	99	99
2000	99	99	99	99	99	99	99	99	99	99	99	99	99
2001	99	99	99	99	99	99	99	99	99	99	99	99	99
2002	99	99	99	99	10.5	13.9	13.4	16.6	12.8	6.7	4.9	3.7	99
2003	3.1	4	5	6.6	8.1	12.1	15.7	14.5	11.7	6.8	8.1	4.6	8.4
2004	3.4	3.6	4.8	7.1	8.5	9.9	12.3	14.9	12.1	9.4	5.9	5.3	8.1
2005	4.5	3.1	3.8	6.4	6.9	10	13.2	11.7	11.8	10.8	6.9	4.6	7.8
2006	4.9	3.9	0.8	4.9	9.5	10.9	15.2	15.8	15.2	10.4	7.7	7.3	8.8
2007	3.9	2.7	6.1	6.3	7.7	11.8	13.9	12.8	9.8	9.5	5.4	5.3	7.93
2008	4.4	4.9	3.1	99	9.2	12.0	15.4	14.9	13.4	8.8	6.2	4.6	99
2009	4.6	2.5	4.6	7.9	9.8	11.5	13.7	14.9