1998	99	99	99	5.24	8.54	9.95	12.15	12.33	12.7	8.77	6.07	6.05	9.17	
1999	4.63	3.46	4.51	6.27	8.8	11.37	13.13	13.4	14.22	10.16	8.44	4.26	8.88	
2000	5.56	4.91	4.21	5.72	9.31	9.97	11.27	12.55	12.23	10.86	8.42	6.03	8.45	
2001	4.98	1.88	2.84	5.01	7.73	9.37	13.31	13.41	12.32	11.34	6.13	2.64	7.83	
2002	5.23	4.21	4.07	6.5	9.6	13.32	13.4	16.53	13.54	7.74	5.81	4.01	8.74	
2003	4.63	4.08	5.23	6.61	7.74	11.83	15.83	14.76	12.36	7.83	8.38	5.41	8.77	
2004	3.97	4.46	5.17	6.75	10.08	10.48	13.18	15.82	13.86	99	6.55	6.54	7.26	
2005	5.85	4.87	4.17	6.91	7.59	10.1	12.98	12.15	11.49	10.25	7.67	5.59	8.6	
2006	5.43	4.3	1.39	5.08	8.95	10.49	14.68	15.8	14.71	11.2	8.31	7.9	9.05	
2007	5.42	3.94	6.34	6.25	8.23	12.33	13.62	12.80	10.53	9.5	6.4	6.4	8.48
2008	5.3	5.9	4.1	6.2	9.2	12.3	15.9	99	8.7	9.3	7.0	5.8	8.15
2009	4.8	3.6	5.3	7.1	9.4	11.8	14.4	99