1878	0.5	2.2	1.2	3.7	5.5	9.2	10	10	6.6	3.1	0.6	-2.4	4.18
1879	2.5	0.5	0	3.4	5.4	8.7	9.8	10	5.8	5.4	3.4	2	4.74
1880	2	0.6	4.6	5.4	6.3	8.7	11.9	11.7	8.2	3	0.6	-3.8	4.93
1881	-2.5	-0.8	-3.6	4.4	6.1	7.5	9.7	8.9	8.7	5.2	3.9	0.9	4.03
1882	0.9	-0.2	-0.9	1.6	5	7.8	10.2	8.3	5.8	6.6	0.6	-0.4	3.78
1883	2.1	1.2	0.5	4.3	4.2	8	10	9.2	7.5	4.4	2.4	0.6	4.53
1884	0	1.8	3	4.2	4.4	7.4	9.5	9.2	7.2	3.3	1.9	1.1	4.42
1885	2.4	-3.2	-0.7	3.4	5	6.6	8.4	8.4	6.8	2.8	2	0	3.49
1886	-2.3	0.2	1.2	2	5.1	7.7	9.2	8.3	7.1	5.4	2.4	-2.3	3.67
1887	-0.2	0.4	0.6	1.8	5.2	8.7	9.3	8.8	6.9	3.5	-0.5	-2.1	3.53
1888	0.9	0.4	-1.5	2.4	3.1	7	8.8	8.5	7.4	3.8	2.1	1	3.66
1889	0.3	-1	1.8	3.2	8.1	9.1	11.2	10.6	7.7	5.6	3.1	1.6	5.11
1890	0.9	2.7	1	4.7	7.7	7.7	10.2	9.7	7.7	4.2	2.3	2.8	5.13
1891	1	2.2	-3.7	3.9	5.5	9.2	10.9	9.4	7.2	5.8	2.1	0.3	4.48
1892	-1.3	-1.5	-0.9	2.7	4.3	7.7	9.1	8.2	5.4	3.5	2.1	0	3.28
1893	1.1	0.6	1.5	4	6.8	9	10.8	10.6	7.1	3.1	0.6	0	4.6
1894	0.8	-0.1	1.6	5.8	5.8	8.1	10.7	10	8.1	5	3.7	0	4.96
1895	-0.8	2.4	1.7	2.5	7.1	9.4	10.3	10.5	8	2.7	2.5	0.9	4.77
1896	0.6	3	-0.1	3.5	6.3	7.6	9.5	9	6.6	1.9	2.8	2.5	4.43
1897	0.3	0.6	1.8	3.7	4.6	7.8	10.1	10.2	6.7	5.2	2.6	2.4	4.67
1898	1.5	-1.7	0.5	3.9	4.9	8.8	9.5	8.8	7.3	5.5	0.9	1.1	4.25
1899	0.2	2.6	-0.1	1.6	6.1	8.4	9.8	10.5	6.2	3.7	1.9	0.3	4.27
1900	1.7	-1.1	0.3	3.1	6.2	9	10.1	10.1	7.7	3.3	2.7	1.1	4.52
1901	2.1	2.5	2.3	1.9	6.3	8	9.4	8.9	9.1	3.6	3.4	-0.8	4.73
1902	-0.8	0.8	0.5	3	4.8	7.8	9.9	9.4	8.3	6.3	4.8	2.1	4.74
1903	0.8	1	0.9	1.7	5.3	8.2	10.1	8.5	8.3	3.9	1.4	2.3	4.37
1904	0.6	0.4	1.2	2.6	6.4	9	10.7	10.4	8.9	3.6	1.2	1.7	4.73
1905	0.3	-0.7	3.3	2.5	5.8	8.6	9.8	9.8	7.6	4.6	2.8	2.6	4.75
1906	1.7	-1.4	0.8	1.8	3.6	8.7	9.3	9.3	8.3	4.9	3.4	-0.8	4.13
1907	1.1	-1.4	0.2	4.1	5	7.5	9.7	8.8	6.6	4	2	3.1	4.23
1908	1.1	-0.2	1.9	3.8	5	7.8	10.6	8.9	8.2	7.4	3	2.5	5
1909	0.1	3.1	1.2	5.2	5.8	10.1	10.6	9.4	8.2	3.3	2.6	-1.5	4.84
1910	0.2	0.2	2.5	1.1	5.3	8.1	10.3	10.3	7.8	6.2	0.4	1.7	4.51
1911	0.8	0.1	2.3	3.2	6.2	9.1	9.3	10.2	7.1	5.3	2.5	3.3	4.95
1912	3.3	0	2.1	4	7.2	9.1	10.5	8.5	8.4	5.7	1.1	0.3	5.02
1913	2	2.3	0.6	4.1	6.8	8.2	10.2	9.8	7.5	4.6	1.6	0	4.81
1914	2.4	0.3	0.4	2.4	3.7	7.6	10.3	10.8	7.2	5.5	0.7	0.6	4.33
1915	1.7	0.3	-0.1	2.8	6.5	9.2	10.7	10.4	7.9	7.7	3.3	0	5.03
1916	1.6	0.8	1	2	5.6	9.1	10.9	9.9	7.6	5.3	2.7	-2	4.54
1917	1.8	2.5	1.3	-0.4	5.4	8.6	11.2	11.2	6.6	1	0.6	-0.3	4.13
1918	-4.4	1.1	3.4	3.2	6.9	7.9	9.7	9.3	5.3	4.3	2.6	1.1	4.2
1919	1.1	0.2	-2	2.3	6.5	8.6	10.7	9	6.4	4.6	-0.6	0.6	3.95
1920	-1.6	-0.5	0.3	1.3	5.5	9.3	10.6	9.5	8.1	7.1	3.4	1.9	4.58
1921	0.6	3	0.3	3.2	5.2	7.8	9.5	8.8	6.5	3.9	3.2	1.7	4.48
1922	2	2	2.7	0.9	4.9	7.3	9.2	9	5.9	5.4	2.8	3.1	4.6
1923	0.3	3.4	5	4.3	4.4	7.8	9.5	9.2	5.9	3.8	-0.5	0.8	4.49
1924	2.8	2.2	0.3	1.5	4.1	8.2	10.2	9.9	6.4	5.1	3.9	2.8	4.78
1925	2.1	-0.5	1.4	2.3	5.8	8.5	9.1	9.4	7.4	5.1	3.6	-0.2	4.5
1926	2.7	4.3	1.8	6	5.9	8.6	10.4	9.8	6.5	1.4	2.6	2.6	5.22
1927	-0.2	3	3.8	1.7	6	8.9	10.2	10.2	7.6	4.7	3.5	3.2	5.22
1928	1.2	1.5	4.1	5.1	7.1	9.3	10.6	10.1	8.8	6.1	3.7	2.2	5.82
1929	3.4	4	6	4.4	5.8	8.3	10.7	9.7	7.1	3.1	2.9	2.7	5.68
1930	1.2	3.2	-1.1	5.2	6.9	8.3	9.5	10	9	3.8	1.1	2.7	4.98
1931	1.1	-1.9	2.1	3.5	6.4	7.4	10.3	11.5	9.4	5.1	4.2	1.9	5.08
1932	2.3	5.7	3.3	1.1	7.1	9.3	11.2	10.5	6.8	4.5	3.4	3.7	5.74
1933	2.8	-0.4	3	3.7	7.4	9.6	11.7	10.5	9.4	4.6	5.2	5.4	6.08
1934	2.5	2.6	1.1	3.8	4.6	8.9	11	11	8.6	4.1	3.1	4.2	5.46
1935	3.2	-0.9	3.7	2.9	8.2	8.5	10	9.8	8.7	4.1	4.3	1.5	5.33
1936	-1.2	0.3	3	4.8	6.9	8.7	11.6	10.5	8.9	6.3	3.4	-0.5	5.23
1937	2.1	-0.2	0	5.3	6.3	8.4	10.2	9.7	7.7	4.1	4.1	3.3	5.08
1938	1.2	2.6	2.5	4.3	5.2	8.5	10.4	9.6	8.7	4.9	2.3	3.2	5.28
1939	-0.7	2.4	4.1	4.7	7.5	9.5	11.5	11	10.6	7.4	2.3	2.8	6.09
1940	2.8	3.3	0.7	3.5	6.6	8.7	10.3	9.3	6.9	6.3	2.8	3.9	5.43
1941	1.9	-0.1	2.6	5	7.9	9.7	11	10.3	10.8	7.2	5.3	3.5	6.26
1942	2.8	2.5	3.6	3	6.9	8.8	10.2	10.5	7.7	3.7	4.8	3.1	5.63
1943	2.4	0.9	2.5	2.9	4.6	9	10.6	9.4	7.8	5.2	2.6	3.2	5.09
1944	0.1	1.5	2.1	4	6	8.4	11.1	10.9	7.9	5.3	1.4	1.5	5.02
1945	-1.2	1.6	4.5	4.2	6.8	8.6	10.8	10.8	9.3	7.2	6.5	3.3	6.03
1946	3.9	1.4	3.9	3.6	8	8.8	10.7	11	8.3	7.7	2.6	4.2	6.18
1947	4.4	0.2	-0.2	3.3	7.8	9	10.4	10.6	8	6.1	1.3	2.3	5.27
1948	2.2	3.8	4.1	2.2	5.1	8.7	10.2	10.9	6.9	4.2	3.9	2.8	5.42
1949	-1	1.6	2	0.9	4.5	8.9	9.7	10.1	8.8	5.8	3.9	0.4	4.63
1950	3.6	1.2	2.7	2.5	6.8	9.2	10.5	11.1	7.7	5.4	2	0.3	5.25
1951	0.9	1.1	-1.1	0.9	6.5	9.1	9.9	10.6	9.4	6.2	3.1	1	4.8
1952	-1.3	1.7	2.3	4	5.8	8.1	8.6	9.7	7.1	6	3.6	2.4	4.83
1953	2	3.2	3.6	1	6.6	9.6	10.9	11	9.8	5.1	3.3	3.6	5.81
1954	3.2	1.6	2.3	4.3	6.2	9	10	10.3	6.5	4.6	3.7	0.8	5.21
1955	0	-0.3	2.3	5.6	5	8.3	9.5	9.3	7.6	4.5	5.1	0.5	4.78
1956	-1.4	3.7	4.4	3.9	6.1	7.8	9.7	9.7	8.6	5.2	5.1	3.4	5.52
1957	2.4	0.4	2.1	5.2	6	8.4	10.8	10.5	7.4	5.1	4.1	1.1	5.29
1958	-0.8	0	1.4	4.8	4.7	8.4	10.8	10.3	10.6	7	5.6	1.7	5.38
1959	-0.9	3.4	4.3	2.8	6.9	7.9	9.8	9.8	8.5	7.3	2.8	2.5	5.43
1960	3.3	0	4.1	5.2	7.2	9	11	10.9	9.1	6.5	4.9	1.6	6.07
1961	3.7	2.8	1.9	2.9	7.3	8.1	10	10	8.9	6	2.8	0	5.37
1962	2	1.1	-0.7	4.2	6.5	8.2	9.8	9.9	7.5	5.6	2.5	1.9	4.88
1963	1.6	2.8	5	4.1	5	8.5	9.5	9.3	6.3	5.7	0.8	3.6	5.18
1964	4.3	4.2	5.7	4.6	6.7	8.1	9.2	8.9	7	5.7	3.8	0.2	5.7
1965	1.5	4.4	1.2	3.6	6.6	7.7	10.1	9.7	7.5	7.1	1.8	1	5.18
1966	0.9	1	1	3.9	5.9	8.7	10	10.3	8.1	4.6	1.6	-0.2	4.65
1967	3.1	3	-1.1	2.5	5.4	7.8	9.8	9.9	8.4	4	2.1	0.8	4.64
1968	0.4	0.9	0.8	3.2	5.1	7.8	10.4	9.8	8.6	4.4	5.3	1.8	4.88
1969	-0.3	-0.9	2.2	3.4	6	8.3	9	10	6.1	5.6	-0.3	2	4.26
1970	1.8	0.5	-0.8	3	6.2	8	9	9.3	7.2	4.3	2	3	4.46
1971	0.3	2.4	2.5	4.1	6.6	8.6	10.3	9.7	7.8	4.7	1.8	2.1	5.08
1972	3.7	3.7	3	4.1	7	8.3	9.2	8.9	7.6	5.3	1.3	2.8	5.41
1973	4.1	-0.1	2.7	3.2	5	7	9.3	9.5	8.3	5.1	0	-1.5	4.38
1974	2.8	1.5	4.5	6	6.8	8.4	10.2	9.4	6.2	5.2	3.4	-0.4	5.33
1975	-0.3	4	1.7	2.8	5.9	6.8	9	9.5	6.1	6.3	2.9	0.9	4.63
1976	-0.5	1.9	2.2	3.1	5.5	8.1	9.9	9.2	8	6.2	4.2	0.7	4.88
1977	0.2	2.5	4.1	2.6	6.1	8.1	9.8	9.6	7.3	5.7	1	2.7	4.98
1978	0.4	1.5	2.7	4.1	5.7	7.4	10.2	10.2	7.9	4.9	2.1	3.2	5.03
1979	-1.9	2.1	-2.1	3	2.4	7.5	8.5	9.7	6	5.5	2.2	1.7	3.72
1980	1.8	3.1	1.9	3.8	6.1	9	10.1	10.3	8.3	3.4	2.2	0.6	5.05
1981	-0.3	0.7	0.7	4.2	5.8	7.4	9.3	9.5	7.2	1.6	1.6	-0.2	3.96
1982	1.3	3.1	1.8	3.7	4.6	7.9	9.8	9	6.3	5.3	1.4	0.5	4.56
1983	-0.3	2.4	1	1.1	6.2	7.4	8	8	6.6	4.3	2.8	1.8	4.11
1984	-1.3	1.6	2	3.2	5.6	8	9.7	9.6	7.5	4.6	3.1	2.2	4.65
1985	1.8	2.4	1.1	4.1	6.2	8.1	9.6	9.8	7	6.7	1.7	0.8	4.94
1986	1.3	3.2	1.8	3.9	5.7	7.9	9.9	10	7.4	3.6	2.2	1.1	4.83
1987	4.3	3.3	1.1	3.2	5.5	9	9.8	10.1	7.9	3.9	4.6	4.6	5.61
1988	-0.1	0.9	1.6	1.7	6.6	7.5	10.1	10	7.4	5	4.5	2.4	4.8
1989	1.7	-0.8	1	2.6	5	7.7	8.9	9.2	7.3	5.3	3.5	1.9	4.44
1990	2	0.4	0.2	1.3	6.6	8.8	10.2	10.6	6.9	5.3	4	1.1	4.78
1991	2.4	3.3	2.8	2	6.3	8.9	11.2	10.5	7.7	5.1	1.7	2.4	5.36
1992	3.3	1.3	1.5	3.1	5.3	7.2	8.7	9.2	7.1	4.7	2.2	0.6	4.52
1993	-0.2	1.7	2.1	3.7	5.2	7.3	9.3	8.8	8.6	5.2	4.5	0.2	4.7
1994	0.2	2.5	0.1	2.3	6.7	7.6	10.3	10.3	7.2	4.7	3.8	0.4	4.68
1995	0.2	0.2	-0.5	2	5.9	8.4	9.4	9.6	7.6	4.7	2.9	2	4.37
1996	3.6	1.2	3.2	4.9	6.6	8.8	10	9.8	9.8	5.1	0	2.2	5.43
1997	2.2	0.4	1.6	4.3	5.7	7.6	10.3	10.3	7.8	6.1	5.1	4.3	5.48
1998	2.6	1	0.6	4	6.6	8.9	10.4	10.6	8.2	3.6	3.6	3.2	5.28
1999	2.1	0.2	0.7	3.3	6.4	7.9	9.3	10.3	8.2	6	3	0.9	4.86
2000	2.0	0.8	1.7	2.2	6.2	8.3	10.5	10.5	8.8	5.8	2.4	2.3	5.12
2001	3.0	1.3	1.2	4.2	6.1	8.2	10.2	10.8	9.2	7.1	2.9	3.2	5.62
2002	2.9	-0.4	2.0	4.6	6.7	9.2	10.1	9.9	8.8	5.2	5.8	5.5	5.11
2003	3.1	2.9	4.1	5.6	5.9	9.3	11.4	12.1	8.5	5.7	3.9	2.1	6.22
2004	1.7	2.4	4.5	5.5	6.5	9.1	10.6	11.8	9.4	5.4	3.5	1.5	5.99
2005	1.6	2.3	3.7	4.3	5.7	9.3	10.9	10.0	6.4	3.8	3.1	3.7	5.4
2006	3.2	4.3	1.9	2.7	6.1	8.8	10.3	10.8	10.0	6.1	3.1	4.0	5.94
2007	1.7	2.5	3.1	5.2	5.8	9.4	11.2	10.9	7.8	6.2	3.9	2.9	5.88
2008	1.4	1.3	1.8	4.3	7.5	9.6	11.2	10.8	9.4	3.5	3.25	2.53	5.55
2009	3.3	2.6	1.7	5.3	6.8	9.3