1942	3.95	1.8	6.7	9.2	10.45	13.05	14.35	15.5	13.55	10.65	6.9	7.9	9.5	
1943	5.85	6.75	7.15	9.9	10.75	12.85	15.15	15.05	12.9	10.95	7.8	4.8	9.99	
1944	7.5	4.8	5.85	9.65	10.4	12.65	15.4	16.25	13	9.95	7.65	6	9.93	
1945	2.9	7.35	7.8	9.95	11.3	13.35	14.8	15	14.2	12.15	8.15	7	10.33	
1946	4.55	6.55	5.65	9.55	10.4	11.7	14.15	13.65	13.8	99	99	5.15	99	
1947	3.6	99	99	99	10.95	13.7	14.55	17.3	14.45	11.1	8.3	6.3	99	
1948	6.4	5.15	9.65	8.1	10.45	12.25	14.25	14.4	13.4	10.9	9.2	6.35	10.04	
1949	6.8	6.55	6	99	10	14.35	16.2	15.9	16	12.55	8.15	7.05	99	
1950	5.25	6.1	7.8	7.8	11.15	14.55	14.95	14.45	13	10.45	6.95	3.2	9.64	
1951	4.95	4.2	4.55	6.65	9.4	12.85	15.05	14.1	14.1	10.85	9.1	7.05	9.4	
1952	4.5	4.55	7.05	8.95	12.05	12.85	15.5	15	11.5	10.25	6.05	5	9.44	
1953	4.85	5.1	6.1	7.1	11.9	12.65	14.45	15.25	13.7	10.7	9.3	8.55	9.97	
1954	4.6	3.95	6.45	7.75	10.45	12.5	13.45	13.65	12.75	12.2	8.15	7.7	9.47	
1955	4.25	2.4	3.7	8.65	9.75	13.7	15.4	17.65	14.4	10.45	7.75	7.35	9.62	
1956	5.35	0.8	7.25	7.2	11.1	12.15	14.8	13.2	14.4	10.45	7.55	6.95	9.27	
1957	6.25	5.85	9.8	8.75	10.5	14.4	15.2	15.1	13.2	11.55	7.15	5.85	10.3	
1958	5.45	6.05	4.65	7.6	10.6	13	14.4	14.95	14.85	11.05	8.1	6.05	9.73	
1959	4.25	5.85	7.65	8.95	12.2	14.1	15.9	16.05	15.55	13.5	8.55	7	10.8	
1960	5.65	4.7	7.1	8.25	12.35	14.8	14.45	14.5	13.15	10.7	8.05	5.05	9.9	
1961	4.75	7.55	8.35	9.55	10.75	13.45	14.25	14.85	14.8	10.95	7.3	4.1	10.05	
1962	5.3	5.3	3.45	7.35	9.7	12.65	14.2	13.85	12.7	11.05	6.75	4.1	8.87	
1963	-1.1	0.7	6.4	8.15	9.85	13.8	14.35	13.9	13.05	11.4	9	3.7	8.6	
1964	4.7	5.1	5.35	8.3	12.25	12.95	14.7	14.85	14.2	10.1	8.6	5.1	9.68	
1965	4.65	3.5	6.2	8.1	11.2	12.85	13.5	14.85	12	11.95	5.85	6.5	9.26	
1966	4.1	6.25	7.05	7.9	10.55	14	14.05	14.05	14.05	10.55	6.6	6.9	9.67	
1967	5.4	5.7	6.85	7.45	9.35	13.2	15.05	14.7	13.15	10.7	6.55	6.15	9.52	
1968	5.45	2.85	6.1	7.5	9.2	13.35	14.05	15.3	13.35	12.75	7.3	4.55	9.31	
1969	6	2.3	4.75	7.5	10.3	12.9	15.3	14.85	13.75	13.45	6.6	4.6	9.36	
1970	5.3	4.05	4.3	6.5	11.5	15	13.95	15.05	14.15	10.95	8.6	5.4	9.56	
1971	5.6	5.05	5.3	7.7	10.85	11.9	15.35	14.85	14.7	12	7.7	7.15	9.85	
1972	4.8	4.85	6.45	7.9	9.45	10.3	14.35	13.85	12.1	11.2	7.6	6.95	9.15	
1973	5.45	5.15	6.3	6.85	11.05	13.1	14.2	16.35	14.1	10.35	8	6.05	9.75	
1974	6.2	5.5	5.75	8.8	9.95	12.95	14.15	14.1	11.6	8.65	7.25	8.05	9.41	
1975	7.05	5.75	5.1	7.65	9.55	13.75	15.85	16.45	12.8	10.65	7.55	6.45	9.88	
1976	6.45	4.85	5.15	7.45	10.55	15	16.4	16.95	13.1	10.1	7.4	3.6	9.75	
1977	3.85	5.85	7.25	7	10.25	11.6	15.2	14.85	12.75	12.25	6.9	6.8	9.55	
1978	4.55	3.5	6.45	6.55	10.9	12.5	13.4	13.9	13.65	12.35	9.15	5.5	9.37	
1979	2.1	2.4	4.55	7	8.5	12.55	14.75	14	13	11.5	8.05	6.65	8.75	
1980	3.4	6.5	5.2	8.05	10.85	12.7	13.8	15.1	13.95	9.5	7.3	6.65	9.42	
1981	5.8	3.75	7.8	8.15	10.6	12.4	14.05	15.45	14.05	8.75	8.45	3.05	9.36	
1982	4.35	5.6	6	8	11	14.25	15.1	14.6	13.65	10.3	8.5	5.65	9.75	
1983	7.05	2.9	6.55	6.25	9.45	13.05	17.3	16.4	13.4	10.65	8.2	7.1	9.86	
1984	4.9	4.65	4.6	8.8	9.3	12.85	15.4	16.55	13.4	11	8.1	6.2	9.65	
1985	2.35	3.85	4.9	8.15	10.15	11.65	14.45	13.45	14.2	10.8	5.45	6.8	8.85	
1986	4.7	-0.2	5.15	5.1	10.2	14	14.2	12.75	11.2	11.25	8.15	6.9	8.62	
1987	2.1	4.2	4.7	10.05	9.7	11.75	14.75	14.9	13.45	9.85	7.35	6.25	9.09	
1988	5.8	5	6.55	8.1	10.8	13.5	13.4	14.05	12.9	10.9	6.9	8.3	9.68	
1989	6.75	6.15	7.1	6.45	12.15	13.3	16.35	15.45	13.7	11.75	7.85	5.45	10.2	
1990	6.95	7.25	7.9	7.8	12.25	12.85	16.4	16.75	13.05	12.1	7.55	5.15	10.5	
1991	3.65	2.65	7.5	7.8	10.1	11.65	16	16.15	14.9	10.35	7.55	5.85	9.51	
1992	4.7	6.5	7.25	8.3	12.85	14.3	15.1	13.95	12.75	8.65	8.2	4.9	9.79	
1993	6.35	5.5	6.6	9.15	10.8	13.25	14.1	13.75	12.55	8.6	5.6	6.35	9.38	
1994	5.85	4.05	7.4	7.4	10.45	12.95	15.5	14.85	12.4	11.05	10.5	7.5	9.99	
1995	5.95	6.85	5.55	8.15	10.85	13.55	17.5	18.65	13.55	13.15	8.25	3.9	10.49	
1996	5.15	3.55	5.35	8	8.6	12.75	14.9	15.05	13.8	12.05	7.25	3.95	9.2	
1997	3.4	6.7	8.2	9.15	11.3	13.15	15.05	17.15	14	11.2	9.35	6.9	10.46	
1998	5.75	7.7	8.1	7.4	11.95	13.35	14.25	14.95	14.5	11.15	7.65	6.5	10.27	
1999	6.25	6.05	7.1	8.95	12.05	12.8	16.35	15.65	14.45	11.2	8.6	6.35	10.48	
2000	5.7	6.45	7	7.25	11.35	13.8	14.65	15.4	14.25	10.45	7.4	6.25	10	
2001	4.5	5.15	5.6	7.35	12	13.4	14.65	15.25	13.55	12.8	8.9	5.15	9.86	
2002	6.65	7.1	7.85	8.6	11	12.8	14.3	15	14.1	10.85	9.45	6.55	10.35	
2003	5.3	4.85	8.05	10.1	10.85	14.45	16.1	16.75	14	9.7	8.8	6.1	10.42	
2004	6	5.7	6.7	8.5	11	14.55	14.35	16.35	14.45	10.55	9	6.95	10.34	
2005	6.9	4.75	7.7	8.7	10.6	14.4	15.6	15.25	14.55	12.6	7.55	6.15	10.4
2006	4.9	4.35	5.4	8.15	11.0	14.65	17.45	15.0	15.85	12.85	8.7	7.3	10.47	
2007	7.5	6.4	6.95	10.6	11.4	14.25	14.25	14.65	13.85	11.6	8.8	6.15	10.53	
2008	7.05	6.4	6.55	7.8	13.05	12.95	15.2	15.3	13.05	10.4	8.0	5.25	10.08	
2009	4.1	4.7	6.9	9.0	11.15	14.3	15.3	15.4	13.45	11.95	8.85	4.65	9.98	
2010	3.0	3.65	5.75	8.45	10.4	14.1	15.55	14.55	14.05	10.95	6.4	2.2	9.09	
2011	4.3	6.95	6.55	11.3	11.9	12.85	14.4	14.65	14.5	12.65	10.35	7.4	10.65	
2012	6.65	5.15	8.75	7.2	11.25	13.15	14.15	15.9	12.75	10.45							