1865	99	99	99	10.15	11.85	16.3	16.5	15.2	16	10.25	6.35	7.3	99	
1866	5.35	4.3	5	8.4	10.35	14.5	15.95	14.25	11.35	10.35	7.3	6.45	9.46	
1867	1	6.95	3.75	9.35	11.45	14.85	15.3	16.05	13.4	9.7	6.15	5.1	9.42	
1868	4.6	6.7	7.65	9.85	12.5	15.3	17.95	15.6	13.4	8.3	5.05	6.55	10.29	
1869	6.3	7.6	4.6	10.05	8.8	13.35	17.55	15.35	13.5	10.9	6.75	2.85	9.8	
1870	3.95	3.45	6.3	9.8	11.7	15.15	17.15	16.35	14.25	9.4	5.3	1.6	9.53	
1871	2.5	7.5	7.4	9.25	12.25	14.25	15.5	16.4	12.15	10.25	5.45	4.35	9.77	
1872	4.7	7.05	7.1	8.8	10.3	13.85	17	15.85	13.05	8.15	6	4.7	9.71	
1873	4.85	2.9	5.65	8.85	10.7	15.25	16.5	15.1	12	8.2	6.1	7	9.43	
1874	5.75	5.7	7.75	10.15	10.9	14.75	17	15.4	12.85	8.8	7.4	1.6	9.84	
1875	6.8	4.2	6.2	9.6	12.95	14.05	14.75	16.75	14.7	9.65	5.6	4.05	9.94	
1876	5.3	4.75	4.25	8.1	10.95	14.2	16.65	15.8	12.7	11.45	7.05	6.2	9.78	
1877	5.25	6.1	5.65	7.25	9.8	15	14.9	14.95	11.8	10.3	6.65	5.15	9.4	
1878	5.4	6.55	6.55	9.5	12.1	15	16.85	16.55	13.85	10.65	3.3	-0.45	9.65	
1879	1.1	3.7	4.8	6.75	9.6	13.8	14.15	14.6	11.95	8.95	5.95	2	8.11	
1880	4.05	6.35	7.25	8.3	11.3	13.35	14	16.35	13.85	6.4	5.45	4.55	9.27	
1881	-0.65	3.9	5.25	7.1	11.5	12.55	14.45	12.9	11.7	7.95	8.7	3.7	8.25	
1882	6.1	7.1	7.3	7.55	10.8	12.55	14.2	14.45	10.8	9.45	4.9	2.3	8.96	
1883	5.15	5.4	3.15	7.75	10	12.65	13.2	14.3	12.2	9.25	5.45	5.15	8.64	
1884	5.9	4.9	6.3	7.2	10.25	13.15	14.95	15.3	13.15	9.05	6.4	3.9	9.2	
1885	4	5.3	4.35	7.25	8.25	12.1	15	13.75	11.25	6.8	6	4.35	8.2	
1886	1.95	3.3	4.4	6.95	9.35	12.8	14.35	14.45	11.75	10.05	6.7	2.85	8.24	
1887	3.9	5.05	4.4	5.95	10.1	15.9	15.95	14.3	11	7.5	4.45	3.4	8.49	
1888	5.1	2.9	2.95	6.75	10.15	12.5	13.1	13.3	10.95	8.7	7.45	5.45	8.28	
1889	4.75	3.7	5.75	6.8	11.75	13.9	13.85	13.6	12.5	8.05	7.2	5.5	8.95	
1890	5.7	4.2	6.3	7.3	11.05	13.15	13.45	12.75	14.05	10.05	6.25	2.65	8.91	
1891	3	6.15	4.3	5.75	8.9	14.3	14.45	13.8	13.3	8.55	5.25	4.9	8.55	
1892	2.45	4.05	3.2	7.25	10.85	12.35	13.3	13.95	11.1	6.35	6.8	3	7.89	
1893	3.65	4.7	7.35	9.6	12.2	14.7	15.1	15.7	11.95	8.9	5	5.1	9.5	
1894	3.45	5.75	6.5	9.2	8.2	12.3	14.6	13.35	10.5	8.7	7.1	5.35	8.75	
1895	0.2	-0.55	5.85	7.7	11.5	14	13.7	14.2	14.4	6.7	6.45	3.6	8.15	
1896	5.55	6.6	6.2	9.3	12.15	14.75	14.15	13	11.75	6.05	5.2	3.65	9.03	
1897	2.05	6.2	5.95	6.05	9.3	13.5	15.25	14.45	11.2	10	7.65	5.3	8.91	
1898	7.2	4.45	4.8	8.6	9.35	12.8	13.9	14.8	14.35	10.4	6.65	7.2	9.54	
1899	3.85	5.1	6.05	7.55	9.55	14.85	15.5	16.6	12.2	9.45	9	3.95	9.47	
1900	4.75	2.1	4	8.65	10.15	14.05	15.9	14	12.9	8.75	6.1	6.9	9.02	
1901	4.55	3.2	4.35	8.15	11.15	12.8	16.5	14.55	12.95	8.95	6.45	3.35	8.91	
1902	4.5	2.25	7.1	7.5	8.7	12.5	13.75	13.6	12.9	9.3	7.25	5.15	8.71	
1903	3.85	7.2	6	6.7	10.45	12.45	14.35	13.35	12.45	9.55	6.25	3.75	8.86	
1904	4.5	3.45	4.95	8.3	10.15	13.25	15.2	13.9	12.05	9.6	6.35	4.65	8.86	
1905	5.4	5.05	6.2	6.95	11	14.45	15.9	13.7	11.6	7.55	4.7	6.85	9.11	
1906	5.15	3.2	5.4	6.95	9.55	13.9	14.45	15.9	13.05	9.3	7.2	4.1	9.01	
1907	4.75	3.55	7.2	7.2	9.65	11.5	14.75	13.25	13.45	9	5.8	4.65	8.73	
1908	4.1	6	4.9	6.1	11.9	13.45	15.15	13.95	12.5	11.9	7.75	5.45	9.43	
1909	5	5	3.85	8.3	10.6	11.95	13.8	14.85	11.45	9.1	4.4	3.35	8.47	
1910	3.75	4.7	6.35	6.85	10.6	13.85	14.25	14.6	12.35	10.15	4.05	5.85	8.95	
1911	4.7	4.75	5.2	7.5	11.9	13.05	16.15	16.1	12.6	8.9	5.35	5.35	9.3	
1912	4.05	4.95	7	9	10.95	13	13.65	11.55	10.95	8.2	6.5	6.05	8.82	
1913	4.65	5.35	5.4	7.65	10.25	12.65	13.85	14.5	13	10.55	7.8	4.85	9.21	
1914	4.55	6.6	5.6	9.3	10.4	13.7	15.1	15.35	12.7	10.25	6.15	2.75	9.37	
1915	3.6	3.55	5.65	8.45	9.8	13.45	13.85	14.25	13	8.8	3.5	4.15	8.5	
1916	7.4	3.6	3.55	8	10.15	11.55	14.9	16	13.25	10.1	6.85	2.9	9.02	
1917	2.5	3.2	4.7	5.4	11.35	13	15.4	15.05	13.35	7.15	8.25	3.6	8.58	
1918	4	7.05	6.3	7.1	11.8	13.3	14.45	15.4	10.2	8.55	6	6.7	9.24	
1919	3.65	3.2	3.3	7.9	12.5	12.8	13.95	15.05	11.95	8.8	3	5.15	8.44	
1920	4.9	6.5	6.45	7.25	10.8	13.65	13.4	13.3	12.75	10.45	8.25	4	9.31	
1921	7.15	5.9	6.5	8.05	10.1	14.25	17.1	13.7	13.15	12	7	7.15	10.17	
1922	4.55	5.45	5.15	4.95	11.7	12.6	12.7	12.7	11.45	8.4	7.05	5.35	8.5	
1923	6.25	6.15	6.85	6.9	8.35	12.65	15.75	13.85	11.5	9.25	3.4	4.9	8.82	
1924	5.45	4.6	4.55	6.45	10.4	13.2	14.05	13.7	11.7	9.1	7.55	6.95	8.98	
1925	5.75	4.25	5.55	6.75	9.8	14	15.4	14.7	11.35	10.2	4.4	3.5	8.8	
1926	5.4	6.55	6.15	9.3	9.5	12.9	16.05	15.1	13.25	7.95	5.5	4.6	9.35	
1927	4.85	5.5	6.8	7.55	10.5	10.85	15.05	14.85	11.4	10.25	6.15	3.45	8.93	
1928	5.2	6.1	5.55	7.7	10.9	11.9	14.45	14.05	11.75	10	6.9	4.8	9.11	
1929	3	3.7	6.75	6.65	10.6	12.55	14.85	14.05	13.9	8.85	6.4	4.95	8.85	
1930	4.3	1.85	5.15	7.9	10.7	14	14.55	14.05	12.65	9.65	5.8	5.05	8.8	
1931	3.7	4.35	4.8	7.7	10.6	13.5	14.55	13.8	11.65	8.85	7.25	6.75	8.96	
1932	7	4.35	5.45	6.4	10.2	14.35	15.2	14.9	11.65	8.35	6.55	5.9	9.19	
1933	3.25	4.3	7.25	9.2	11.1	14.55	16.65	15.85	13.95	9.95	5.6	4.1	9.65	
1934	5.7	5.4	4.9	6.65	10.7	14.5	17.2	13.85	12.85	9.3	6.15	8	9.6	
1935	5.45	5.65	6.85	7.95	10.55	13.65	15.3	15.1	12.3	9.2	5.65	2.9	9.21	
1936	2.9	3.7	7.05	6.45	10.9	13.9	14.6	15.7	13.45	9.65	5.05	5.55	9.08	
1937	5.2	4.85	3.45	9.15	11.85	13.35	14.95	15.85	12.45	8.7	6.5	3.15	9.12	
1938	5.4	5.5	9.45	8	10.05	13	14.15	14.7	13.5	10.05	8.55	4.2	9.71	
1939	3.2	6.45	6.55	8.35	11.3	13.75	14.65	15.35	12.95	8.35	8.2	3.8	9.41	
1940	1.55	4.75	6.5	8.9	11.8	15.7	13.85	15.2	12.05	9.5	6.65	4.15	9.22	
1941	0.95	3.55	6.7	6.9	9.6	14.2	15.2	14.25	14.9	10.6	6.75	6.3	9.16	
1942	4.1	2.9	6.25	8.9	10.8	13.95	14.7	15	12.6	9.3	5.65	7.15	9.28	
1943	5.65	6.95	7.2	10.05	10.75	14	15.55	14.35	12.35	10.55	6.55	5	9.91	
1944	6.75	4.65	6.2	10.35	11.2	12.85	15.6	15.75	11.9	8.9	6.05	4.75	9.58	
1945	1.15	7.65	8.9	9.9	11.25	13.7	15.65	15.6	14.05	11.3	7.65	6.65	10.29	
1946	4.15	6.1	6.35	9	10.05	12.9	14.7	13.45	13.05	9.75	7.3	3.85	9.22	
1947	3.55	0	3.35	8.1	11.85	14.1	14.75	17.45	13.4	11.15	7.1	5.15	9.16	
1948	3.95	5.05	8.75	9.1	10.65	12.8	14.8	14.4	12.95	10	8.25	5.6	9.69	
1949	6.2	6.3	6.55	9.6	10.65	14.85	15.9	15.6	14.6	11.1	6.75	5.55	10.3	
1950	5.85	4.8	7.9	7.3	11.35	14.95	14.95	14.45	11.9	9.5	4.75	1.65	9.11	
1951	4.05	3.15	4.5	6.8	9.35	13.25	15.2	14.15	13.35	10.45	7.55	5.45	8.94	
1952	2.45	4.25	6.9	9.3	12.15	13.1	15.7	14.65	10.25	9.05	4.6	3.6	8.83	
1953	4.85	5.85	5.75	6.65	12.7	13.65	14.6	14.85	13.95	10.1	8	7.1	9.84	
1954	4.5	4.2	6.2	7.9	10.75	12.65	13.5	13.6	11.55	10.85	6.25	6.85	9.07	
1955	3.05	1.8	4.25	9.65	9.65	12.75	16.6	17.1	13.95	9.05	7.85	5.9	9.3	
1956	3.75	2.4	7.1	7.8	11.55	12.8	14.95	13	13.1	9.65	7.25	6.5	9.15	
1957	5.15	5.2	9.35	8.7	10.5	14.1	14.95	14.55	11.75	10.05	6.6	5.45	9.7	
1958	4.25	5.2	4.15	7.9	9.95	13.15	15.25	14.75	14.5	10.65	7.9	4.45	9.34	
1959	2.25	5.7	7.85	8.8	12.3	14.5	16.05	16.1	13.95	12.3	6.75	5.5	10.17	
1960	4.3	3.75	6.7	9.5	12.8	14.95	14.5	14.2	12.5	9.85	6.75	2.85	9.39	
1961	3.8	7.4	9.1	9.1	10.75	13.45	13.9	14.35	13.45	10	6.25	2.65	9.52	
1962	4.4	5.3	3.6	7.95	10.4	12.8	14.05	13.8	11.7	10.45	6.15	4.2	8.73	
1963	-0.25	1.2	6.8	8.25	9.95	13.95	14.2	13.95	12.4	11	6.85	3.6	8.49	
1964	5.4	5.15	5.35	8.9	12.3	13.25	15.15	14.55	13.4	9.05	6.9	3.85	9.44	
1965	3.05	3.7	5.65	8.25	11.35	14	13.35	14	11.7	10.8	4.5	4.5	8.74	
1966	4.05	5.7	7.75	6.8	11.1	15	14.6	13.8	13.9	9.1	4.85	5.25	9.33	
1967	5	5.6	6.7	8.75	9.55	13.75	15.35	14.6	13.05	9.4	5.65	4.5	9.33	
1968	5.15	2.2	6.35	7.9	9.4	14.3	14.5	15.25	13.05	12.15	6.8	4	9.25	
1969	4.65	1.2	3.8	7.5	10.6	13.3	15.8	15.45	13.25	12.65	4.05	4.2	8.87	
1970	3.75	2.75	4.8	6.95	12.65	15.8	14.15	15.25	13.2	10.35	6.65	4.5	9.23	
1971	4.95	5.5	5.85	8	10.95	12	15.8	14.5	13.9	11.45	6.55	6.65	9.68	
1972	3.5	4.3	5.8	8.4	10	11.1	14.95	13.55	11.4	10.05	5.3	5.7	8.67	
1973	5.2	4.3	6.2	7.25	10.65	14.4	15.25	15.25	13.1	8.8	5.9	4.95	9.27	
1974	6.05	5.15	5.65	8.4	10.3	12.65	13.9	14.45	10.95	7.5	5.2	7	8.93	
1975	5.95	5.1	5.05	8.7	10.1	14.05	16.3	16.8	12.1	10.5	6.35	5.45	9.7	
1976	5.55	4.85	5.55	8.7	10.7	15.65	16.45	16.35	12.25	8.8	5.5	1.75	9.34	
1977	2.35	4.05	6.85	7.25	9.9	12.5	16	14.45	12.25	11.45	4.1	6	8.93	
1978	3.25	3.15	6.15	6.75	11.6	12.85	14.3	14.4	13.4	11.7	8.05	4.2	9.15	
1979	0.7	2.25	4.15	7.1	8.8	13.45	15.2	13.85	12.2	10.6	6.5	4.3	8.26	
1980	2.4	5.05	4.65	9	11.3	12.9	13.75	15.05	13.85	8.6	6.6	5.2	9.03	
1981	5.25	4.2	7.45	8.3	10.8	12.85	14.7	15.55	13.5	6.9	7	1.45	9	
1982	3.6	5.05	6.1	9.3	10.85	14.4	15.9	14.7	12.95	9.35	6	4.05	9.35	
1983	5.6	2.75	7	6.2	9.9	13.5	17.95	16.95	12.85	9.85	7.1	6.4	9.67	
1984	2.4	4.4	5	8.55	10	14.5	16	16.4	12.35	9.7	5.8	5.2	9.19	
1985	0.5	3.75	4.9	8.75	10.3	12.4	15	13.45	13.9	10.55	3.9	5.9	8.61	
1986	3.5	0.9	5.6	5.75	10.25	14.2	14.6	12.15	11.45	10.2	6.9	5.4	8.41	
1987	2.85	3.9	4.9	9.4	10.45	11.8	15.7	14.9	12.25	8.2	6.6	5.4	8.86	
1988	4.3	4.65	6.5	8.7	10.9	14.6	13.95	14.2	12.55	9.65	5.7	7.65	9.45	
1989	6.9	5.7	6.65	6.35	11.95	14.05	18.05	15	12.75	11.05	6.45	3.7	9.88	
1990	6.15	5.65	8.3	7.85	12.3	12.95	15.8	16.05	12.05	10.85	6.35	4.2	9.88	
1991	3.5	3	7.3	7.9	11.25	11.85	16.4	16.05	13.75	9.4	6.4	6.15	9.41	
1992	4.8	5.8	7.45	8.05	12.25	15	15.1	13.8	11.65	7.5	7.05	3.95	9.37	
1993	5.7	6.5	6.5	9.1	10.5	14.1	14.3	13.8	12.15	7.55	5.45	4.8	9.2	
1994	4.8	3.1	6.85	7.6	9.85	12.85	15.65	14.1	12.05	10.1	9.4	6.05	9.37	
1995	4.5	5.9	5.35	8.85	10.75	14.1	16.95	18.15	13.1	12.25	8.1	3.3	10.11	
1996	6.1	3.4	5.35	8.65	8.85	13.65	15.2	14.7	13.35	11.1	5.55	3.85	9.15	
1997	4.45	6.2	8.1	9.3	11.25	12.8	15.7	17.15	13.1	10.45	8.8	6.3	10.3	
1998	5	8.4	8.1	7.5	12	13.2	14.6	15.35	13.9	10.25	7.05	6.35	10.14	
1999	4.95	5.7	7.35	9.55	12.05	12.85	16.55	15.3	14.45	10.75	7.65	4.55	10.14	
2000	5.2	6.1	7.85	7.1	11.55	14	15.5	16	14.1	9.9	6.2	5.1	9.88	
2001	3.05	4.65	5.05	7.75	12.45	13.2	15.45	15.6	13.5	12.55	8.3	4.15	9.64	
2002	6.8	6.4	7.7	9.05	11.35	13.55	14.55	15.8	13.8	9.3	8.7	5.3	10.19	
2003	4.65	4.7	7.2	9.7	11.05	14.3	16.45	16.4	13.65	9	7.9	5.3	10.03	
2004	5.35	5.1	7	9.2	11.75	15.05	14.8	16.35	14	9.15	8.55	6.45	10.23	
2005	6.4	5.15	7.8	8.45	10.6	14.8	15.9	15.5	14.5	11.8	6.4	5.8	10.26
2006	5.05	4.75	5.8	8.35	11.25	15.35	18.05	15.5	15.05	12.1	7.45	6.35	10.42	
2007	6.5	5.8	6.85	11.25	11.65	14.5	14.85	15.25	13.65	11.75	8.8	6.3	10.6	
2008	5.95	5.95	6.25	8.35	13.2	13.75	15.8	15.5	12.65	9.0	6.85	3.9	9.76	
2009	3.95	5.35	7.0	9.45	11.2	14.5	15.75	15.45	13.6	11.55	7.35	2.65	9.82	
2010	1.95	2.65	5.7	9.15	10.95	15.45	16.0	14.5	13.65	10.15	4.75	-0.35	8.71	
2011	3.45	6.85	6.8	11.75	11.65	12.85	14.9	14.5	14.15	11.5	9.4	5.55	10.28	
2012	6.25	6.85	8.95	7.0	11.0	12.75	14.3	16.3	12.25	8.6	99	99	99									