1908	1.8	4.6	3.25	5.35	11.75	13.2	14.95	13.6	12.35	11.3	6.5	2.9	8.46	
1909	2.55	2.6	2.65	7.75	9.75	11.25	14.05	14.75	11.3	9.9	4.6	2.85	7.83	
1910	2.35	4.25	5.65	6.1	10.15	13.65	13.4	14.9	11.75	9.95	2.55	5.8	8.38	
1911	3.8	4.1	4.15	6.95	12.1	13.4	16.95	17.05	12.95	8.5	5.55	5.75	9.27	
1912	2.45	3.95	6.25	7.9	10.75	13.3	15	12.15	10.7	7.9	6.05	5.65	8.5	
1913	3.25	4.2	5.2	7.2	10.75	13.45	13.95	14.3	13.6	10	7.6	4.55	9	
1914	3.35	6.5	5.55	9.25	9.8	13.75	15.35	15.4	12.7	9.85	6.3	4.05	9.32	
1915	3.35	3.55	4.7	7.2	9.4	13.4	13.9	14.25	12.85	8.15	2.6	3.9	8.1	
1916	7.05	2.95	2.35	7.25	10.55	11.05	14.75	16.1	12.35	9.3	6.45	1.9	8.5	
1917	1.25	0.45	2.3	4.55	11.45	14.05	15.45	15	13.8	6.9	7.25	2.2	7.89	
1918	3.15	5.45	5.1	6.15	12.1	12.3	14.65	15.2	11.1	8.95	4.8	6.25	8.77	
1919	2.25	0.85	2.5	6.55	12.3	13.55	13.3	14.7	12.3	7.1	2.55	4.6	7.71	
1920	4.55	5.25	6.6	6.85	10.9	13.25	13.35	13.05	12.2	9.75	6.6	3.95	8.86	
1921	6.35	4.15	6.6	7.45	10.55	13.6	17.15	14.7	13.5	12.5	3.5	6.15	9.68	
1922	2.45	3.3	3.8	4.65	11.85	12.8	12.9	13	11.6	7.9	6.05	5.4	7.98	
1923	5.6	4.05	5.9	6.5	8.1	11.8	16.45	14.1	11.9	9.05	3	3	8.29	
1924	3.55	3.05	2.65	6	10.4	13.05	14.45	13.35	13.05	9.55	6.7	6.9	8.56	
1925	4.75	4.1	4.55	6.85	10.9	14.05	16.45	15.25	10.9	9.7	2.8	1.9	8.52	
1926	4.1	5.85	5.8	8.6	8.85	12.75	16.25	15.15	13.35	7.3	4.95	4	8.91	
1927	4.3	3.6	6.5	7	9.7	11.15	15.15	14.8	12.1	9.85	5.4	1	8.38	
1928	4.15	5	5.05	7.2	9.75	11.6	15.05	14.8	12.2	9.25	7.3	2.8	8.68	
1929	99	99	99	99	99	99	99	99	99	8.6	5.7	4.8	99	
1930	4.45	1.65	4.2	7.05	9.7	14.15	14.3	14.95	12.8	9.8	5.55	3.75	8.53	
1931	2.75	3.1	2.85	6.9	10.65	13.25	14.9	13.4	11.3	8.4	7.25	4.85	8.3	
1932	5.95	3.1	4.4	5.95	9.6	13.3	15.7	16	12.3	8.05	6.1	5.45	8.83	
1933	2.05	3.55	6.1	8.55	11.65	14.7	16.9	16.8	14.55	9.7	5.4	2.05	9.33	
1934	4.4	4.25	4.2	7.3	10.9	13.9	17.55	14.65	14.25	10	6	7.25	9.55	
1935	4.2	5.1	6.1	7.3	9.15	14.5	16.45	16.4	12.85	8.95	6.2	2.15	9.11	
1936	2.75	1.3	6	5.75	10.45	13.85	15	15.5	14.15	9.2	5.3	4.85	8.68	
1937	4.3	4.2	2.2	8.2	11.55	13.45	16	16	12.65	9.9	4.95	2.4	8.82	
1938	5.4	4.5	8.9	7.4	10.25	13.75	14.4	15.55	13.15	9.75	8.4	3.65	9.59	
1939	3.15	5	5.3	7.8	10.9	13.45	14.95	15.85	13.65	7.85	7.5	3.3	9.06	
1940	-2.1	0.8	5.4	7	12.05	16.2	14.65	14.5	12	8.95	6.35	3.75	8.3	
1941	-0.45	1.95	4.15	5.35	8.55	14.2	17.35	14.4	14.4	9.8	5.8	5.1	8.38	
1942	0.7	-0.65	3.8	8.05	10.2	13.7	14.85	15.9	12.2	9.9	5.15	6.2	8.33	
1943	3.3	5.75	6.2	9.95	11	13.75	15.3	14.65	12.3	9.6	5.95	3.6	9.28	
1944	5.4	3.2	4.7	9	10.25	12.35	15.5	15.65	11.8	8.45	5.4	3.9	8.8	
1945	0.6	6.5	7.65	9	11.15	13.75	16.05	14.9	13.55	11.25	6.9	4.4	9.64	
1946	2.25	5.05	4.9	9.15	9.6	12.65	15.65	13.85	13.05	9	7.7	2.9	8.81	
1947	1.65	-2.35	1.75	7.85	12.45	14.8	16.3	17.65	14.15	10.75	6.4	4.45	8.82	
1948	4.25	3.9	7.3	8.15	10.5	12.85	15.3	14.35	13	9.9	6.3	4.9	9.23	
1949	4.9	5	4.1	9.45	10.55	14.5	16.3	16.1	15.45	10.9	5.9	5.35	9.88	
1950	3.85	4.2	7.05	6.65	10.15	15.65	15.45	15.1	12.25	9.3	4.85	0.8	8.78	
1951	2.9	2.85	2.85	6.05	8.95	13.2	15.35	13.95	13.5	9.2	7.65	4.5	8.41	
1952	1.75	2.8	5.55	8.85	12.7	13.35	15.65	15	10.35	8.1	3.6	2.8	8.38	
1953	3.75	4	5.5	6.35	12.3	13.6	15.15	15.7	13.4	8.95	8.15	6.3	9.43	
1954	2.25	1.45	4.65	7.25	10.7	12.65	13.4	13.6	11.95	11.2	6.2	5.85	8.43	
1955	1.95	0.5	2.5	8.9	8.45	12.5	17.05	17.2	13.6	8.8	6.65	4.7	8.57	
1956	2.85	-0.25	4.95	5.7	11.05	12.4	14.6	12.65	13.65	9.1	5.9	5.15	8.15	
1957	5	3.95	8.05	7.9	9.9	14.1	15.5	14.45	11.75	10.2	6.25	3.85	9.24	
1958	2.35	3.5	2.75	6.7	10.15	12.75	15	15.4	14.45	10.1	5.45	3.75	8.53	
1959	0.65	4.45	6.45	8.7	11.9	14.4	16.3	16.5	14.15	11.8	6.45	5.2	9.75	
1960	3.2	3	4.85	8.65	12.15	15.55	14.4	14.5	12.6	9.55	6.2	3.5	9.01	
1961	2.5	6.1	8.1	8.8	10.05	13.75	13.95	14.5	14.35	10.2	5.85	0.95	9.09	
1962	3.8	3.95	2	7	9.65	13.05	13.85	13.6	12	10	5.1	1.1	7.93	
1963	-1.45	-1.3	5.25	7.4	9.9	14.05	14.45	13.4	12.45	10.35	7.2	2.85	7.88	
1964	3.2	3.75	3.05	8.4	12.6	12.9	15	14.65	13.45	8.4	7	2.6	8.75	
1965	2.9	3.2	4.2	7.5	10.85	14.1	13.2	99	99	10.45	3.45	3.65	99	
1966	2.2	4.05	6.15	5.4	10.75	14.8	14.25	13.9	13.3	9.35	5.2	4.4	8.65	
1967	3.75	5	6.35	7.2	9.05	13.75	15.85	14.95	12.7	10.05	4.75	3.8	8.93	
1968	3.85	1.4	5.95	7.75	9	14.25	14.1	14.8	13.15	11.85	5.8	2.6	8.71	
1969	4.55	-0.35	1.85	6.6	10.3	13.25	16.05	15.8	13.5	12.35	4.15	3	8.42	
1970	2.6	2.2	3.3	6.1	12.2	15.6	14.65	15.7	13.55	9.9	6.5	4.05	8.86	
1971	3.95	4.45	4.9	6.95	10.95	11.45	16.3	14.75	13.75	10.75	5.6	6.3	9.18	
1972	3.1	3.3	5.35	7.8	10.05	11.4	14.75	14.45	11	9.95	5.95	4.9	8.5	
1973	4.1	4.05	6.55	6.4	10.7	14.4	15.2	15.1	13.05	8.4	4.85	4.1	8.91	
1974	5.05	4.85	4.75	7	10.4	12.9	14.5	14.8	11.5	7.25	5.8	7.35	8.85	
1975	6.35	3.65	4.25	8.05	8.95	13.9	16.25	18.2	12.5	9.05	5.55	5.25	9.33	
1976	5.1	3.95	3.85	7.2	11	15.9	17.25	16.65	12.3	9.85	5.3	1.45	9.15	
1977	1.8	3.4	5.95	6.45	9.7	11.7	14.9	14.7	12.25	10.55	5.65	5.2	8.52	
1978	2.45	1.6	6.1	5.8	10.85	12.8	14.05	14.5	13.15	11.4	8.1	2.2	8.58	
1979	-0.8	0.35	3.85	6.75	9.2	13.75	15.05	14.35	12.75	10.4	6.15	4.75	8.05	
1980	1.85	4.65	3.9	8.3	10.2	12.95	14.1	15.05	14.2	8	5.95	5.15	8.69	
1981	4.15	2.65	6.55	6.7	11.1	12.8	15.1	15.35	14.25	7.2	6.8	-1	8.47	
1982	2.05	4.2	5.45	8.05	10.75	14.15	15.7	15.1	13.7	9.65	7	3.65	9.12	
1983	5.75	1	5.85	5.75	9.5	13.25	18.1	99	12.7	9.75	6.75	5.35	99	
1984	2.5	2.85	4.3	7.6	9.6	13.9	16.3	16.9	12.75	10.65	7.5	4.7	9.13	
1985	99	99	99	99	99	99	15.55	14.1	14.05	11	3.3	5.45	99	
1986	2.6	-1.1	4.65	5.2	11	14	15.05	12.6	11.05	10.2	7.55	5.55	8.2	
1987	0.7	3.25	3.85	9.65	9.6	12.05	15.25	14.9	12.9	8.9	6.25	5.45	8.56	
1988	4.45	4.45	5.5	7.8	11	14.05	14.5	14.75	12.2	9.65	5.15	7.15	9.22	
1989	6.3	5.75	6.95	5.8	12.3	14.1	16.95	15.55	13.9	10.7	6.1	4.65	9.92	
1990	6.05	6.6	7.95	7.55	11.65	12.85	15.65	16.85	11.9	10.8	6.25	3.9	9.83	
1991	2.4	1.5	7.3	7.5	10.25	11.25	16.9	16.3	13.85	99	6	4.65	99	
1992	3.3	5.55	6.7	8.2	12.45	15.25	15.5	14.35	12.35	6.9	6.35	3.45	9.2	
1993	4.9	4.65	6	8.85	99	14.25	14.65	14	11.8	7.45	3.7	4.45	99	
1994	4.2	1.9	6.75	8.2	9.9	13.9	17.15	14.8	11.5	9.45	8.8	5.85	9.37	
1995	99	5.6	4.7	8.05	11.05	13.5	18.2	17.8	13.1	12	7.1	2	99	
1996	3.6	2.25	3.4	8.35	8.65	13.55	15.65	99	99	11.05	5.15	2.75	99	
1997	2.65	6.2	7.95	8.35	10.85	13.2	16.4	17.75	13.25	9.25	7.9	5.65	9.95	
1998	4.65	7.75	7.35	7.15	99	13.55	14.75	99	14	9.75	5.75	5.2	99	
1999	5.3	5.05	6.9	9.1	12.5	99	17.2	15.65	15.35	10.35	7.6	4.3	99	
2000	4.95	5.95	7.1	7.55	11.5	99	14.4	16	13.8	9.85	6.3	4.95	99	
2001	2.8	3.6	4.15	7.05	12	13.3	16.5	16.1	12.8	12.9	7.35	3.45	9.33	
2002	5.25	6.35	7.15	8.95	11.8	14.3	15.3	16.6	13.9	9.15	7.6	4.8	10.1	
2003	4.35	3.25	7.05	9.55	12	15.6	17.35	17.2	13.75	8.85	7.65	4.25	10.07	
2004	5	5.35	6.25	9.4	11.65	14.75	15.25	16.9	14.1	10	7.45	5.4	10.13	
2005	5.9	4.3	6.9	8.4	10.9	15	16.4	15.85	14.45	12.50	6.15	4.25	10.08
2006	4.1	4.0	4.25	8.05	13.05	15.7	19.2	15.7	15.95	12.35	7.9	6.3	10.55	
2007	6.55	5.75	6.9	10.8	11.55	14.45	14.9	15.3	13.5	10.55	7.35	4.6	10.18	
2008	6.25	5.1	5.6	7.5	12.65	13.75	16.2	16.1	13.5	9.55	6.45	3.4	9.67	
2009	3.25	4.0	6.65	9.7	11.5	14.6	15.9	16.35	13.75	10.8	7.65	2.85	9.75	
2010	1.05	1.6	5.8	8.6	10.4	15.1	16.5	14.95	13.8	10.0	4.9	-0.5	8.52	
2011	3.45	6.05	6.25	11.45	11.65	13.75	15.0	14.9	14.55	11.7	8.7	5.3	10.23	
2012	4.7	4.3	8.6	6.6	11.25	13.1	15.35	15.85	12.5	8.5							