1871	0.00	5.80	7.10	8.80	10.80	13.00	16.40	18.00	13.80	9.70	2.70	3.20	9.11
1872	4.50	6.40	6.90	9.00	10.90	15.40	18.40	15.90	14.30	8.90	6.90	5.10	10.22
1873	5.20	1.70	5.40	7.90	10.40	15.40	18.00	17.60	12.50	8.60	6.20	4.30	9.43
1874	4.80	3.20	6.50	10.20	10.10	14.60	18.60	16.00	14.50	10.80	4.90	-0.20	9.50
1875	5.50	1.40	4.70	8.30	12.70	15.40	15.40	17.80	16.20	9.80	5.60	3.40	9.68
1876	2.20	5.30	5.30	8.90	10.20	15.30	19.20	17.80	13.50	11.60	6.40	6.20	10.16
1877	5.70	6.30	4.80	7.70	9.60	16.10	15.90	16.60	12.00	9.40	7.00	4.50	9.63
1878	4.60	5.40	5.80	9.30	12.80	15.60	16.90	17.40	14.10	10.70	3.90	0.10	9.72
1879	-0.40	3.40	5.40	6.60	9.30	14.10	14.70	15.90	13.50	9.40	3.80	-0.70	7.92
1880	1.10	5.70	6.60	8.70	10.90	14.20	16.50	17.20	15.70	7.60	5.30	5.20	9.56
1881	-1.40	2.80	5.60	7.40	11.90	14.30	17.70	14.70	13.20	7.20	8.70	3.40	8.79
1882	4.60	4.80	7.60	8.80	11.70	13.30	15.70	15.60	12.30	9.80	5.40	3.40	9.42
1883	4.30	5.70	2.00	8.40	11.50	14.70	15.20	16.30	13.90	10.30	5.90	4.20	9.37
1884	6.10	5.30	6.60	6.90	11.90	14.20	17.10	18.10	15.00	9.10	4.90	4.10	9.94
1885	2.10	5.80	4.60	8.10	9.40	14.80	17.10	14.60	12.90	7.40	5.30	3.00	8.76
1886	1.60	0.40	4.50	8.20	11.30	13.70	16.70	16.60	14.60	11.70	6.10	1.70	8.93
1887	1.30	3.70	3.50	6.80	9.90	15.70	18.90	16.80	12.30	7.30	4.40	2.40	8.58
1888	2.70	1.50	3.50	6.60	11.30	14.40	14.40	15.10	13.20	7.70	7.90	4.40	8.56
1889	1.60	2.30	4.80	7.40	13.40	15.70	15.70	15.40	13.20	9.10	6.50	2.40	8.96
1890	5.50	2.90	5.90	7.60	12.40	14.90	15.40	15.30	15.90	10.10	5.60	-2.20	9.11
1891	0.30	4.30	4.90	6.50	10.10	15.30	15.60	15.00	15.10	10.30	5.40	3.90	8.89
1892	1.40	3.20	2.70	7.90	12.30	14.20	15.00	16.20	13.20	7.30	6.30	1.50	8.43
1893	1.20	4.70	8.10	11.10	13.70	16.30	17.40	18.40	13.50	10.70	4.90	3.90	10.33
1894	2.60	4.70	7.00	10.60	9.90	14.40	16.70	15.20	12.10	9.50	7.40	4.60	9.56
1895	0.10	-1.80	5.90	9.10	12.90	15.10	16.40	16.60	16.20	7.60	7.50	3.50	9.09
1896	4.30	4.00	7.20	8.80	11.70	17.00	17.70	15.20	13.70	7.60	3.90	3.50	9.55
1897	1.20	5.40	7.10	7.50	10.60	15.90	17.10	17.30	12.70	9.80	6.60	4.30	9.63
1898	5.80	4.40	4.30	8.60	10.80	14.00	15.80	17.60	16.60	11.90	7.50	6.80	10.34
1899	5.00	5.50	4.70	8.60	11.40	16.10	18.60	18.80	14.60	9.20	8.20	2.10	10.23
1900	4.10	3.10	3.90	8.80	11.00	15.40	19.50	16.40	14.90	10.40	7.40	6.90	10.15
1901	3.40	1.80	3.90	9.30	11.90	15.00	18.70	17.40	14.80	10.10	5.00	3.50	9.57
1902	4.90	1.70	7.10	8.40	9.10	14.60	16.00	15.40	13.90	9.80	6.60	4.40	9.33
1903	4.20	7.10	7.70	6.90	11.80	13.40	16.10	15.10	14.20	11.10	6.60	2.80	9.75
1904	3.30	3.70	4.40	9.20	11.60	13.70	18.30	16.00	12.40	9.70	5.10	3.30	9.23
1905	3.10	5.10	7.20	7.60	11.00	15.20	18.70	15.60	13.30	6.90	5.10	4.30	9.43
1906	5.20	3.30	5.20	7.30	11.30	13.70	16.40	17.80	14.80	12.00	7.70	2.20	9.74
1907	3.10	2.70	6.30	8.10	11.20	13.60	13.90	15.10	14.20	10.10	6.80	4.60	9.14
1908	2.30	5.20	4.40	6.20	13.30	15.10	16.60	14.90	13.40	12.20	7.30	3.40	9.53
1909	2.90	2.70	4.00	9.10	10.80	12.30	15.40	16.10	12.70	11.10	5.10	4.10	8.86
1910	3.60	5.20	5.80	7.80	11.80	15.40	14.70	16.00	12.90	11.30	3.40	6.40	9.53
1911	3.40	4.80	5.30	8.10	13.20	15.20	18.70	19.40	15.10	9.80	6.30	5.90	10.43
1912	3.80	6.10	7.70	9.00	12.80	14.60	17.20	13.90	11.60	8.40	6.10	6.90	9.84
1913	4.50	4.80	6.80	7.90	12.50	14.90	14.60	15.70	14.70	11.50	8.40	4.70	10.08
1914	3.30	6.90	6.30	9.40	11.00	14.70	16.70	17.00	13.80	10.60	6.80	4.90	10.12
1915	4.10	4.40	5.20	7.80	11.40	15.10	15.40	15.70	13.20	9.30	3.80	5.80	9.27
1916	6.90	3.80	4.10	8.70	12.30	11.90	15.60	16.90	13.10	11.20	6.70	2.20	9.45
1917	1.70	0.90	3.20	5.30	14.10	16.60	16.60	16.30	14.60	8.10	7.70	1.40	8.88
1918	3.40	6.20	6.00	6.70	13.10	13.20	16.30	17.10	12.90	9.40	5.60	6.90	9.73
1919	2.60	1.30	3.90	6.70	12.90	14.20	13.90	16.70	13.60	7.30	2.50	5.00	8.38
1920	5.20	5.70	7.60	9.20	12.70	14.90	14.50	13.80	13.90	10.60	5.80	3.80	9.81
1921	7.20	4.80	7.60	8.60	12.40	14.60	19.20	16.60	14.90	13.20	4.20	6.20	10.79
1922	3.90	4.90	5.10	5.80	13.40	14.50	14.60	14.20	12.40	8.80	5.20	5.60	9.03
1923	4.70	5.80	6.40	7.90	10.20	12.50	18.60	16.10	12.80	9.90	3.30	2.70	9.24
1924	4.40	2.70	4.40	7.50	12.60	14.80	16.10	14.90	14.20	10.70	7.00	6.10	9.62
1925	4.90	5.30	4.80	7.80	12.50	14.80	17.60	16.00	12.00	10.90	4.30	2.80	9.48
1926	3.70	7.30	6.70	10.00	10.70	13.80	17.20	16.70	15.30	8.40	6.90	3.90	10.05
1927	4.40	4.10	7.50	8.50	11.70	13.30	16.10	16.60	13.10	10.40	6.40	1.80	9.49
1928	4.80	6.10	6.70	8.50	10.80	13.70	17.60	15.90	13.20	10.40	7.80	3.10	9.88
1929	1.40	-0.40	5.80	6.80	11.30	13.70	16.80	16.40	16.90	9.60	6.70	6.10	9.26
1930	6.10	3.60	5.80	8.50	11.40	16.10	15.90	16.80	14.30	10.70	6.30	4.10	9.97
1931	3.40	3.80	4.30	8.40	11.90	15.30	16.40	14.30	11.80	8.90	7.60	4.90	9.25
1932	6.10	3.10	4.70	7.40	11.20	14.20	16.90	18.30	13.90	9.70	6.90	5.50	9.83
1933	2.20	4.60	7.50	9.50	12.30	15.40	18.70	18.40	15.70	10.50	6.20	1.10	10.18
1934	3.80	3.20	5.30	8.80	11.80	15.40	18.40	16.40	15.50	10.80	6.30	7.90	10.30
1935	4.30	6.10	6.60	8.10	10.40	15.80	18.10	17.50	14.10	9.70	7.10	2.70	10.04
1936	3.80	2.40	7.60	6.60	11.80	15.40	16.10	16.40	14.90	9.20	5.50	4.80	9.54
1937	5.00	5.60	3.80	9.00	12.40	14.50	16.50	17.60	13.40	10.90	5.40	2.70	9.73
1938	5.60	5.10	9.20	6.80	10.70	15.40	16.20	16.60	14.40	9.90	8.80	3.70	10.20
1939	4.70	5.40	5.90	8.90	11.40	14.10	15.90	17.10	15.00	8.50	8.60	2.70	9.85
1940	-1.50	2.10	6.30	8.90	12.80	16.30	15.40	16.20	13.20	9.70	6.80	3.60	9.15
1941	0.60	3.30	4.90	6.90	9.30	15.60	18.40	14.90	14.90	10.30	6.20	4.80	9.18
1942	0.40	0.30	5.00	9.30	11.50	14.80	16.20	17.30	14.40	10.90	5.30	6.20	9.30
1943	4.70	5.20	6.30	11.10	12.80	14.80	16.80	16.90	13.90	11.10	5.70	3.20	10.21
1944	6.10	3.40	4.70	10.20	11.60	14.10	17.00	18.30	12.80	9.40	5.90	2.70	9.68
1945	0.40	7.10	8.10	10.30	12.90	15.20	17.30	16.00	14.70	11.60	7.60	4.70	10.49
1946	3.30	6.20	4.90	10.10	11.00	13.80	17.10	15.30	14.60	10.30	7.80	2.50	9.74
1947	1.60	-1.90	4.40	8.90	14.30	16.40	18.10	19.10	15.60	10.40	6.90	6.00	9.98
1948	5.90	4.70	8.70	9.30	11.40	14.30	15.80	15.70	14.60	10.20	6.70	5.90	10.27
1949	5.30	5.90	4.60	10.80	10.80	15.30	17.70	17.20	17.30	12.20	6.40	5.90	10.78
1950	4.40	6.10	7.70	8.10	11.40	17.30	16.40	16.70	13.80	9.80	6.20	1.20	9.93
1951	4.10	3.90	4.90	6.90	10.90	14.40	17.20	15.90	15.00	9.70	8.90	5.60	9.78
1952	3.20	3.50	7.10	10.20	13.80	15.30	17.80	17.10	11.70	9.20	3.90	2.70	9.63
1953	3.10	3.90	5.80	8.30	13.20	14.30	16.30	16.70	14.30	10.30	8.10	7.10	10.12
1954	2.70	2.50	6.20	7.60	11.90	14.40	15.10	15.60	13.40	12.70	7.10	6.30	9.63
1955	2.30	1.70	3.60	9.90	10.40	14.80	18.10	18.60	14.60	9.30	7.20	5.80	9.69
1956	3.40	-0.70	6.60	6.70	12.50	13.30	16.80	14.40	15.00	9.60	5.40	5.80	9.07
1957	5.50	5.70	9.40	8.80	10.90	15.90	17.80	16.20	13.10	11.30	6.70	3.90	10.43
1958	3.40	5.20	4.10	7.80	12.30	14.40	16.70	16.70	15.70	11.30	6.40	4.70	9.89
1959	1.5	4.35	7.65	9.85	12.3	15.85	18.05	18.25	15.35	12.75	6.7	5.95	10.71	
1960	4.15	4.45	6.3	9.25	13.35	16.05	15.75	15.75	13.6	10.8	7.6	4.3	10.11	
1961	3.6	7.3	8.5	10.55	11.4	15.6	16.1	16.45	15.95	11.3	6.15	2.45	10.45	
1962	4	4.4	2.7	8.2	10.55	13.8	15.2	15.45	13.2	10.7	5.4	1.05	8.72	
1963	-2.9	-1.15	6.35	9.05	11.05	15.3	15.6	14.8	13.6	11.15	8.3	2.15	8.61	
1964	2.35	4.6	4.1	9	14.15	14.55	17.2	16.55	14.7	8.95	7.25	3.3	9.73	
1965	3.5	3.1	5.55	8.55	12.15	14.45	14.35	15.25	13.15	10.75	4.8	4.35	9.16	
1966	2.5	6.05	6.7	8.05	11.6	16.15	15.3	15.5	14.55	11	5.5	5.2	9.84	
1967	4.55	5.45	7.85	8	11.2	14.35	18.1	16.5	14.05	11.4	5.4	3.7	10.05	
1968	3.85	2.15	7	8.65	10.5	15.2	15.4	15.65	14.55	13.1	6.65	2.8	9.63	
1969	5.9	0.95	3.7	7.95	12.2	14	17.7	16.5	14.7	13.45	5.8	3	9.65	
1970	3.85	3.2	3.3	7	13.5	16.6	15.95	16.3	15.25	11.4	7.95	4.05	9.86	
1971	4.55	4.7	5	7.75	11.75	13	17.35	16.5	14.3	11.1	5.6	6.3	9.83	
1972	3.8	4.55	6.9	8.6	11.25	12.75	16.15	15.85	12.25	10.9	6.4	5.6	9.58	
1973	4.35	4.35	6.55	7.6	11.95	15.45	16.2	17.5	15.15	9.25	5.6	4.9	9.9	
1974	5.95	5.65	6.1	8.15	11.15	14.4	15.6	15.9	12.8	7.7	6.95	8.15	9.88	
1975	7	4.75	5.05	8.6	10.15	14.8	18	19.4	14.4	10.25	5.75	4.55	10.23	
1976	5.7	4.35	4.95	8.4	12.75	17.95	19.05	17.45	13.9	11.3	6.35	2.05	10.35	
1977	2.95	5.8	7.3	7.75	10.6	11.95	15.75	15.05	13.7	12.1	6.65	6.45	9.67	
1978	2.6	2.75	7.15	6.45	11.05	14.1	14.9	15.65	15.05	12.45	8.35	4.15	9.55	
1979	-0.25	1.1	5.1	8.15	11.25	14.35	16.8	15.7	14.45	11.35	6.6	6.05	9.22	
1980	2.7	5.85	5.15	8.65	11.05	14.75	15.05	16.7	15.3	9.35	6.3	5.2	9.67	
1981	4.55	2.95	8.3	7.75	11.6	13.9	16.25	16.8	15.25	8.95	7.7	0.15	9.51	
1982	2.25	4.85	6.4	8.65	11.85	16.05	17	16.65	15.1	10.55	8.1	4.15	10.13	
1983	6.7	1.75	6.7	7.3	10.75	14.8	19.65	18	14.55	10.9	7.6	5.55	10.35	
1984	3.75	3.4	4.95	7.7	9.55	14.75	16.75	18	14	11.6	8.55	5.4	9.87	
1985	0.6	1.5	4.9	8.9	11.25	13.05	17.1	15.65	15.35	11.45	4.1	7	9.24	
1986	3.55	-1.6	5.3	6.25	11.85	15.15	16.85	14.75	11.8	11	7.7	5.85	9.04	
1987	0.35	3.45	3.85	10.4	10.1	13.35	16.25	16.1	14.45	10.1	6.5	5.75	9.22	
1988	5.35	4.95	6.4	8.3	12.25	14.1	15.55	16.4	14.1	11.2	5.1	7.25	10.08	
1989	6	6.1	8.2	6.85	13.45	15.35	19	18.1	16.15	12.8	6.2	5.7	11.16	
1990	6.9	8.05	8.8	8.3	12.9	14.5	17.6	19.65	13.75	12.85	7.15	4.6	11.25	
1991	3.7	1.4	8.35	8.2	10.65	12.75	18	18.25	15.15	10.5	7	4.25	9.85	
1992	3.9	5.6	7.85	9.05	13.95	16.2	17.45	16.7	14.2	8.3	7.5	3.45	10.35	
1993	6.25	4.45	6.9	9.85	12.4	15.45	16	15.55	13.15	9.15	5	5.55	9.98	
1994	5.4	3.35	7.95	8.35	11.1	15.3	19.45	17.55	13.35	10.9	9.8	6.15	10.72	
1995	4.8	6.45	5.75	9.2	12.05	14	19.6	19.4	14.2	13.55	7.95	1.95	10.74	
1996	3.75	2.2	4.1	8.75	9.1	15.45	17.45	17.6	14.25	12.05	6	2.7	9.45	
1997	1.75	7	8.95	8.9	12.05	14.95	16.95	20.2	15.1	10.25	8.4	5.75	10.85	
1998	5.3	7.2	8.05	8.7	12.65	14.85	16.25	16.85	15.65	11.05	5.4	5.55	10.63	
1999	5.75	5	7.85	9.75	13.3	14.45	18.5	17	16.6	11.1	7.85	4.8	11	
2000	4.95	6.3	7.6	8.45	12.65	15.9	15.95	17.85	16.3	11	7.1	5.8	10.82	
2001	3.25	4.55	5.5	8	12.85	14.75	18.15	18.1	13.7	14.1	7.3	3.3	10.3	
2002	5.75	7.2	7.5	9.45	12.25	15.2	17.15	18.05	14.8	10.5	8.55	6.05	11.04	
2003	4.3	4.3	7.65	9.8	12.5	16.8	18.5	19.3	15.1	9.4	8.8	5.2	10.97	
2004	5.4	5.7	6.85	9.85	12.4	16.2	16.8	19.05	15.85	11.4	8	5.45	11.08	
2005	6.15	4.5	7.25	9.25	11.8	16.35	17.4	17.05	16.2	13.95	6.55	4.8	10.94
2006	4.25	4.25	5.35	9.3	13.05	16.85	21.2	16.85	18.05	14.0	8.8	6.5	11.54	
2007	7.1	6.0	7.65	11.55	12.6	15.75	16.3	16.2	14.75	11.2	7.4	5.2	10.98	
2008	7.05	5.25	6.55	8.45	13.45	15.05	17.6	17.8	14.0	10.25	7.5	4.0	10.58	
2009	3.0	4.45	7.35	10.5	13.0	15.55	17.3	18.35	15.3	12.0	9.25	3.4	10.79	
2010	1.75	3.25	6.85	9.3	11.2	15.8	19.2	16.6	14.75	11.2	5.7	0.05	9.64	
2011	4.5	6.8	7.15	12.55	13.25	15.1	16.05	16.75	16.25	13.6	9.95	6.15	11.51	
2012	5.95	3.55	7.95	8.05	12.4	14.45	16.6	18.2	14.05	10.2									