1957	5.8	6.15	9.2	9.3	10.8	15.5	17.25	16.15	13.7	11.25	6.4	4.55	10.5		
1958	4.15	6.25	4.45	7.2	11.4	14	16.1	16	15.35	11.85	6.9	5.7	9.95		
1959	2.95	4.15	7.6	9.7	12.75	15.15	17.1	17.1	15.25	12.55	7.55	6.8	10.72		
1960	4.6	4.5	7.15	9.25	12.55	15.8	15.6	15.3	13.7	10.9	7.95	4.3	10.13		
1961	4.6	7.75	7.5	10.55	10.85	14.3	15.7	16.1	15.35	11.55	6.75	3.8	10.4		
1962	5.05	4.7	3	8.05	9.65	13.3	15.2	15.2	12.6	10.65	5.9	2.5	8.82		
1963	-2.85	-0.05	5.7	8.85	10.45	14.65	15.05	15.1	13.5	11.3	9.2	2.35	8.6		
1964	3.8	4.9	5.3	8.5	12.95	14.1	16.6	15.9	14.6	8.95	8	3.85	9.79		
1965	4	2.85	5.7	8.25	11.45	13.85	14.9	15.4	12.3	11.45	5.9	5.7	9.31		
1966	3.8	7.3	6.6	8.75	11.2	15.4	15.55	15.25	14.25	10.9	5.65	6.45	10.09		
1967	4.5	5.75	7.6	8.45	11.05	14.35	16.4	15.75	14.2	11.8	5.6	4.35	9.98		
1968	4.9	2.4	6.5	7.75	10.3	14.95	15.35	16	14.25	13.3	7.45	4.05	9.77		
1969	6.45	2.1	5	8.1	11.4	14.4	16.85	16.7	14.35	12.65	6.3	3.75	9.84		
1970	4.75	4.1	4.35	7.05	12.25	16.25	15.7	15.85	14.8	11.15	8.75	4.05	9.92		
1971	5.5	4.35	5.05	8	11.4	13.1	17.3	16.4	14	11.85	5.45	6.65	9.92		
1972	4.6	5.45	7.25	9.1	10.6	11.65	15.85	15.7	12.2	10.75	6.2	6.5	9.65		
1973	4.55	4.25	5.5	7.45	11.6	14.8	15.95	17.45	15.05	9.5	6.8	5.6	9.88		
1974	6.95	5.75	6.25	8.55	10.9	14.35	15.7	15.15	12.65	8	8	8.45	10.06		
1975	7.15	5.15	5.35	8.15	10.6	15.2	17.45	18.05	13.5	10.25	6.65	4.2	10.14		
1976	5.95	4.8	5.15	8.05	12.25	17.2	18.95	17.4	13.6	11.2	6.5	2.55	10.3		
1977	3.55	6.55	7.6	7.4	11.15	12.5	16.4	15.5	13.15	12.3	7.15	6.95	10.02		
1978	4.05	3.1	6.75	6.85	11.3	13.85	15.25	15.25	13.8	11.85	8.75	5.85	9.72		
1979	0.45	1.9	5.25	8.25	9.7	13.85	16.8	14.95	12.95	11.8	6.75	6.35	9.08		
1980	1.95	6.5	5.25	9.05	11.2	14.05	14.7	16.35	15.1	9.25	6.5	5.8	9.64		
1981	5.15	3.25	8.65	8.55	11.4	13.55	16.25	16.65	14.55	8.9	7.65	2.2	9.73		
1982	4.05	5.35	5.95	8.35	11.6	15.7	16.85	16.05	14.5	10.45	8.8	5.1	10.23		
1983	7.05	2.5	6.35	7.05	10.65	15.05	19.65	17.7	14.2	10.65	7.65	6.05	10.38		
1984	4.8	4.35	5.1	8	10.4	14.9	16.4	17.4	14.35	11.25	8.25	5.3	10.04		
1985	0.4	2.85	4.55	8.65	11.6	13.55	16.45	15.2	14.4	11.1	4.15	7.1	9.17		
1986	4.05	-0.45	5.1	5.9	10.7	15.25	16.45	14.35	11.15	11.35	8.05	6.2	9.01		
1987	1.1	3.95	4.9	9.35	11	13.65	16.45	16.05	14.45	10.4	6.85	6.1	9.52		
1988	6.05	4.8	7.15	8.1	12.5	14.8	15.15	15.45	13.9	11.45	5.75	7.35	10.2		
1989	6.2	6.2	8	6.7	13.6	14.85	18.65	16.8	14.9	12.2	7.15	5.8	10.92		
1990	7.3	8.35	7.85	8.15	12.75	13.55	16.7	18.1	13.3	12.3	7.45	4.45	10.85		
1991	4.2	1.55	7.95	7.95	11.35	12.7	16.85	17.25	15.15	10.35	6.85	5	9.76		
1992	3.6	5.2	7.55	8.65	13.65	15.4	16.75	16.3	14.2	8	8.3	4.15	10.15		
1993	6.7	5.1	6.1	9.8	12.35	15.25	15.85	15.05	12.55	9.05	4.85	6.25	9.91		
1994	5.75	4.2	8.15	8.2	11.2	14.5	18.15	16.95	13.5	10.6	11	7	10.77		
1995	5.55	7.6	5.7	9.15	11.8	15.3	19	19.85	13.95	13.45	7.95	3.5	11.07		
1996	5.8	2.9	5.1	8.55	9.45	14.1	16.75	16.45	13.6	12.2	6.3	3.6	9.57		
1997	2.3	7.05	8.2	8.45	12	14.85	16.9	19	14.1	11.3	8.8	6.2	10.76		
1998	5.85	6.3	8.4	8.15	14.2	14.85	15.95	16.3	15.4	11.5	6.65	6.05	10.8		
1999	6.25	5.65	7.05	9.4	13.4	13.9	18	16.85	15.9	10.9	7.7	5.4	10.87		
2000	4.4	6.65	7.45	8.05	12.9	14.8	16.05	17.1	15.3	11.05	7.3	6.8	10.65		
2001	4.35	5.3	6.65	8.35	12.4	14.35	17.15	16.95	14.3	14	7.1	3.7	10.38		
2002	6.45	7.7	7.85	9.85	12.2	14.2	16.15	16.9	14.45	11.05	9.95	7	11.15		
2003	4.6	4.7	7.95	9.6	11.8	15.8	17.45	18.8	14.1	9.8	8.75	6	10.78		
2004	5.95	5.45	6.6	9.1	12.1	16	16.4	17.6	15.75	11.1	8.15	5.05	10.77		
2005	6.4	4.6	7.35	9.35	11.5	15.8	17.4	16.3	15.45	13.75	6.15	3.8	10.65
2006	4.8	3.75	5.75	9.25	12.5	15.9	19.45	17.55	16.95	13.8	8.55	6.95	11.27	
2007	7.5	7.0	7.65	12.05	13.1	15.9	15.8	15.85	14.2	11.05	7.35	5.55	11.08	
2008	6.95	5.2	6.9	8.55	14.2	14.7	16.55	16.55	13.7	9.85	7.85	3.75	10.4	
2009	3.35	4.65	6.85	9.65	12.7	15.6	16.7	16.8	14.6	12.25	9.9	3.7	10.56	
2010	1.55	3.95	6.25	8.7	11.25	15.6	18.05	16.1	14.0	11.05	6.25	0.25	9.42	
2011	4.75	6.7	7.05	12.0	12.65	14.5	15.5	16.0	15.55	12.95	10.45	6.9	11.25	
2012	6.2	4.4	8.2	7.75	12.7	14.55	15.7	17.15	13.5	10.9							