1914	2.95	6.35	99	9.1	10.45	13.3	16.4	17.0	14.55	11.6	7.45	5.75	99	
1915	4.3	4.8	5.3	7.25	9.65	13.25	15.5	15.6	14.7	10.65	5.25	5.85	9.34	
1916	6.85	4.1	4.1	7.8	11.45	11.7	14.4	15.85	13.4	99	99	3.8	99	
1917	2.4	1.5	2.75	4.6	99	99	99	99	99	99	99	99	99	
1919	99.0	99	99	99	99	99	99	99	99	99	99	4.85	99	
1920	5.05	6.3	7.25	99	99	99	99	99	99	99	99	99	99	
1921	99.0	99	7.65	99	11.15	13.4	17.15	17.0	15.4	13.65	5.7	6.35	99	
1922	3.15	4.4	4.9	5.9	12.25	13.7	14.35	14.45	13.1	10.15	5.85	5.6	8.98	
1923	4.7	5.6	6.4	7.8	10.0	11.75	17.6	16.1	13.3	10.2	4.35	2.85	9.22	
1924	3.7	2.65	4.0	6.95	11.5	14.1	15.95	15.15	14.55	11.75	7.7	6.3	9.53	
1925	5.45	5.5	4.7	7.75	12.05	13.65	16.55	16.5	12.2	11.15	5.8	3.3	9.55	
1926	3.95	6.55	6.55	9.1	10.15	13.45	15.9	16.9	15.45	9.45	7.4	4.35	9.93	
1927	4.3	4.35	7.5	8.8	10.2	12.75	15.5	16.55	13.6	11.0	6.55	3.0	9.51	
1928	4.85	5.55	5.6	7.55	9.7	13.75	17.45	16.45	14.35	11.35	8.35	4.25	9.93	
1929	1.8	-0.2	5.05	5.85	9.85	13.55	16.2	16.6	16.75	10.45	7.15	6.05	9.09	
1930	6.0	3.55	5.4	7.6	10.75	15.15	15.7	16.2	14.3	10.9	6.5	4.3	9.7	
1931	3.1	3.3	3.3	7.45	11.35	14.35	15.65	14.5	11.85	9.35	8.55	4.85	8.97	
1932	5.55	3.65	4.2	6.9	10.15	13.25	16.7	17.9	14.65	9.5	7.15	5.45	9.59	
1933	3.0	4.15	6.95	9.05	10.75	14.2	17.6	18.35	16.25	11.45	6.95	2.15	10.07	
1934	4.55	3.95	4.8	7.8	11.05	14.25	16.9	16.5	15.4	11.25	6.85	8.4	10.14	
1935	4.7	5.8	6.3	8.0	9.65	15.0	17.3	17.25	14.75	10.4	8.1	2.95	10.02	
1936	4.35	3.1	6.25	6.65	10.5	14.45	16.05	16.5	15.5	9.8	6.7	4.95	9.57	
1937	4.9	5.4	4.0	7.9	11.85	14.4	16.45	16.95	15.05	12.05	6.6	3.6	9.93	
1938	5.2	4.8	9.25	7.65	10.55	15.1	15.75	17.1	15.1	10.55	9.25	3.85	10.35	
1939	4.6	5.5	5.3	9.05	10.2	13.5	16.15	16.6	15.7	9.75	8.7	3.4	9.87	
1940	-0.1	1.45	5.6	8.05	11.15	15.25	15.6	15.65	13.6	10.75	7.4	3.95	9.03	
1941	0.65	2.95	5.5	6.85	9.65	14.35	17.9	15.2	14.55	10.5	6.65	4.8	9.13	
1942	0.3	-0.05	3.15	8.15	11.15	13.65	16.0	17.25	15.05	11.75	6.4	5.9	9.06	
1943	4.55	5.45	6.25	11.35	12.05	14.9	16.45	17.4	14.55	12.2	6.2	4.15	10.46	
1944	5.55	3.85	5.05	9.25	11.25	13.75	16.4	17.85	13.25	10.15	6.3	3.4	9.67	
1945	0.3	6.85	7.95	9.2	12.3	15.25	17.35	15.9	15.35	12.7	8.25	5.1	10.54	
1946	4.0	6.2	4.8	9.45	10.35	13.3	16.65	15.3	14.8	11.25	8.15	3.25	9.79	
1947	1.85	-2.05	3.15	8.95	12.3	15.55	99	18.5	16.35	11.9	7.65	5.65	99	
1948	5.45	4.9	7.55	8.95	10.65	13.55	14.85	15.4	14.5	11.15	7.05	6.75	10.06	
1949	4.85	5.8	4.3	10.05	9.9	13.5	16.75	17.05	17.85	12.75	6.95	5.65	10.45	
1950	4.4	5.85	7.15	7.6	10.65	16.5	16.7	16.8	14.0	10.7	6.45	1.45	9.85	
1951	4.25	4.0	4.75	6.7	10.0	13.35	16.5	15.7	14.85	11.35	8.65	5.6	9.64	
1952	2.95	2.8	5.35	8.7	12.1	14.6	16.75	16.9	11.8	9.6	4.75	3.05	9.11	
1953	2.8	4.25	4.75	7.3	11.75	13.5	16.0	16.5	14.2	11.5	8.45	7.35	9.86	
1954	3.2	2.1	5.4	6.85	10.75	13.85	14.85	15.3	13.4	12.5	7.55	6.45	9.35	
1955	2.15	1.65	3.25	8.7	9.55	13.4	15.7	17.15	15.2	10.1	8.25	5.8	9.24	
1956	3.45	-0.7	5.0	5.5	11.8	12.9	16.4	14.3	14.95	10.05	6.55	6.0	8.85	
1957	5.55	5.5	8.5	8.2	10.1	14.2	16.85	15.9	13.15	11.35	7.35	4.75	10.12	
1958	3.4	4.65	3.2	6.85	11.2	13.1	16.05	16.45	15.8	11.55	7.65	5.3	9.6	
1959	1.9	4.45	6.8	9.1	11.1	15.0	17.5	17.95	16.2	13.05	7.65	6.05	10.56	
1960	4.05	4.45	5.6	8.5	11.65	14.95	15.5	15.4	14.15	11.55	8.15	4.95	9.91	
1961	3.85	6.35	8.1	9.8	11.1	14.95	15.85	16.05	15.55	12.0	7.25	4.3	10.43	
1962	4.55	4.2	2.95	7.25	10.1	13.15	14.4	15.2	13.35	11.2	6.25	2.8	8.78	
1963	-1.05	-0.5	5.3	7.35	10.1	14.05	15.35	15.1	13.65	10.95	8.75	3.75	8.57	
1964	2.75	4.2	3.2	8.35	12.8	14.2	16.45	16.4	15.3	9.7	8.1	3.5	9.58	
1965	3.05	3.4	5.0	7.5	11.4	13.8	14.45	15.45	13.4	12.2	5.5	4.1	9.1	
1966	3.1	5.3	6.25	7.4	11.4	15.25	15.25	15.2	14.7	12.1	6.25	4.6	9.73	
1967	3.8	5.45	7.7	7.25	10.75	14.1	17.9	16.3	14.8	11.85	6.35	3.85	10.01	
1968	3.85	2.95	6.55	8.15	10.0	14.35	15.1	15.45	14.75	13.0	7.6	3.5	9.6	
1969	5.45	1.25	3.45	7.2	11.45	13.35	17.1	16.45	14.95	13.45	6.4	3.3	9.48	
1970	3.4	3.0	3.95	6.5	11.6	15.1	15.95	16.3	15.25	11.7	8.0	4.75	9.63	
1971	4.3	5.0	5.2	7.35	11.55	12.75	16.3	16.85	14.9	12.5	6.85	6.5	10.0	
1972	3.55	4.25	6.4	8.25	10.8	12.55	15.7	15.8	13.1	11.45	6.35	6.25	9.54	
1973	4.7	4.0	6.15	6.55	11.1	14.9	15.75	16.8	15.0	9.9	5.55	4.6	9.58	
1974	5.75	5.55	5.5	7.55	10.7	13.4	15.65	16.2	12.85	7.8	6.6	7.3	9.57	
1975	6.4	4.8	4.75	7.4	9.2	13.3	16.75	18.25	14.75	10.9	6.6	4.35	9.79	
1976	5.3	4.15	4.65	7.4	11.8	16.55	17.95	17.4	14.3	11.8	7.0	2.6	10.07	
1977	3.05	5.25	6.95	7.25	9.95	12.75	15.55	15.5	14.25	12.45	7.15	6.45	9.71	
1978	3.2	2.25	6.4	5.95	9.5	13.75	14.65	15.3	14.35	11.85	8.7	5.2	9.26	
1979	0.15	1.2	4.8	7.1	10.65	13.9	16.2	15.85	14.65	12.3	6.5	5.85	9.1	
1980	3.0	5.5	5.05	7.65	10.3	14.4	14.65	16.5	15.6	9.5	6.8	4.75	9.48	
1981	4.1	3.15	7.35	7.3	11.05	13.9	15.9	16.15	15.7	9.0	7.45	1.55	9.38	
1982	3.35	4.15	5.65	7.3	11.7	14.95	16.55	16.9	15.35	11.2	8.45	4.3	9.99	
1983	6.2	2.35	6.2	7.15	10.05	14.3	17.6	17.25	14.3	11.05	7.95	5.65	10.0	
1984	3.55	3.6	4.75	7.05	9.15	13.6	15.85	17.1	14.2	11.8	9.25	5.55	9.62	
1985	0.85	2.0	4.6	8.2	9.95	12.85	16.8	15.45	14.85	12.25	4.4	6.4	9.05	
1986	3.4	-0.45	4.75	99	11.65	13.9	16.75	14.85	12.6	11.7	7.9	5.5	99	
1987	0.95	4.2	3.7	9.5	9.95	13.75	16.25	16.55	14.95	11.45	7.3	6.3	9.57	
1988	5.45	4.8	6.2	8.15	11.9	13.65	16.15	16.65	14.15	11.35	6.3	6.5	10.1	
1989	5.5	5.8	7.9	6.9	12.8	14.5	17.95	17.75	16.3	12.7	7.6	6.2	10.99	
1990	6.5	7.5	8.55	8.75	12.95	14.25	17.1	18.75	14.0	12.75	7.5	4.9	11.13	
1991	4.3	1.8	7.8	8.05	10.25	13.3	17.7	18.55	15.4	11.1	6.6	4.8	9.97	
1992	4.4	4.85	7.3	8.85	13.55	15.7	17.55	17.2	14.5	8.9	7.2	4.7	10.39	
1993	5.6	4.3	6.55	9.55	99	14.85	16.3	15.8	13.8	10.4	6.05	5.45	99	
1994	5.0	3.3	7.9	8.65	11.05	15.05	18.65	17.4	14.1	10.75	10.2	6.65	10.73	
1995	4.6	6.2	5.95	9.3	11.8	13.35	18.75	18.7	14.7	13.65	8.65	3.25	10.74	
1996	3.9	2.7	3.75	8.45	9.55	14.65	16.85	17.35	14.45	11.85	6.4	3.75	9.47	
1997	2.55	6.55	8.15	8.75	11.85	14.35	16.75	19.55	15.7	11.2	9.0	6.4	10.9	
1998	5.8	7.25	8.1	8.55	12.65	15.5	16.3	16.55	15.25	11.05	5.6	5.8	10.7	
1999	5.75	4.45	7.35	9.6	13.3	14.4	17.95	17.25	16.8	11.7	8.3	4.65	10.96	
2000	5.15	6.05	7.65	8.7	12.2	15.6	15.05	17.45	16.15	11.2	7.5	6.15	10.74	
2001	4.1	4.7	5.6	8.15	12.4	14.3	17.75	18.0	13.75	14.0	7.55	4.6	10.41	
2002	5.5	7.1	99	99	99	15.95	16.85	18.45	15.75	10.8	8.95	6.4	99	
2003	4.65	3.95	6.9	9.4	12.7	16.8	18.25	99	14.65	10.1	9.0	5.7	99	
2004	4.8	5.85	6.75	9.55	12.1	15.95	16.4	18.0	15.4	11.8	7.95	5.3	10.82	
2005	6.05	4.3	6.95	9.4	11.9	15.25	16.8	16.25	16.35	14.55	7.2	4.55	10.8	
2006	4.7	4.25	4.95	8.8	12.45	14.95	19.85	99	99	14.35	9.05	6.75	99	
2007	7.4	6.35	7.9	11.25	12.8	15.5	16.85	99	14.85	11.55	7.45	5.75	99	
2008	6.95	5.7	6.3	8.6	12.95	15.2	17.3	17.75	14.5	10.35	7.8	4.55	10.66	
2009	3.4	4.55	6.9	10.1	12.9	14.85	17.2	18.45	15.7	11.5	9.55	4.7	10.82	
2010	1.95	2.95	6.4	8.6	10.75	15.05	19.25	16.55	14.8	11.5	6.75	1.25	9.65	
2011	4.85	6.55	6.5	11.4	13.45	15.65	15.65	16.7	16.7	13.55	10.4	5.65	11.42	
2012	5.9	4.35	7.5	7.6	11.9	14.4	16.45	18.4	14.3							