1935	4.45	6.0	6.35	8.45	9.35	15.25	17.85	17.65	14.7	10.7	8.05	4.0	10.23	
1936	5.2	3.35	7.35	6.8	11.2	15.45	15.95	16.6	15.4	10.0	6.7	5.35	9.95	
1937	5.5	6.35	4.5	9.15	12.35	14.95	17.05	17.7	14.75	11.8	6.5	4.05	10.39	
1938	5.9	4.85	9.1	7.05	10.4	15.15	15.55	16.5	15.15	10.75	9.7	4.05	10.35	
1939	5.45	5.65	5.85	9.05	10.25	13.9	16.5	16.7	16.3	9.95	9.45	3.6	10.22	
1940	-0.3	2.55	6.15	8.75	12.05	16.05	15.85	99	99	99	99	99	99	
1941	99.0	99	99	99	9.4	14.05	17.75	15.35	15.1	11.15	6.95	5.65	99	
1942	0.5	-0.2	4.55	9.0	11.2	14.25	16.2	17.6	15.05	12.5	6.7	6.45	9.48	
1943	5.35	5.95	6.8	11.5	13.1	15.1	16.85	17.35	14.55	12.45	7.15	4.35	10.88	
1944	6.6	3.35	4.8	9.75	11.1	13.9	16.85	18.5	12.85	10.4	7.15	4.7	10.0	
1945	1.05	7.8	8.2	10.45	13.2	15.75	17.75	16.6	15.85	12.9	8.0	5.75	11.11	
1946	3.4	6.4	5.05	9.55	10.5	13.7	16.9	15.85	14.7	11.4	8.5	3.05	9.92	
1947	1.95	-1.2	4.35	9.1	13.7	16.5	18.0	18.95	17.0	11.8	8.05	5.45	10.3	
1948	6.05	4.85	8.1	9.55	11.4	14.65	15.8	15.95	14.85	11.2	7.95	6.4	10.56	
1949	5.6	6.0	4.7	10.6	10.45	14.15	18.1	18.1	18.05	12.85	6.95	6.3	10.99	
1950	4.3	6.85	7.55	7.85	11.2	16.9	17.2	17.15	14.15	10.85	7.0	1.6	10.22	
1951	5.15	4.55	5.35	7.0	10.5	13.75	17.1	15.9	15.4	11.2	9.15	6.3	10.11	
1952	4.0	3.4	6.8	9.95	13.4	15.5	18.05	17.6	12.8	10.45	5.3	3.75	10.08	
1953	3.3	4.35	5.45	8.35	99	99	99	99	99	99	99	99	99	
1961	4.05	6.9	8.35	10.55	11.55	15.35	16.55	16.7	16.4	11.9	7.35	4.3	10.83	
1962	4.8	4.2	3.25	7.65	10.35	13.75	15.4	15.6	13.85	11.85	6.35	2.55	9.13	
1963	-1.65	-0.9	6.0	8.2	10.55	14.25	15.7	15.2	13.9	10.8	8.9	2.7	8.64	
1964	2.5	4.45	4.15	8.7	13.45	14.6	17.0	16.9	15.45	9.35	8.0	4.2	9.9	
1965	3.75	3.05	5.35	7.9	11.75	13.85	14.7	15.8	13.05	12.0	5.75	4.9	9.32	
1966	2.6	6.35	6.4	8.1	11.3	15.85	15.55	15.4	15.1	12.05	6.25	5.15	10.01	
1967	4.3	5.8	7.45	7.65	11.45	14.55	18.2	16.9	15.0	11.95	6.4	4.2	10.32	
1968	4.05	3.0	6.7	8.6	10.7	14.65	15.8	16.2	15.0	13.25	7.35	3.15	9.87	
1969	5.8	1.7	4.65	7.95	12.05	14.15	17.8	17.15	15.4	13.5	6.95	3.15	10.02	
1970	4.25	3.65	3.75	6.95	12.7	16.2	16.45	16.95	15.45	12.15	8.55	4.65	10.14	
1971	4.6	5.15	5.0	7.65	11.8	13.1	16.9	16.85	14.75	12.6	6.95	6.7	10.17	
1972	3.6	4.85	7.1	8.65	11.3	12.75	16.25	16.1	13.35	11.55	6.7	6.05	9.85	
1973	4.8	4.2	6.4	7.4	11.85	15.6	16.7	18.05	15.75	10.7	6.55	5.35	10.28	
1974	6.4	5.6	6.15	9.0	11.6	14.25	16.0	16.6	13.2	8.15	7.5	8.0	10.2	
1975	6.9	5.6	5.3	7.9	10.0	13.9	17.25	19.15	15.1	10.8	6.4	4.4	10.23	
1976	5.6	4.2	5.0	7.65	13.15	17.85	18.9	18.15	14.5	12.1	7.45	3.05	10.63	
1977	3.6	5.95	7.5	7.5	10.7	13.05	16.15	16.1	14.2	12.65	7.5	6.7	10.13	
1978	3.5	3.15	6.85	6.55	10.85	14.4	15.45	16.15	15.1	12.3	9.0	5.4	9.89	
1979	0.4	1.85	5.3	8.0	10.9	14.1	17.1	15.85	14.55	12.55	7.05	6.35	9.5	
1980	2.9	6.0	5.5	8.55	11.0	14.55	15.4	17.1	15.65	10.1	6.7	5.25	9.89	
1981	4.65	3.15	8.4	7.85	11.7	13.75	16.25	17.1	15.45	9.55	8.05	2.25	9.85	
1982	4.05	4.55	6.05	8.3	12.45	16.2	17.4	17.5	16.15	11.05	8.75	4.95	10.62	
1983	6.55	2.25	6.45	7.8	10.6	14.8	19.0	18.2	14.8	11.55	8.35	5.75	10.51	
1984	4.35	4.05	5.0	7.8	9.65	14.45	17.2	18.05	14.35	11.75	9.65	5.8	10.17	
1985	0.55	2.15	4.7	8.85	11.05	13.45	17.25	15.55	15.65	12.35	4.7	7.15	9.45	
1986	3.85	-0.85	4.95	6.3	11.65	15.0	17.3	15.25	12.95	12.25	8.15	5.95	9.4	
1987	0.6	3.75	3.75	10.2	10.55	13.7	16.8	16.8	15.5	11.6	7.8	6.1	9.76	
1988	5.95	4.95	6.55	8.7	12.25	13.95	16.0	16.8	14.6	12.25	6.7	7.05	10.48	
1989	5.9	6.2	8.3	7.55	13.4	15.0	18.75	18.35	16.5	13.4	7.35	6.75	11.45	
1990	6.6	7.9	8.65	8.65	13.3	14.25	17.2	19.35	14.4	12.7	7.8	4.8	11.3	
1991	4.65	1.7	8.45	8.35	10.35	12.85	17.4	18.4	15.8	10.85	7.0	5.3	10.09	
1992	4.2	5.15	7.6	8.95	13.95	15.9	17.6	17.0	14.6	9.1	8.05	4.95	10.59	
1993	6.0	4.0	6.65	9.8	12.3	15.65	16.6	16.45	13.75	10.35	5.4	5.8	10.23	
1994	5.45	3.85	8.0	8.45	11.5	15.2	19.45	17.85	13.8	10.75	10.55	6.95	10.98	
1995	5.05	7.2	6.1	9.35	12.25	14.15	19.55	19.75	14.75	13.6	8.5	3.55	11.15	
1996	4.3	2.7	4.25	8.95	9.8	15.15	17.0	17.4	14.4	11.9	6.75	3.9	9.71	
1997	2.05	6.5	8.45	8.85	12.15	15.15	17.25	20.65	15.6	11.3	8.8	6.25	11.08	
1998	5.75	6.75	8.3	8.65	13.25	15.25	16.55	17.7	15.75	11.25	6.05	6.15	10.95	
1999	6.25	4.85	7.7	9.75	13.45	14.8	18.45	17.8	17.25	11.9	8.65	5.55	11.37	
2000	5.3	6.6	7.75	8.95	12.5	15.7	15.4	17.85	16.3	11.7	7.9	6.65	11.05	
2001	4.35	5.25	6.25	8.65	12.9	15.15	18.15	99	14.05	14.5	8.2	5.0	99	
2002	6.0	7.9	8.25	9.9	12.45	15.75	17.0	18.55	15.65	11.5	9.5	6.7	11.6	
2003	5.25	4.15	7.45	9.55	12.6	17.15	18.65	19.65	15.8	10.2	9.3	5.9	11.3	
2004	5.4	5.6	6.9	9.75	12.2	16.25	17.1	18.5	15.6	12.2	8.25	5.6	11.11	
2005	6.0	4.15	6.6	9.6	12.15	16.1	17.3	17.05	99	14.45	7.25	4.85	99	
2006	4.3	4.1	5.2	9.05	12.85	15.7	20.5	17.0	18.15	14.3	9.4	7.2	11.48	
2007	7.3	6.7	7.85	11.65	12.9	15.55	16.8	16.7	15.2	11.7	7.7	5.7	11.31	
2008	6.95	6.1	6.7	8.7	13.75	15.05	17.65	17.5	14.55	10.95	8.1	4.3	10.86	
2009	2.9	4.5	7.2	10.75	13.1	15.2	17.9	18.95	16.2	12.4	9.9	4.65	11.14	
2010	1.95	3.45	6.5	9.05	10.7	15.4	19.1	17.2	14.85	11.9	7.05	1.25	9.87	
2011	4.9	6.45	6.8	12.4	13.8	15.2	16.1	17.35	16.7	13.85	10.1	6.35	11.67	
2012	6.3	3.6	7.85	8.3	12.75	14.6	16.6	18.4	14.85	11.3								