1931	2.8	3.7	2.35	6.75	9.65	11.7	13.95	12.35	11.7	8.8	7.1	6.05	8.07	
1932	6.35	5.0	4.65	5.5	8.9	12.5	14.15	14.45	11.5	7.5	5.45	5.0	8.41	
1933	2.3	3.3	6.85	8.2	9.8	14.05	16.7	15.95	13.05	9.75	5.7	3.7	9.11	
1934	5.55	6.85	4.4	6.65	10.0	12.65	15.15	14.15	13.05	9.05	5.65	6.3	9.12	
1935	5.15	4.4	6.15	6.3	7.7	12.65	15.0	15.15	11.65	8.0	5.0	1.8	8.25	
1936	1.95	2.25	6.2	5.95	9.95	13.1	14.55	14.85	12.85	8.5	5.2	4.85	8.35	
1937	4.6	3.2	2.3	8.2	10.7	12.85	14.2	14.15	12.3	9.25	5.55	2.05	8.28	
1938	5.15	4.75	9.4	7.8	9.2	12.5	13.7	13.75	12.0	9.6	7.15	3.85	9.07	
1939	2.15	5.7	5.95	7.25	10.55	13.05	13.6	14.35	12.95	7.55	6.7	4.0	8.65	
1940	0.1	2.7	5.25	6.95	11.35	14.7	13.2	14.0	11.2	9.25	5.9	3.85	8.2	
1941	0.0	2.35	3.1	5.45	8.35	13.0	14.85	13.2	13.8	9.25	5.55	5.8	7.89	
1942	2.4	1.9	4.4	7.7	9.15	12.0	14.2	14.45	11.85	9.0	6.15	6.4	8.3	
1943	3.55	6.35	6.7	9.1	10.1	12.45	13.1	13.05	11.8	10.6	6.3	4.2	8.94	
1944	5.45	4.2	5.45	8.95	9.75	11.8	14.65	15.2	11.1	8.5	4.0	4.1	8.6	
1945	0.1	6.05	8.45	8.3	9.65	12.75	15.8	14.5	13.4	10.9	6.65	5.4	9.33	
1946	3.2	4.9	5.35	8.6	9.45	12.25	14.4	12.8	12.85	7.85	6.4	3.0	8.42	
1947	2.45	-1.05	1.45	7.45	10.8	13.3	15.05	15.65	12.6	10.1	5.55	4.3	8.14	
1948	1.9	4.1	7.5	7.95	9.1	11.95	13.9	12.85	12.15	8.5	7.1	5.4	8.53	
1949	4.9	5.35	4.65	8.75	9.9	11.5	14.95	14.5	13.65	10.6	6.45	3.8	9.08	
1950	5.05	3.35	7.25	6.35	9.0	14.1	14.55	14.35	11.4	8.6	4.4	1.5	8.33	
1951	2.4	2.7	3.5	5.0	8.4	11.0	14.6	13.25	12.5	10.2	7.15	4.7	7.95	
1952	0.9	4.05	5.9	8.55	11.35	12.05	14.95	14.0	10.05	8.1	3.6	3.5	8.08	
1953	4.9	5.8	6.55	6.05	10.65	12.7	13.75	14.2	13.4	10.35	7.85	5.05	9.27	
1954	3.85	2.4	4.4	7.15	10.2	12.05	13.3	13.2	11.0	9.7	5.8	5.45	8.21	
1955	1.55	-0.35	3.85	8.3	8.4	12.65	15.5	16.25	13.7	8.7	7.45	3.75	8.31	
1956	2.65	2.2	5.85	6.0	11.45	11.55	13.65	12.05	12.35	9.3	6.95	5.9	8.33	
1957	4.95	3.35	8.05	8.3	9.35	13.0	13.75	13.4	10.85	9.85	6.25	4.35	8.79	
1958	2.65	2.8	2.5	6.9	8.9	12.55	99	13.9	13.4	10.0	6.3	3.4	99	
1959	0.9	3.75	6.15	7.95	10.65	13.6	15.35	15.9	13.25	11.1	6.15	3.6	9.03	
1960	2.55	1.95	5.05	8.05	10.65	13.25	99	99	99	99	99	99	99	
1961	2.1	5.45	8.55	7.95	9.4	12.85	13.6	13.8	13.0	9.45	4.45	1.25	8.49	
1962	3.8	4.0	2.3	6.1	8.95	13.1	12.6	12.55	11.0	10.55	4.95	3.6	7.79	
1963	-0.5	0.05	6.0	7.4	8.5	12.3	13.05	12.35	11.65	9.7	4.75	3.25	7.38	
1964	4.25	3.85	4.35	7.65	10.5	11.4	14.1	99	9.75	7.95	4.75	2.6	99	
1965	3.2	3.2	5.3	8.7	10.85	12.7	11.65	12.65	9.85	6.65	2.9	2.05	7.48	
1966	1.9	4.4	5.1	9.45	99	99	99	99	9.25	7.3	5.5	5.55	99	
1967	7.6	9.3	9.7	10.05	9.25	9.85	10.7	8.95	7.25	7.05	5.8	5.55	8.42	
1968	7.15	7.1	9.3	9.8	9.0	8.75	7.5	9.0	6.55	6.15	4.8	5.65	7.56	
1969	7.55	7.25	9.2	9.45	10.4	9.2	10.4	9.45	7.35	7.45	3.6	6.4	8.14	
1970	6.55	6.6	8.55	8.45	9.75	10.4	8.9	99	99	99	99	99	99	
1971	4.2	4.6	4.95	7.05	10.8	10.45	14.0	13.35	12.95	9.95	5.85	7.2	8.78	
1972	3.45	3.05	5.3	7.55	10.1	11.15	13.65	13.35	11.0	9.85	5.15	4.65	8.19	
1973	4.25	3.1	6.05	5.5	9.3	13.45	14.25	13.95	11.85	7.8	5.05	3.6	8.18	
1974	5.45	4.4	4.7	6.3	9.65	11.95	12.85	13.4	10.45	7.4	5.45	5.85	8.15	
1975	4.6	2.75	3.8	6.9	8.2	12.65	14.55	15.7	11.2	9.5	5.65	6.15	8.47	
1976	4.25	4.05	4.75	7.45	10.25	14.3	15.7	15.0	11.95	9.3	5.1	0.65	8.56	
1977	2.15	1.9	6.05	5.85	9.45	11.15	13.95	13.5	11.2	10.4	4.45	4.5	7.88	
1978	2.3	0.05	5.45	5.35	10.2	12.1	12.6	13.15	11.7	10.35	6.7	3.1	7.75	
1979	-0.3	0.65	2.8	6.15	8.25	12.75	14.05	12.8	11.95	9.9	5.3	3.6	7.33	
1980	2.0	4.05	3.8	7.9	9.65	12.85	13.75	13.9	12.7	7.7	5.2	5.0	8.21	
1981	3.5	3.65	5.35	6.55	10.5	12.15	14.3	14.75	12.8	6.25	6.0	-0.25	7.96	
1982	2.05	4.55	5.25	7.85	9.45	11.3	15.05	13.7	11.45	9.5	5.75	2.75	8.22	
1983	5.1	1.7	6.2	5.3	8.6	11.9	15.55	15.6	11.2	9.25	6.65	5.1	8.51	
1984	0.7	4.6	4.25	7.35	9.2	13.1	15.4	14.8	10.85	9.15	6.75	4.9	8.42	
1985	1.25	2.65	4.15	7.05	9.0	11.25	14.4	13.0	11.2	9.75	3.1	3.75	7.55	
1986	2.5	0.35	5.4	5.15	10.45	12.3	14.0	11.4	10.9	9.95	6.7	4.25	7.78	
1987	1.5	3.2	3.3	8.3	9.2	10.8	14.3	14.1	11.85	7.25	5.85	3.65	7.77	
1988	3.15	4.35	4.75	7.0	10.45	13.6	13.8	13.85	12.6	8.6	5.75	6.75	8.72	
1989	7.15	4.6	5.8	6.05	10.9	13.05	15.7	14.1	11.85	9.65	5.3	1.5	8.8	
1990	4.85	5.2	7.2	7.3	10.15	12.25	14.5	15.2	11.4	9.85	5.3	4.35	8.96	
1991	2.85	2.2	6.05	7.8	10.15	10.85	15.1	15.6	12.1	8.75	6.15	4.6	8.52	
1992	4.0	5.05	5.6	7.3	11.45	13.8	14.0	13.05	11.5	6.75	5.35	2.8	8.39	
1993	4.1	6.6	6.2	7.5	8.3	12.2	13.25	13.0	10.85	7.15	3.95	2.2	7.94	
1994	3.2	2.15	4.75	6.9	8.85	12.95	15.15	13.7	11.3	8.3	8.35	4.85	8.37	
1995	3.2	3.8	4.3	7.2	10.25	12.3	15.75	15.9	12.1	11.2	6.95	1.2	8.68	
1996	4.8	2.8	4.65	8.5	8.2	99	99	99	99	10.65	4.4	2.65	99	
1997	3.25	5.2	7.85	8.1	9.5	12.0	15.1	16.4	12.2	9.4	8.1	5.2	9.36	
1998	4.25	8.05	6.4	6.05	10.8	99	99	99	12.45	7.9	5.05	5.3	99	
1999	4.0	3.95	6.25	8.25	10.5	12.1	14.8	13.85	13.6	9.75	7.3	3.05	8.95	
2000	5.15	5.0	7.05	6.45	10.2	11.95	13.3	14.45	12.7	9.55	5.35	4.2	8.78	
2001	1.8	3.35	3.65	7.0	10.9	11.9	14.05	14.25	11.65	11.7	7.15	3.55	8.41	
2002	5.3	4.4	6.25	8.45	10.6	13.45	13.95	14.95	12.8	7.95	7.0	4.2	9.11	
2003	3.85	3.75	6.8	8.95	10.55	14.65	16.3	15.7	12.7	7.75	7.35	4.05	9.37	
2004	4.2	3.95	6.05	8.9	10.8	13.3	13.95	15.35	12.7	8.4	7.05	5.6	9.19	
2005	5.35	4.05	6.65	7.55	9.4	13.5	14.65	14.55	13.5	11.15	5.9	4.55	9.23	
2006	4.3	4.0	3.4	6.95	10.15	99	17.1	14.55	99	10.75	7.1	5.35	99	
2007	5.8	5.0	6.5	10.65	9.75	12.35	13.75	13.7	11.7	10.9	6.9	99	99	
2008	99.0	99	4.9	6.6	11.15	12.6	15.3	14.75	12.6	8.45	5.95	2.95	99	
2009	3.8	3.9	6.35	9.15	10.4	13.3	15.25	15.1	13.35	9.85	6.1	0.75	8.94	
2010	1.55	1.75	5.3	8.05	9.7	13.8	14.6	14.0	12.2	9.15	3.9	-0.8	7.77	
2011	3.6	4.95	6.2	10.7	10.85	11.85	14.0	13.6	13.55	11.45	8.35	3.8	9.41	
2012	3.95	5.7	8.6	5.75	9.3	11.2	13.3	14.45	11.4	11.4		