1828	5.23	5.23	6.53	8.43	12.63	15.53	16.93	15.33	14.43	10.43	7.73	7.73	10.51			
1829	-0.23	4.23	4.13	6.43	12.63	15.13	15.23	13.73	8.43	8.43	4.23	0.63	7.75			
1830	-0.53	1.93	7.93	8.83	12.23	12.93	17.03	14.13	11.83	10.63	7.13	1.73	8.82			
1831	1.53	5.23	7.23	8.83	10.93	15.13	17.23	17.23	13.83	12.83	5.93	5.73	10.14			
1832	2.83	2.83	5.23	8.13	11.33	15.13	16.43	15.83	13.43	10.73	6.43	5.33	9.47			
1833	1.43	5.83	3.33	7.63	15.23	14.73	15.93	14.63	11.83	10.33	6.73	7.23	9.57			
1834	7.13	5.23	6.93	7.43	13.23	15.63	17.33	16.43	14.23	10.63	6.43	5.43	10.51			
1835	3.43	5.83	5.63	8.43	11.83	15.43	17.83	17.63	13.83	9.13	6.73	2.03	9.81			
1836	3.43	3.03	5.73	6.73	10.93	15.33	16.53	15.23	11.73	8.53	5.43	4.23	8.91			
1837	2.93	4.93	2.13	4.53	9.73	15.63	17.83	16.13	12.73	10.63	5.33	5.13	8.97			
1838	-2.23	0.43	5.03	5.93	10.73	14.73	16.33	15.63	12.93	10.13	4.73	3.83	8.18			
1839	2.93	4.23	4.23	5.73	9.83	13.93	15.33	14.53	12.43	9.03	7.03	3.73	8.58			
1840	3.83	2.93	3.33	9.03	11.43	14.13	14.33	16.23	10.63	7.33	5.63	0.33	8.26			
1841	0.80	1.40	7.40	7.60	13.20	12.70	14.10	14.90	13.60	8.90	5.30	4.20	8.68			
1842	0.50	4.30	6.60	7.10	11.20	15.80	15.00	17.50	13.00	7.20	5.60	6.70	9.21			
1843	4.30	1.70	5.80	8.20	9.91	12.11	15.30	15.60	14.70	8.40	6.10	6.90	9.09			
1844	3.90	1.70	4.90	10.30	10.60	15.10	15.90	13.70	13.10	9.30	6.10	0.30	8.74
1845	3.70	0.40	1.50	7.90	9.10	15.20	14.70	13.60	11.30	9.40	6.80	4.70	8.19
1846	6.30	6.40	6.10	7.70	12.60	18.20	17.20	16.30	14.70	9.40	6.90	0.40	10.18
1847	1.60	1.90	5.20	6.80	12.80	13.60	17.90	15.80	11.30	11.00	7.80	5.40	9.26
1848	1.20	6.30	5.90	8.10	14.40	14.20	16.30	14.00	12.70	9.70	5.80	5.60	9.52
1849	4.20	5.60	5.90	6.60	12.20	14.20	15.80	15.90	13.41	9.60	6.50	3.80	9.48
1850	0.70	6.80	4.40	8.60	9.80	15.00	16.00	14.80	12.20	8.20	7.90	4.90	9.11
1851	6.20	4.80	5.90	7.30	10.60	14.70	14.70	15.80	12.70	11.20	3.30	4.90	9.34
1852	5.20	5.00	4.80	7.80	10.60	13.10	19.20	15.80	12.90	8.20	8.90	8.40	9.99
1853	5.50	0.70	3.60	8.50	11.40	15.40	16.70	15.50	12.80	10.70	5.50	1.20	8.96
1854	4.10	4.30	6.70	9.30	11.00	14.10	16.60	15.80	14.30	9.80	5.10	5.20	9.69
1855	2.00	-1.40	3.90	7.80	10.00	14.40	18.10	16.90	14.70	11.10	5.60	2.80	8.83
1856	4.40	5.60	4.30	8.50	9.80	14.80	16.80	17.60	12.60	10.40	5.20	4.30	9.53
1857	2.30	4.00	5.40	7.80	11.40	16.30	17.30	18.00	15.10	11.20	7.40	7.10	10.28
1858	3.10	1.70	5.20	8.50	11.10	17.70	15.70	16.30	15.30	10.20	4.10	4.80	9.48
1859	4.60	6.00	8.00	7.90	11.70	15.90	19.40	17.20	13.40	10.10	5.00	1.90	10.09
1860	3.80	1.80	5.20	6.10	12.40	13.20	14.80	14.40	11.30	10.30	4.80	2.90	8.42
1861	1.50	5.50	6.70	7.40	11.30	15.60	15.90	17.10	13.90	12.80	5.00	4.20	9.74
1862	4.40	5.30	6.60	9.60	13.40	13.90	15.20	15.30	14.00	11.00	3.60	6.50	9.90
1863	5.10	5.90	6.30	9.40	11.20	14.40	15.60	16.50	11.70	10.60	7.50	6.20	10.03
1864	2.30	2.70	5.50	9.20	13.00	14.70	16.50	14.90	13.80	10.30	5.50	3.50	9.33
1865	1.90	2.60	2.90	11.30	13.20	16.30	17.40	15.40	16.60	10.30	7.10	5.90	10.08
1866	6.00	4.60	5.10	9.20	10.20	16.50	16.40	15.60	13.70	11.10	7.20	6.20	10.15
1867	1.70	7.20	3.20	10.30	11.80	14.80	15.40	16.60	14.00	9.90	5.00	3.10	9.42
1868	3.80	6.60	7.00	9.30	14.10	16.50	19.30	17.30	14.51	8.80	5.20	7.80	10.85
1869	5.60	7.80	4.10	11.00	11.00	13.90	18.30	16.10	15.10	10.00	6.60	3.40	10.24
1870	3.60	2.90	4.90	9.60	12.20	16.80	19.00	16.00	13.20	10.40	5.20	0.40	9.52
1871	0.70	6.40	7.50	9.50	11.40	13.20	16.50	17.90	13.70	10.00	3.30	3.50	9.47
1872	5.20	7.40	7.40	9.20	10.60	15.30	18.30	16.10	14.20	8.90	7.30	5.70	10.47
1873	5.50	2.10	6.00	8.30	10.70	15.20	17.20	17.10	12.30	8.80	6.70	4.70	9.55
1874	5.80	4.10	7.00	10.50	10.80	14.70	18.50	16.20	14.50	11.20	5.60	0.60	9.96
1875	7.10	2.00	5.50	8.40	13.10	15.60	15.50	17.30	15.70	9.50	6.00	4.30	10.00
1876	3.00	5.50	5.20	8.90	10.10	15.40	18.80	17.80	13.60	11.80	6.90	6.80	10.32
1877	6.30	6.70	5.60	8.20	10.00	16.40	16.10	16.20	11.70	9.40	7.50	5.10	9.93
1878	5.10	6.30	5.80	9.80	13.10	16.10	17.40	17.40	13.80	10.70	4.40	0.50	10.03
1879	-0.60	3.60	4.90	5.90	9.00	13.60	14.50	15.30	13.00	9.10	3.80	0.20	7.69
1880	0.20	5.70	7.10	8.40	11.10	14.00	15.90	16.80	15.60	8.50	6.40	6.40	9.68
1881	-1.00	3.90	6.20	8.00	12.30	14.70	17.60	15.00	13.50	8.10	9.70	4.60	9.38
1882	5.30	6.40	8.30	9.40	12.30	13.60	15.90	15.70	12.80	10.40	6.50	4.80	10.12
1883	5.70	6.90	3.00	9.20	11.60	14.80	15.00	16.40	14.00	10.60	6.80	5.00	9.92
1884	7.30	6.00	6.90	7.40	12.10	14.70	17.00	17.90	15.30	9.80	5.70	5.10	10.43
1885	3.00	6.80	5.30	8.30	9.50	14.80	17.30	14.40	12.90	8.00	6.20	3.90	9.20
1886	2.00	1.10	4.60	8.30	11.30	14.00	16.90	16.60	14.60	11.90	6.60	2.60	9.21
1887	2.10	4.00	3.60	6.70	10.20	15.90	18.20	16.40	12.20	7.50	5.00	3.00	8.73
1888	3.10	1.70	3.90	6.70	11.30	14.00	14.40	14.80	13.20	8.30	8.30	5.00	8.73
1889	2.50	2.70	5.20	7.40	13.10	15.70	15.70	15.20	13.30	9.10	6.90	2.80	9.13
1890	6.00	3.30	6.30	7.40	11.80	14.30	15.30	15.10	15.10	9.80	6.10	-1.90	9.05
1891	1.20	4.30	4.40	6.70	9.80	15.20	15.00	14.40	14.20	9.90	5.80	4.40	8.78
1892	2.30	3.70	3.00	8.00	12.00	13.90	14.60	15.90	12.90	7.60	6.60	2.10	8.55
1893	2.10	5.20	7.70	11.00	13.50	16.00	17.10	18.10	13.70	10.50	4.90	4.60	10.37
1894	3.60	5.40	7.00	10.00	9.70	14.10	16.30	14.80	12.10	9.70	8.00	5.20	9.66
1895	0.60	-1.80	6.00	9.10	13.10	15.60	16.30	16.30	16.20	7.70	8.20	4.30	9.30
1896	4.80	4.70	7.90	9.70	12.40	16.90	17.50	15.10	13.80	8.00	4.70	4.20	9.98
1897	1.80	6.40	7.40	7.90	10.70	15.90	17.30	16.50	12.80	10.30	7.30	4.80	9.93
1898	6.40	5.20	4.60	8.70	10.80	14.10	16.20	17.40	16.10	11.50	7.50	7.60	10.51
1899	5.70	5.80	5.50	8.60	10.80	16.10	18.60	18.60	14.40	9.40	8.40	2.40	10.36
1900	4.70	3.30	4.00	8.80	10.70	15.00	18.80	16.00	14.40	10.40	7.80	7.50	10.12
1901	3.50	2.50	4.40	9.10	11.80	14.60	18.50	16.50	14.30	10.10	4.90	3.60	9.48
1902	5.20	2.10	7.40	8.10	9.60	14.10	15.70	15.30	13.30	9.90	7.10	4.70	9.38
1903	4.70	7.50	7.70	6.80	11.70	13.20	16.30	14.80	13.70	11.20	6.70	3.60	9.83
1904	4.10	4.00	5.00	9.60	11.50	14.00	18.10	15.80	12.60	9.90	5.20	4.00	9.48
1905	3.30	5.80	7.50	8.00	11.40	15.20	18.40	15.50	13.10	7.60	5.20	4.60	9.63
1906	5.80	3.60	5.70	7.90	11.40	14.80	16.90	18.00	14.90	11.60	7.60	3.40	10.13
1907	3.70	3.30	6.90	8.40	11.60	13.20	14.80	15.20	14.30	10.40	7.20	5.40	9.53
1908	2.50	5.60	4.90	6.40	13.30	15.20	16.90	15.30	13.20	12.10	8.00	4.00	9.78
1909	3.60	2.90	4.10	9.30	11.40	12.50	15.60	16.50	12.60	11.10	5.30	4.60	9.13
1910	4.10	5.70	6.20	8.00	11.90	15.60	14.70	15.70	13.10	11.30	3.70	6.70	9.73
1911	3.80	5.20	5.60	8.20	13.50	15.30	19.60	19.40	15.40	10.00	6.40	6.80	10.77
1912	4.20	6.20	7.90	9.20	13.20	14.40	16.80	13.50	11.50	8.60	6.60	7.50	9.97
1913	5.30	4.80	6.90	8.40	12.40	15.00	15.50	16.00	14.70	11.80	8.80	5.20	10.40
1914	3.60	7.10	6.70	10.30	11.40	15.40	16.50	17.00	13.90	10.90	7.10	5.30	10.43
1915	4.30	4.90	5.50	8.20	11.70	15.10	15.50	16.50	13.70	9.50	3.50	6.20	9.55
1916	7.70	3.80	3.80	9.10	12.50	12.00	15.90	17.20	13.30	11.40	6.60	1.80	9.59
1917	1.60	1.50	3.50	6.10	13.80	16.10	16.50	15.90	14.70	8.10	7.90	2.00	8.98
1918	3.80	6.50	6.50	7.00	13.60	13.70	16.20	16.50	12.50	9.50	5.60	7.40	9.90
1919	2.90	1.70	4.30	7.60	13.60	15.10	14.40	17.20	13.40	7.20	3.50	5.90	8.90
1920	5.70	6.30	7.90	8.90	12.40	14.80	14.60	13.80	13.70	10.50	6.60	4.50	9.98
1921	7.60	5.00	8.00	9.00	12.20	15.50	19.70	16.50	14.90	13.50	4.80	6.50	11.10
1922	4.20	4.80	5.20	6.10	14.00	14.60	14.40	14.10	12.80	8.40	5.70	6.10	9.20
1923	5.30	6.30	6.70	8.20	10.30	13.10	18.40	16.20	13.20	10.30	3.40	4.20	9.63
1924	5.30	3.30	4.70	8.10	12.40	14.70	15.80	14.70	13.90	10.70	7.50	6.60	9.81
1925	5.40	5.80	5.20	7.90	12.30	15.70	17.40	16.00	12.10	11.00	4.50	3.20	9.71
1926	4.50	7.40	6.90	9.70	10.80	14.10	17.20	16.90	15.30	8.50	6.80	4.10	10.18
1927	4.80	4.10	8.00	8.80	12.20	13.40	16.10	16.10	13.00	10.90	6.50	2.10	9.67
1928	5.60	6.20	7.00	8.80	11.40	13.80	17.80	16.00	13.50	10.80	8.00	3.50	10.20
1929	1.30	0.20	6.40	7.10	11.70	13.90	17.00	16.40	16.90	10.20	7.10	6.30	9.54
1930	6.20	2.90	5.80	8.70	11.30	16.00	15.90	16.60	14.20	11.00	6.50	4.40	9.96
1931	3.70	4.30	4.70	8.20	11.90	15.20	15.90	15.10	12.00	9.30	8.00	5.30	9.47
1932	6.40	2.70	5.00	7.50	11.10	14.30	16.60	18.20	13.70	9.50	6.80	5.90	9.81
1933	2.30	4.60	8.10	9.50	12.90	16.00	18.70	18.60	15.70	10.30	5.80	1.40	10.33
1934	4.00	3.50	5.40	8.60	12.20	15.80	19.10	16.20	15.40	11.10	6.60	8.20	10.51
1935	4.90	6.10	6.90	8.50	10.30	15.60	18.30	17.70	14.50	10.00	7.30	3.20	10.28
1936	4.40	3.00	7.50	6.80	11.90	15.30	15.80	17.00	15.00	9.50	5.60	5.40	9.77
1937	5.40	6.50	4.20	9.70	12.80	15.00	16.90	18.00	14.20	11.00	5.10	3.30	10.18
1938	6.10	5.10	9.90	7.80	11.20	15.50	16.40	17.20	14.50	10.90	9.90	4.40	10.74
1939	4.80	6.10	6.20	9.50	11.80	14.60	15.90	17.00	15.00	8.90	9.40	3.10	10.19
1940	-1.30	2.90	6.70	9.40	13.20	16.90	15.80	16.60	13.90	10.00	7.30	3.70	9.59
1941	0.90	4.30	5.40	7.20	9.60	15.90	18.30	15.30	14.70	10.50	7.10	5.50	9.56
1942	0.70	0.10	5.60	9.70	11.80	15.50	16.30	17.30	14.30	10.90	5.20	7.00	9.53
1943	5.60	6.10	7.00	11.60	12.90	15.20	17.40	17.10	14.00	10.90	6.40	3.50	10.64
1944	6.10	3.60	5.70	11.00	12.40	14.30	17.30	18.10	13.20	9.90	6.70	3.40	10.14
1945	0.60	7.80	8.50	10.90	13.10	15.20	17.40	16.50	15.00	12.30	7.20	5.30	10.82
1946	3.00	6.70	5.50	10.50	11.00	13.80	17.50	15.70	14.70	10.40	8.40	3.00	10.02
1947	2.10	-2.30	4.50	9.50	14.10	16.40	18.10	19.40	15.90	10.70	7.70	5.50	10.13
1948	6.10	5.00	8.80	9.60	12.00	14.20	16.60	16.00	14.90	10.30	7.40	6.20	10.59
1949	5.80	5.90	5.30	10.80	11.70	15.90	18.70	17.80	17.30	12.40	6.70	6.20	11.21
1950	4.20	6.10	7.90	8.30	11.60	16.90	16.60	16.50	13.60	10.00	6.10	1.40	9.93
1951	4.50	4.10	4.80	7.50	10.50	14.60	17.20	15.80	14.80	9.40	8.90	6.00	9.84
1952	3.20	3.60	7.20	10.30	14.30	15.50	17.90	16.90	11.40	9.20	4.20	2.70	9.70
1953	3.10	4.20	5.60	8.00	13.10	14.60	16.00	17.00	14.30	10.20	8.60	7.20	10.16
1954	2.90	3.30	6.50	7.80	11.50	14.10	15.00	15.30	13.50	12.50	7.40	7.00	9.73
1955	2.90	1.70	3.50	10.10	10.30	14.70	18.10	18.90	14.70	9.60	7.00	5.80	9.78
1956	3.80	-0.50	6.50	7.40	12.60	13.70	16.70	14.50	14.80	9.70	6.00	5.80	9.25
1957	5.80	6.10	9.80	9.30	10.80	16.10	17.40	16.20	13.30	11.50	6.30	4.50	10.59
1958	3.80	5.60	4.30	7.90	12.20	14.90	16.60	16.50	15.50	11.20	6.70	5.00	10.02
1959	2.10	4.20	7.70	10.20	13.00	16.00	18.40	18.10	15.60	12.60	7.10	6.30	10.94
1960	4.10	4.70	6.80	9.40	13.30	16.80	15.70	15.70	13.80	10.90	7.80	4.40	10.28
1961	4.20	7.60	8.60	10.70	11.70	15.50	16.50	16.60	15.90	11.20	6.20	2.50	10.60
1962	4.60	4.50	3.30	8.30	10.90	14.60	16.00	15.50	13.30	10.80	5.60	1.30	9.06
1963	-3.00	-0.70	6.40	9.40	11.20	15.50	15.90	14.90	13.60	11.60	8.80	2.40	8.83
1964	3.50	4.90	4.60	9.10	13.90	14.60	17.30	16.70	15.10	9.20	7.70	3.90	10.04
1965	3.80	3.40	5.90	8.90	12.30	15.00	14.80	15.60	13.00	11.10	5.10	5.30	9.52
1966	2.90	6.80	6.90	8.10	11.70	16.10	15.70	15.50	14.40	11.00	5.60	6.10	10.07
1967	4.90	5.90	7.70	8.40	11.50	14.70	17.90	16.50	14.30	11.50	5.90	4.50	10.31
1968	4.60	1.90	7.20	8.70	10.50	15.60	15.90	15.90	14.60	13.20	6.70	3.10	9.83
1969	6.10	1.60	4.20	8.40	12.30	14.70	18.10	17.20	14.30	13.30	6.10	3.60	9.99
1970	4.20	3.60	4.10	7.50	13.80	17.00	16.20	16.60	15.30	11.20	8.50	4.20	10.18
1971	4.80	4.70	5.50	8.10	12.30	13.00	18.10	16.50	14.70	11.60	6.40	6.60	10.19
1972	4.20	4.80	7.30	8.80	11.20	12.70	16.40	16.20	12.40	11.10	6.70	6.10	9.83
1973	4.50	4.50	6.60	8.10	12.20	15.90	16.50	17.70	15.30	9.20	6.50	5.30	10.19
1974	6.40	5.90	5.80	8.40	11.50	14.60	16.10	16.00	12.80	8.00	7.50	8.20	10.10
1975	7.20	4.80	5.10	9.10	10.30	15.50	18.60	19.60	14.30	10.30	6.20	4.60	10.47
1976	5.90	4.90	5.30	8.50	13.10	18.51	19.60	17.90	14.30	11.20	6.30	2.10	10.63
1977	3.00	6.10	7.40	7.70	10.90	12.60	16.50	15.90	14.00	11.90	6.70	6.40	9.93
1978	3.30	2.60	6.70	6.40	11.70	14.20	15.50	15.40	14.50	11.90	8.50	4.20	9.58
1979	-0.10	1.20	4.90	8.20	10.70	14.70	17.50	15.60	13.20	11.50	7.00	6.30	9.23
1980	2.30	6.10	4.70	8.90	11.10	14.70	15.10	16.60	15.30	9.20	6.60	3.50	9.51