1947	1.3	-2.2	3.1	8.65	13.95	16.35	17.6	19.25	15.5	11.15	6.55	4.5	9.64	
1948	4.8	4.25	8.0	9.2	11.35	13.4	15.4	15.05	14.05	10.0	6.15	5.1	9.73	
1949	4.5	5.3	4.25	10.05	10.65	14.4	17.1	16.9	16.45	11.05	5.9	5.25	10.15	
1950	3.6	4.9	6.95	6.85	10.4	16.0	16.2	16.0	12.7	9.4	5.4	0.55	9.08	
1951	3.15	3.1	3.75	6.55	9.55	13.35	16.4	15.05	14.2	9.45	7.8	4.75	8.93	
1952	2.05	2.8	5.95	9.25	12.85	14.35	16.45	16.5	11.15	8.6	3.7	2.7	8.86	
1953	3.1	4.1	5.45	6.9	12.4	13.6	15.4	16.1	13.75	9.1	7.55	6.1	9.46	
1954	2.0	0.9	4.9	7.1	11.15	13.05	13.85	14.3	12.4	11.55	6.15	5.75	8.59	
1955	1.65	0.05	2.45	9.05	9.05	13.15	17.05	17.75	14.35	9.4	7.0	4.75	8.81	
1956	2.4	-0.95	5.55	6.1	12.15	12.55	15.6	13.3	14.0	9.1	5.95	5.15	8.41	
1957	4.85	4.65	8.45	8.0	10.0	14.7	16.05	14.95	12.35	10.55	5.95	4.1	9.55	
1958	2.65	4.15	3.15	7.1	11.4	13.3	15.8	15.85	14.75	10.3	5.65	3.75	8.99	
1959	0.9	4.15	6.9	9.45	11.95	15.35	17.6	17.8	15.1	12.45	6.05	5.4	10.26	
1960	3.4	3.3	5.4	8.75	12.6	15.9	15.2	15.0	13.05	10.0	6.7	3.65	9.41	
1961	2.7	6.45	8.25	9.45	10.3	15.0	14.8	15.35	15.1	10.45	5.7	1.55	9.59	
1962	3.85	4.1	2.3	7.2	9.7	13.7	14.25	14.45	12.65	10.15	4.85	1.0	8.18	
1963	-1.95	-1.6	5.4	7.95	10.35	14.4	14.95	13.65	13.05	10.5	7.6	2.5	8.07	
1964	2.35	4.05	3.35	8.7	13.25	13.6	16.15	15.8	13.95	8.6	6.8	2.6	9.1	
1965	2.95	3.1	4.75	7.85	11.4	14.2	13.35	14.6	12.65	10.45	4.15	3.75	8.6	
1966	1.85	4.9	6.2	6.6	11.0	15.4	14.7	14.75	13.8	9.85	5.0	4.5	9.05	
1967	3.7	5.05	7.3	7.4	9.95	13.8	17.1	15.8	13.55	10.75	5.05	3.5	9.41	
1968	3.85	1.7	6.4	8.3	9.65	14.5	14.55	15.25	13.6	12.3	6.1	2.25	9.04	
1969	4.95	0.15	2.7	7.05	11.05	13.4	17.05	15.8	13.55	12.3	4.65	2.75	8.78	
1970	3.0	2.7	3.15	6.5	12.7	16.0	15.55	15.95	14.25	10.65	7.1	3.8	9.28	
1971	3.85	4.45	4.8	7.25	11.15	11.9	17.05	15.65	14.4	11.45	5.65	5.85	9.45	
1972	3.25	3.65	6.1	8.2	10.8	12.3	14.85	15.2	11.6	10.25	6.35	4.75	8.94	
1973	4.1	4.2	6.4	7.05	11.2	15.3	15.75	16.35	14.5	9.1	5.4	4.35	9.48	
1974	5.05	5.1	5.2	7.05	10.95	13.35	15.0	15.45	12.0	7.65	5.95	7.4	9.18	
1975	6.15	3.8	4.4	8.3	9.45	14.35	17.4	19.15	13.7	9.7	5.45	4.95	9.73	
1976	5.1	4.25	4.55	7.8	11.8	17.15	18.25	17.1	13.25	10.35	5.35	1.55	9.71	
1977	2.2	4.15	6.4	6.95	9.95	12.35	15.5	15.3	13.45	11.35	6.2	5.65	9.12	
1978	2.5	1.55	6.75	5.85	10.65	13.7	14.45	15.0	14.1	11.75	8.1	3.15	8.96	
1979	-0.75	0.65	4.4	7.65	10.25	14.1	16.15	15.25	13.7	10.75	6.15	5.25	8.63	
1980	1.7	5.0	4.4	8.4	10.35	13.95	14.25	15.75	14.65	8.7	6.25	5.1	9.04	
1981	4.15	2.65	7.5	7.1	11.15	13.35	15.9	16.15	14.75	8.1	7.15	-0.75	8.93	
1982	1.9	4.3	5.95	8.45	11.7	15.3	16.45	16.0	14.3	9.85	7.35	3.55	9.59	
1983	6.2	1.1	6.35	6.55	9.7	13.75	18.85	17.2	13.45	10.25	7.15	4.9	9.62	
1984	2.7	2.65	4.35	7.5	9.35	14.35	16.5	17.3	13.5	10.9	7.55	4.6	9.27	
1985	0.6	2.0	4.3	8.15	10.35	12.25	16.1	14.7	14.75	11.2	3.65	6.0	8.67	
1986	2.85	-1.55	4.8	5.7	11.5	14.35	16.1	13.6	11.6	10.55	7.35	5.45	8.52	
1987	0.5	3.15	3.85	9.95	9.75	12.8	15.7	15.55	13.65	9.45	6.15	5.45	8.83	
1988	4.7	4.45	5.85	8.0	11.45	13.95	15.05	15.75	13.3	10.3	5.0	6.95	9.56	
1989	5.75	5.45	7.2	6.15	12.95	14.65	17.8	16.9	14.95	11.7	6.15	4.7	10.36	
1990	6.1	7.1	8.5	8.15	12.6	13.65	16.7	18.65	13.5	11.95	6.5	4.3	10.64	
1991	2.8	1.7	7.7	7.7	10.65	12.1	18.0	17.7	14.75	10.2	6.15	4.45	9.49	
1992	3.1	5.4	6.95	8.7	13.4	15.95	16.45	15.75	13.3	7.6	6.75	2.95	9.69	
1993	5.2	4.5	6.25	9.25	11.25	14.6	15.2	14.65	12.3	8.25	4.6	4.85	9.24	
1994	4.65	2.35	7.4	8.3	10.1	15.1	18.6	16.2	12.8	9.5	9.1	5.85	10.0	
1995	4.0	6.1	5.15	8.8	11.7	13.65	19.0	18.6	13.75	12.85	7.35	1.95	10.24	
1996	3.2	2.3	3.65	8.25	9.25	14.5	16.75	16.85	13.6	11.35	5.5	2.6	8.98	
1997	1.95	6.55	8.25	8.85	11.4	13.9	16.65	19.2	13.9	9.9	8.05	5.45	10.34	
1998	4.7	7.4	7.75	8.0	12.5	14.35	15.6	16.05	14.4	10.35	5.2	4.9	10.1	
1999	5.15	5.0	7.4	9.55	12.95	13.8	17.6	16.3	16.05	10.75	7.4	4.15	10.51	
2000	4.75	5.75	7.25	7.95	11.75	14.85	14.95	17.15	14.95	10.3	6.6	4.9	10.1	
2001	2.6	4.2	4.8	7.4	12.35	14.05	17.45	17.4	13.2	13.35	7.1	3.4	9.78	
2002	4.95	6.85	7.3	9.35	12.15	14.9	16.3	17.5	14.35	9.7	7.7	5.05	10.51	
2003	4.25	3.65	7.55	9.85	12.6	16.35	17.6	18.25	14.95	9.4	7.8	4.45	10.56	
2004	4.8	5.4	6.45	9.8	12.45	15.85	16.1	17.85	14.9	10.55	7.5	5.5	10.6	
2005	5.55	4.1	7.0	9.0	11.45	15.6	16.75	16.45	15.3	12.9	6.2	4.35	10.39	
2006	4.1	3.75	4.65	8.35	12.35	16.2	20.0	16.35	17.05	12.95	7.95	6.0	10.81	
2007	6.8	5.8	6.95	11.3	11.75	15.0	15.65	16.2	14.45	11.2	7.3	4.85	10.6	
2008	6.5	5.15	5.9	7.9	13.15	14.55	16.85	17.1	13.9	10.15	6.9	3.4	10.12	
2009	3.1	4.0	7.1	9.95	12.35	14.8	16.8	17.25	14.7	11.35	8.25	2.95	10.22	
2010	1.35	2.2	6.35	9.3	11.05	15.45	18.05	15.8	14.25	10.45	5.15	-0.7	9.06	
2011	3.7	6.2	6.85	12.0	12.6	14.7	15.85	16.2	15.75	12.65	8.8	5.45	10.9	
2012	5.45	3.9	8.25	7.4	11.7	13.8	15.95	16.95	13.45	9.25							