1949	3.70	5.00	6.50	14.60	99	20.40	99	21.90	99	14.70	7.30	3.50	13.03
1950	2.10	99	99	99	99	21.30	23.90	21.40	17.00	13.10	6.90	2.90	12.37
1951	4.10	4.20	6.40	11.80	14.50	19.20	21.70	20.50	19.10	11.40	8.30	3.90	12.01
1952	1.90	4.00	8.20	12.90	16.50	21.10	24.00	21.10	15.10	11.30	6.20	3.10	12.18
1953	1.70	3.70	8.90	12.90	18.30	17.20	21.50	21.40	18.30	13.50	7.00	6.40	12.29
1954	1.70	1.90	7.90	11.30	15.10	19.70	20.50	19.60	18.10	12.50	7.60	5.00	11.86
1955	3.90	4.00	6.40	13.30	16.00	19.60	21.50	20.30	17.90	12.60	6.80	4.60	12.28
1956	3.10	-1.10	6.60	9.70	17.10	18.70	21.20	20.70	18.00	11.60	6.90	3.70	11.43
1957	2.10	5.40	9.30	12.20	13.90	18.60	21.70	20.20	17.50	13.10	8.50	2.90	12.18
1958	2.70	5.70	6.10	9.80	18.30	19.40	22.20	22.00	19.30	13.00	8.70	3.50	12.51
1959	3.00	5.60	9.70	12.20	16.00	20.30	23.10	20.80	18.40	12.20	6.80	4.10	12.63
1960	2.70	3.00	8.00	12.50	16.80	19.90	19.70	19.60	15.70	11.30	7.50	4.00	11.73
1961	1.30	6.20	10.60	13.70	15.30	19.60	20.60	21.80	20.80	13.60	6.80	3.80	12.86
1962	4.10	4.60	5.10	11.40	14.70	19.10	21.50	22.90	18.20	13.60	6.50	2.10	12.12
1963	0.20	1.60	6.70	11.60	15.50	18.20	22.40	20.00	17.50	12.70	9.00	2.80	11.46
1964	1.50	5.20	6.70	12.10	17.20	20.40	22.30	20.50	17.90	12.30	8.60	4.00	12.29
1965	3.50	2.60	7.10	11.90	15.40	19.70	21.20	20.30	15.00	12.50	6.90	3.70	11.67
1966	1.10	6.40	8.40	12.40	16.60	20.30	20.20	19.50	18.90	14.30	5.50	3.10	12.28
1967	2.90	4.20	9.70	11.20	15.70	19.50	23.50	21.00	16.90	13.70	8.20	3.50	12.47
1968	2.80	5.10	8.50	12.70	14.80	18.70	21.30	18.80	16.70	13.90	7.90	3.00	12.06
1969	2.10	2.20	6.90	11.00	16.70	17.60	22.10	20.70	17.60	13.90	7.80	2.40	11.80
1970	2.80	4.40	6.40	10.10	15.00	20.20	21.60	21.20	19.20	12.60	8.20	2.40	12.01
1971	2.10	5.90	5.90	13.10	15.70	18.30	23.20	23.10	18.00	13.30	7.40	4.30	12.37
1972	3.40	6.20	8.90	11.80	15.10	18.30	21.40	20.70	14.40	12.10	8.00	3.70	12.05
1973	3.40	5.10	7.90	10.20	15.90	20.10	21.50	22.50	19.00	12.20	7.60	3.00	12.42
1974	5.00	5.70	8.30	11.50	15.60	18.70	22.60	22.70	17.70	9.10	7.10	6.50	12.25
1975	4.90	5.10	6.90	12.30	15.30	18.50	22.50	21.60	18.90	12.00	7.00	4.40	12.62
1976	4.90	5.50	7.10	11.60	17.50	21.60	23.20	19.40	15.80	12.90	8.20	4.00	12.68
1977	2.30	5.30	9.40	11.60	14.10	18.00	20.60	20.40	16.90	14.30	8.20	4.10	12.09
1978	3.40	2.90	8.20	9.90	13.50	17.70	20.90	20.80	17.90	12.80	7.10	3.80	11.60
1979	2.00	5.00	7.50	10.00	14.40	19.60	21.00	19.20	17.10	12.70	7.30	5.20	11.63
1980	2.70	5.80	7.20	10.80	12.80	17.50	19.20	21.80	18.70	12.10	7.20	3.90	11.75
1981	3.20	3.80	9.00	12.10	14.30	19.90	20.30	21.40	17.90	12.50	7.20	3.50	12.12
1982	3.90	3.80	7.30	11.70	16.10	20.70	22.80	20.30	18.90	11.60	8.60	5.60	12.43
1983	5.20	2.80	8.20	10.80	13.40	19.80	24.30	21.30	18.10	13.70	7.60	3.90	12.57
1984	3.80	4.00	7.20	11.20	12.00	19.40	23.20	20.50	15.90	12.80	8.70	5.90	11.88
1985	0.60	3.90	6.70	12.00	14.90	18.60	23.10	21.50	19.10	14.20	6.30	6.00	12.23
1986	4.00	2.20	7.60	9.80	17.50	19.80	22.00	21.30	17.90	14.40	9.30	4.90	12.65
1987	2.60	4.50	5.70	12.20	14.50	18.00	21.90	21.10	19.90	13.20	8.80	5.40	12.28
1988	5.20	5.80	9.10	12.30	15.70	18.20	22.20	21.90	18.00	14.40	6.10	5.80	12.86
1989	4.00	6.40	10.60	10.40	16.40	18.90	22.40	21.70	17.60	13.40	7.90	4.70	12.96
1990	3.10	7.70	11.10	11.30	17.60	19.00	22.80	22.40	18.50	14.20	7.90	3.20	13.36
1991	3.60	3.10	10.20	11.10	14.40	19.20	24.20	24.30	20.20	12.50	7.70	4.10	12.81
1992	3.60	6.40	9.30	12.00	17.50	18.10	22.00	23.70	17.50	11.30	9.30	4.70	12.90
1993	4.30	4.90	8.40	11.90	16.40	20.30	20.80	22.70	16.90	12.20	7.20	5.20	12.56
1994	5.10	4.40	11.60	11.60	16.30	20.20	24.50	23.60	17.40	12.50	10.50	6.00	13.57
1995	3.60	6.80	7.70	12.80	16.10	18.30	23.90	21.50	15.70	15.00	9.00	4.90	13.03
1996	4.80	4.10	7.40	12.80	15.90	21.10	21.30	20.50	15.30	13.00	8.80	4.90	12.49
1997	4.10	6.70	11.50	12.20	16.30	18.60	21.00	22.40	19.70	14.10	8.20	5.60	13.31
1998	4.30	7.00	9.30	10.70	16.50	20.00	22.70	22.40	17.00	12.60	6.40	3.90	12.88
1999	4.20	4.50	8.70	12.30	17.40	19.40	22.60	21.40	18.80	13.30	7.80	3.80	12.86
2000	3.80	6.50	9.80	11.80	17.50	21.40	99	21.90	18.50	13.60	7.80	5.80	13.31
2001	3.80	6.50	9.20	11.60	17.50	19.60	21.90	22.50	15.90	15.30	8.10	3.20	13.14
2002	2.50	6.50	10.40	12.30	15.80	22.00	21.50	21.10	17.40	13.70	10.50	6.20	13.07
2003	4.20	2.90	9.80	12.10	18.70	24.90	24.00	25.20	18.30	11.90	8.60	5.00	13.90
2004	3.60	4.70	7.70	11.60	14.60	21.00	22.10	21.40	18.90	14.20	8.30	4.40	12.76
2005	3.50	3.60	8.30	11.40	17.20	21.40	22.90	20.90	18.40	13.10	7.70	2.40	12.73
2006	2.20	3.60	7.10	12.40	16.70	21.50	24.30	19.90	19.10	14.80	9.70	5.40	12.81
2007	6.30	7.10	9.90	15.60				
