1763	-0.92	5.62	7.2	12.95	15.57	20.46	24.12	23.98	17.78	11.45	6.59	3.9	12.39
1764	2.5	5.86	7.14	11.78	19.33	22.55	23.52	21.46	17.82	11.92	7.43	4.58	12.99
1765	5.47	2.36	8.86	13.2	16.92	21.52	20.75	21.67	19.0	14.01	7.59	1.29	12.72
1766	-2.47	1.63	8.04	13.21	17.38	22.54	22.58	23.16	18.88	13.04	9.97	2.06	12.5
1767	-4.7	4.0	8.26	11.42	16.12	19.93	24.72	21.96	17.54	13.2	6.7	1.13	11.69
1768	-0.79	2.06	6.45	13.57	16.93	19.92	24.5	23.99	17.84	12.57	8.08	1.55	12.22
1769	3.07	3.18	7.56	13.43	18.03	22.76	23.11	23.3	19.88	10.71	8.77	3.38	13.1
1770	0.12	4.83	7.63	12.19	16.99	22.32	22.83	23.08	21.26	13.92	8.58	1.81	12.96
1771	2.79	2.91	7.24	10.82	19.35	21.24	24.58	23.56	19.8	14.3	5.85	5.43	13.15
1772	2.59	7.04	10.61	13.31	17.03	23.23	25.05	23.48	19.64	15.57	10.04	5.09	14.39
1773	2.73	2.52	7.14	12.68	17.17	20.02	22.4	21.79	20.04	15.59	7.69	4.99	12.9
1774	1.0	3.54	8.99	13.56	16.97	21.73	23.51	24.66	18.73	12.09	5.52	-0.76	12.46
1775	1.2	6.13	9.68	13.13	16.98	22.28	25.01	22.92	20.22	15.25	7.47	1.49	13.48
1776	0.04	3.59	9.78	13.84	16.12	21.62	24.36	23.55	18.4	13.66	6.33	1.06	12.7
1777	-2.39	1.44	10.25	12.28	16.22	20.38	22.57	23.64	19.57	13.91	8.86	0.03	12.23
1778	1.11	1.88	7.73	14.4	18.57	20.75	25.16	24.15	18.48	13.32	8.0	4.8	13.2
1779	-0.41	6.04	9.33	15.76	19.83	19.61	23.98	22.87	21.21	15.75	7.05	5.03	13.84
1780	0.21	1.21	11.19	12.04	19.82	23.29	24.66	23.16	18.56	15.83	6.93	1.57	13.21
1781	0.52	4.04	10.01	14.6	18.99	21.41	25.23	23.78	19.61	12.54	7.39	4.55	13.55
1782	1.29	0.46	7.15	11.26	16.49	23.96	25.93	24.24	18.68	11.43	4.11	1.94	12.25
1783	1.9	5.02	7.64	14.43	18.04	20.7	25.25	22.7	19.69	15.51	7.5	2.24	13.39
1784	0.23	0.99	7.47	10.27	20.94	23.78	25.51	23.85	21.07	11.84	6.72	1.15	12.82
1785	1.41	2.13	3.85	10.95	18.55	22.88	24.36	22.9	22.38	13.86	8.17	4.89	13.03
1786	0.89	4.32	6.81	13.56	18.49	22.31	23.06	22.01	18.69	11.19	6.55	2.15	12.5
1787	0.28	3.61	9.14	12.52	16.01	23.55	23.71	25.1	19.24	14.55	8.49	5.0	13.43
1788	4.05	4.95	10.89	14.24	19.08	23.52	26.45	22.94	20.47	13.79	6.21	0.79	13.95
1789	-0.74	4.87	5.88	14.33	20.12	20.18	23.99	23.21	19.43	13.72	5.48	-0.18	12.52
1790	0.72	5.78	8.41	10.66	18.72	22.27	22.93	24.27	19.42	16.44	8.8	2.57	13.42
1791	3.76	4.87	9.6	14.99	17.0	20.7	23.7	24.68	19.9	13.25	6.7	4.74	13.66
1792	1.83	3.46	10.01	14.9	17.35	21.59	24.48	23.2	18.85	14.39	7.91	2.35	13.36
1793	-0.91	3.39	8.44	10.81	16.95	21.54	25.98	25.45	20.12	15.2	9.19	5.5	13.47
1794	3.65	7.41	10.5	15.82	17.43	22.18	26.0	23.04	17.78	13.16	9.58	1.82	14.03
1795	-3.95	-0.21	7.67	13.88	20.03	20.7	22.14	24.18	19.87	15.72	7.02	4.49	12.63
1796	3.76	5.0	6.21	12.22	16.85	21.39	23.72	24.11	20.92	14.28	9.04	0.86	13.2
1797	1.75	3.93	6.26	13.36	19.29	19.33	25.14	25.39	20.62	13.14	8.48	4.34	13.42
1798	2.92	6.19	8.1	12.99	18.61	21.3	24.15	23.84	19.52	13.09	6.27	0.11	13.09
1799	-3.2	2.9	8.84	11.13	16.49	19.74	22.91	23.34	19.85	14.14	6.32	1.18	11.97
1800	3.44	5.08	6.67	15.96	19.15	20.27	24.17	22.88	19.82	13.75	8.75	2.63	13.55
1801	2.39	4.98	10.05	13.5	18.05	21.04	23.07	22.53	19.8	14.34	9.29	2.71	13.48
1802	0.87	4.93	9.03	13.73	17.6	23.65	24.03	25.8	20.52	16.98	8.47	4.53	14.18
1803	3.55	-1.39	8.65	15.86	16.35	23.29	24.6	24.4	17.98	12.91	8.16	2.85	13.1
1804	5.72	1.9	7.31	12.53	19.27	24.1	23.6	22.14	19.68	14.46	6.75	2.38	13.32
1805	0.42	3.45	7.85	10.04	16.63	21.8	23.12	22.62	20.16	12.04	4.22	0.84	11.93
1806	0.91	5.91	8.21	10.65	18.21	22.69	23.25	21.8	18.81	13.49	9.1	5.02	13.17
1807	1.44	4.07	5.01	10.95	19.26	21.58	25.05	25.34	19.43	15.65	8.91	2.5	13.27
1808	-0.42	1.46	3.22	10.98	19.86	20.77	25.39	24.1	19.73	10.64	7.59	0.06	11.95
1809	1.24	6.1	8.33	9.32	18.56	21.77	23.06	23.33	18.48	13.33	6.02	3.01	12.71
1810	0.77	2.64	10.44	12.24	17.94	19.53	23.07	22.04	19.84	14.92	7.7	4.98	13.01
1811	-0.26	5.31	10.17	14.22	19.94	23.16	25.14	22.36	19.59	16.33	8.9	1.97	13.9
1812	-3.15	3.13	7.54	10.39	18.7	21.95	22.67	22.34	17.39	13.58	5.65	-0.37	11.65
1813	0.46	4.94	8.58	13.91	19.57	20.14	20.96	21.61	17.77	13.83	6.58	4.29	12.72
1814	0.46	-2.02	6.28	13.56	15.2	20.07	23.56	21.61	16.82	12.62	8.49	4.89	11.8
1815	-0.7	4.29	10.34	13.53	19.15	20.76	22.15	21.4	19.58	14.49	5.66	0.39	12.59
1816	0.2	0.82	6.78	11.57	16.72	19.5	20.93	20.61	17.94	13.98	6.34	0.78	11.35
1817	2.66	6.35	9.07	9.87	16.65	21.61	22.8	22.23	20.1	10.87	7.86	2.37	12.7
1818	1.56	4.78	8.92	13.13	16.72	21.71	24.15	21.82	18.88	14.09	8.42	2.13	13.03
1819	0.65	4.46	9.89	14.47	17.59	20.73	24.07	22.37	19.74	14.08	8.36	2.98	13.28
1820	-0.35	4.26	7.3	14.54	18.91	20.77	23.06	25.2	19.04	13.13	6.3	2.59	12.9
1821	1.67	3.3	7.37	13.29	17.75	18.63	21.85	23.54	20.19	13.13	8.18	3.04	12.66
1822	2.95	5.19	12.09	13.78	18.92	25.51	24.17	23.33	20.13	14.35	8.94	2.04	14.28
1823	-1.75	3.23	7.55	11.9	18.79	20.41	22.91	23.66	20.63	13.65	5.93	3.22	12.51
1824	1.92	5.76	7.72	11.9	17.42	19.42	25.34	24.03	20.04	13.78	8.77	5.19	13.44
1825	2.39	4.31	6.73	14.14	17.4	21.98	23.73	22.85	20.24	12.49	8.27	7.51	13.5
1826	-2.08	4.1	8.97	13.74	16.07	21.26	23.89	24.93	20.03	15.37	6.52	4.08	13.07
1827	1.3	1.39	9.45	13.54	18.19	21.92	25.16	22.26	17.84	15.23	5.4	2.93	12.88
1828	2.35	3.11	9.88	13.35	18.18	22.96	25.39	23.26	19.78	13.97	6.19	3.35	13.48
1829	0.6	0.04	7.38	12.75	17.73	20.93	23.95	21.43	18.09	12.8	5.24	0.03	11.75
1830	-4.05	-0.75	10.08	15.88	19.02	20.99	25.81	24.12	18.18	12.49	8.51	3.34	12.8
1831	1.11	3.2	8.92	12.77	16.21	20.67	23.81	21.87	17.79	15.7	7.52	4.28	12.82
1832	1.16	4.2	7.75	11.66	15.04	19.78	23.85	23.4	17.69	12.92	6.69	0.45	12.05
1833	0.06	5.09	7.3	11.09	19.47	21.81	20.76	21.15	15.23	11.8	7.3	4.3	12.11
1834	3.38	2.53	7.77	10.09	18.27	20.99	23.36	21.55	19.64	12.35	6.91	1.42	12.35
1835	1.97	4.75	7.57	11.63	16.71	19.93	23.52	20.95	16.82	10.8	1.63	-0.83	11.29
1836	-2.28	1.02	7.29	11.4	13.42	20.74	23.49	21.84	16.4	11.08	4.99	2.47	10.99
1837	-0.55	2.43	4.0	9.62	13.26	22.58	22.4	23.58	15.99	12.84	4.71	2.67	11.13
1838	-1.98	0.58	7.28	9.5	17.03	20.86	22.85	21.03	17.32	11.85	7.53	1.75	11.3
1839	0.75	2.42	6.34	10.68	15.99	23.02	24.65	21.42	18.44	14.85	8.51	5.59	12.72
1840	1.88	3.75	4.89	11.99	16.36	22.14	21.91	22.94	17.93	11.81	8.6	0.94	12.09
1841	-1.2	2.62	9.55	13.14	19.97	20.45	22.91	21.56	19.82	14.28	6.55	5.25	12.91
1842	-0.28	3.04	9.22	11.62	16.73	22.22	23.2	23.24	17.1	10.68	5.36	3.98	12.18
1843	3.43	5.7	8.31	12.62	15.2	18.17	20.46	21.06	18.6	12.74	7.55	2.25	12.17
1844	1.44	3.39	7.39	14.83	15.7	22.26	23.27	21.17	19.33	13.75	7.42	0.25	12.52
1845	4.21	0.8	5.4	12.62	14.64	21.68	23.49	20.28	18.19	13.92	7.63	4.09	12.25
1846	3.48	6.1	9.93	13.26	18.25	24.16	25.45	22.87	19.19	12.93	6.31	0.23	13.51
1847	1.69	3.29	7.61	12.2	20.44	19.23	24.16	22.32	17.18	13.0	6.14	1.85	12.43
1848	-1.39	2.14	7.97	12.92	18.39	22.14	23.92	22.66	17.8	13.28	4.39	1.67	12.16
1849	1.05	7.08	7.37	10.84	18.2	24.1	23.49	22.07	18.69	13.34	6.55	2.31	12.93
1850	-1.68	5.19	7.63	11.76	14.62	21.43	22.71	21.31	17.24	11.03	6.54	3.68	11.79
1851	3.36	4.24	7.64	12.79	15.15	22.23	21.65	22.03	15.51	14.19	3.34	1.4	11.96
1852	1.53	5.57	6.8	12.46	17.87	20.97	23.73	21.7	17.33	11.95	8.74	4.09	12.73
1853	3.02	1.87	5.02	11.24	16.17	20.23	24.58	23.47	17.97	12.62	7.88	-0.18	11.99
1854	0.59	2.86	9.0	13.02	16.96	20.51	23.94	21.92	18.27	13.52	5.09	3.36	12.42
1855	-1.37	0.48	7.32	12.67	15.06	20.7	23.32	23.75	18.44	14.91	7.88	-1.53	11.8
1856	1.93	6.34	6.85	12.25	15.6	21.9	22.6	23.43	16.98	12.99	3.82	1.53	12.19
1857	0.59	1.69	6.75	11.88	16.96	20.45	24.25	22.29	19.13	14.91	6.91	2.02	12.32
1858	-3.89	-1.97	6.67	14.09	16.0	23.54	22.21	21.36	19.6	15.02	4.16	2.71	11.62
1859	0.32	5.07	11.35	13.73	16.48	20.69	25.89	24.58	18.76	15.33	6.54	-1.39	13.11
1860	-0.2	0.76	6.22	10.39	18.05	20.55	22.1	21.53	17.48	11.65	5.37	0.9	11.23
1861	-1.64	4.54	8.54	12.34	17.8	22.25	23.33	25.75	19.48	14.22	5.77	0.05	12.7
1862	0.29	2.98	9.67	14.97	19.03	21.34	24.67	22.1	18.36	15.25	8.6	1.79	13.26
1863	3.09	4.26	8.51	14.91	18.89	22.08	24.15	23.85	18.43	13.89	7.59	2.96	13.55
1864	-3.17	1.22	8.09	12.32	17.57	21.59	24.71	23.24	19.33	11.85	7.01	3.35	12.26
1865	1.42	2.55	4.11	15.84	19.68	22.64	25.63	23.58	22.03	13.31	7.97	2.91	13.47
1866	3.35	6.64	8.58	13.3	16.17	23.22	25.2	22.45	19.62	12.46	7.03	3.79	13.49
1867	0.93	6.99	8.99	14.82	18.44	23.19	24.07	23.47	20.48	12.35	6.68	1.62	13.5
1868	-1.33	5.18	8.36	13.1	21.76	23.84	24.33	23.26	20.14	14.19	5.71	4.73	13.61
1869	0.4	6.88	5.81	14.22	19.42	19.89	25.95	22.76	20.09	11.71	6.15	3.1	13.03
1870	-0.18	2.92	8.01	13.53	20.15	22.63	25.3	21.01	18.26	12.76	7.54	0.95	12.74
1871	-1.09	2.74	9.44	14.93	17.58	18.89	25.47	23.54	21.45	12.31	5.6	-1.9	12.41
1872	1.4	5.18	9.08	14.94	17.07	22.07	25.25	22.65	20.71	14.71	8.25	5.19	13.87
1873	4.06	4.28	10.91	12.67	17.65	21.89	26.71	25.41	18.88	15.62	7.21	2.15	13.95
1874	-0.56	3.54	8.59	15.31	15.43	22.92	25.92	23.05	21.59	14.01	5.26	1.88	13.08
1875	1.61	1.46	5.47	12.99	20.33	22.76	23.31	24.73	20.39	13.61	5.96	1.54	12.85
1876	-0.08	4.76	9.3	13.22	15.45	21.85	25.71	24.05	18.68	16.14	5.01	3.34	13.12
1877	4.2	5.7	7.0	13.03	16.68	25.41	25.17	26.48	19.7	11.21	8.18	3.13	13.83
1878	1.47	7.0	8.7	13.78	19.3	22.04	24.75	23.55	19.96	14.03	5.67	-0.52	13.31
1879	2.28	6.18	10.44	12.08	14.88	23.51	23.72	26.07	20.05	13.69	4.94	-3.12	12.89
1880	-2.66	3.55	9.23	14.01	17.53	20.3	26.57	22.51	19.94	14.81	8.65	5.48	13.33
1881	-0.31	4.13	10.02	13.07	17.67	21.59	26.8	24.41	18.08	10.9	6.9	3.31	13.05
1882	2.47	5.21	11.59	13.18	18.13	22.05	24.05	23.55	17.51	13.46	7.19	3.54	13.49
1883	2.24	6.8	4.93	12.59	17.88	20.58	23.35	22.97	18.9	12.82	6.7	1.83	12.63
1884	3.33	5.62	10.4	13.26	19.31	18.63	24.72	23.28	18.64	12.04	4.88	2.96	13.09
1885	0.55	4.76	8.85	13.15	16.44	23.57	25.68	23.04	19.39	12.4	8.35	1.43	13.13
1886	0.85	3.75	7.62	14.12	18.5	20.99	24.63	23.25	21.17	14.52	7.9	2.36	13.3
1887	-0.86	2.35	8.03	11.87	15.93	22.95	25.54	23.89	19.74	10.47	5.98	1.85	12.31
1888	-0.56	2.46	7.05	11.78	19.04	22.64	22.34	23.0	19.84	12.16	6.69	2.94	12.45
1889	2.38	2.8	7.45	11.61	18.45	22.71	23.6	23.17	18.63	12.92	6.55	1.4	12.64
1890	2.74	3.36	8.62	12.61	17.82	22.33	22.66	23.79	18.79	12.46	6.28	0.85	12.69
1891	-1.0	3.09	8.16	11.68	17.01	21.9	24.19	22.51	19.82	14.7	6.49	3.21	12.65
1892	1.11	5.08	6.21	14.1	18.27	23.17	23.89	24.04	19.91	12.99	7.07	0.58	13.03
1893	-2.34	4.35	10.09	15.42	17.93	21.88	23.79	24.22	19.84	14.57	6.66	3.56	13.33
1894	-0.17	5.01	9.77	15.2	16.89	21.93	25.63	23.32	18.71	13.44	7.73	2.01	13.29
1895	-0.45	-0.94	7.24	13.43	17.52	21.73	24.97	23.19	22.42	13.44	7.78	3.33	12.8
1896	0.69	4.88	11.4	13.02	16.54	21.29	24.08	20.23	19.59	13.08	7.03	2.01	12.82
1897	3.51	6.7	11.1	14.17	17.46	24.05	25.72	24.09	19.22	13.33	6.44	2.26	14.0
1898	3.75	6.63	9.08	13.96	17.27	21.11	23.53	25.16	22.05	14.66	11.08	4.02	14.36
1899	5.7	6.51	9.32	13.52	18.02	21.89	25.17	25.01	20.46	13.96	8.41	1.36	14.11
1900	3.71	6.41	7.25	13.04	17.98	23.4	26.22	23.26	21.4	15.35	9.43	5.33	14.4
1901	1.73	-0.68	6.85	13.41	17.79	24.05	24.1	23.92	19.64	13.97	6.18	2.95	12.82
1902	2.78	4.35	9.91	15.1	15.5	21.21	25.71	23.8	19.64	12.95	5.37	3.75	13.34
1903	1.94	5.13	10.27	11.32	17.44	20.11	24.01	24.36	19.83	14.68	8.26	3.35	13.39
1904	3.42	5.32	8.54	14.47	20.43	24.06	26.93	24.46	18.37	13.83	7.03	3.52	14.2
1905	0.21	3.3	9.05	13.91	16.14	21.94	26.3	23.42	20.51	10.64	7.5	3.12	13.0
1906	1.83	3.66	8.85	12.9	18.63	23.26	24.69	25.07	19.48	15.01	8.43	2.94	13.73
1907	-0.03	2.8	8.88	12.57	18.62	23.29	24.16	25.25	20.54	15.3	8.46	5.44	13.77
1908	2.46	6.57	8.0	11.64	19.97	23.43	24.18	23.64	19.18	14.55	6.35	3.62	13.63
1909	1.8	2.27	6.52	15.66	19.09	21.3	24.13	24.56	19.43	15.23	7.72	4.94	13.55
1910	3.22	5.7	10.35	13.2	17.21	23.01	23.49	23.64	18.71	14.63	6.51	6.05	13.81
1911	0.88	3.47	9.03	13.77	18.4	21.61	26.67	25.58	21.22	12.87	9.2	5.05	13.98
1912	3.2	6.31	10.91	12.2	18.92	22.18	23.65	21.38	15.44	11.37	4.97	2.56	12.76
1913	1.96	2.81	9.24	12.73	17.9	22.85	22.38	22.86	18.6	13.78	8.36	3.18	13.05
1914	0.0	6.05	9.17	14.7	17.07	21.1	23.44	23.07	19.16	12.5	6.91	3.62	13.07
1915	1.47	1.74	8.23	12.43	19.27	22.36	23.8	22.45	17.39	11.72	5.33	5.21	12.62
1916	2.17	4.32	7.9	13.51	18.77	20.57	23.46	22.89	16.69	12.75	7.33	3.83	12.85
1917	0.54	0.32	5.42	10.88	18.19	23.24	23.88	22.97	20.71	11.93	5.93	1.65	12.14
1918	0.38	4.3	7.59	11.13	18.23	19.37	24.06	23.2	20.33	11.54	6.23	2.52	12.41
1919	3.91	3.0	8.02	11.94	17.49	22.75	21.7	24.38	20.37	10.85	4.07	2.76	12.6
1920	5.45	6.86	10.59	12.55	20.82	20.96	23.97	21.88	19.39	11.9	4.14	4.05	13.55
1921	5.26	5.04	9.59	11.91	18.38	21.92	25.03	23.12	19.61	15.83	6.38	2.77	13.74
1922	0.96	3.26	10.54	12.0	20.3	22.36	23.86	25.11	17.47	12.52	6.23	3.84	13.2
1923	3.11	5.3	10.24	12.86	19.07	19.28	26.01	25.49	19.61	15.6	9.01	4.13	14.14
1924	0.8	4.6	8.7	13.57	20.24	22.3	24.69	21.37	20.23	13.93	7.84	5.08	13.61
1925	3.63	5.89	7.35	12.88	17.51	22.97	23.53	23.55	18.21	14.39	7.94	1.47	13.28
1926	0.37	6.04	9.72	14.32	16.19	20.11	23.95	24.05	22.63	14.22	11.19	3.38	13.85
1927	3.53	3.24	9.77	15.03	18.94	22.3	24.8	24.61	19.88	14.25	9.47	3.98	14.15
1928	3.51	6.69	8.01	13.77	16.01	22.71	28.15	26.6	19.05	13.44	8.57	3.16	14.14
1929	-0.56	-1.56	9.46	11.87	18.59	23.2	25.21	23.05	21.64	13.34	7.94	4.47	13.05
1930	2.36	3.44	9.11	13.13	16.21	23.65	23.52	22.75	20.23	13.4	9.28	3.71	13.4
1931	2.52	3.49	7.25	11.69	18.54	24.66	24.63	22.77	16.78	13.49	8.29	2.2	13.03
1932	3.48	0.32	5.7	11.28	17.03	20.27	22.49	25.58	22.37	13.13	8.52	4.11	12.86
1933	1.53	3.18	8.82	13.86	16.86	19.0	25.1	24.91	19.56	14.19	5.76	-0.37	12.7
1934	1.52	5.28	8.73	14.4	19.94	21.54	25.07	22.38	20.47	13.28	6.73	3.91	13.6
1935	0.05	4.59	8.71	12.5	14.92	24.15	25.58	22.79	20.38	14.51	9.3	2.2	13.31
1936	5.16	5.03	10.53	12.49	18.25	21.57	24.34	23.79	19.04	10.75	6.52	3.77	13.44
1937	1.28	6.58	7.74	13.62	19.61	23.05	25.19	23.53	18.58	13.54	7.95	2.5	13.6
1938	1.64	5.04	12.54	12.1	16.47	24.1	24.89	23.66	19.03	14.51	8.62	2.56	13.76
1939	3.1	6.46	7.64	14.93	15.05	22.37	24.72	23.79	18.93	12.38	8.38	2.86	13.38
1940	-1.01	2.82	9.22	13.87	18.08	21.01	23.5	23.41	20.32	13.28	8.45	0.33	12.77
1941	0.45	3.09	8.96	12.3	15.14	22.37	24.88	23.0	19.56	13.05	6.48	3.34	12.72
1942	-0.63	2.04	9.44	13.08	18.24	22.94	25.08	24.35	22.06	16.42	7.16	3.04	13.6
1943	0.86	6.27	10.25	15.88	19.05	23.01	25.22	26.64	21.45	16.3	6.81	4.91	14.72
1944	2.73	4.32	8.58	15.24	18.57	21.66	24.64	26.2	19.78	13.29	6.71	2.23	13.66
1945	-1.64	4.15	11.91	16.16	20.59	25.03	27.76	23.96	21.59	15.13	7.05	3.64	14.61
1946	1.21	6.46	10.12	16.11	18.26	21.91	26.24	24.64	21.73	13.11	6.94	0.9	13.97
1947	-2.49	0.87	7.79	15.91	19.98	24.35	26.77	26.38	21.74	14.24	8.16	2.65	13.86
1948	3.89	5.13	12.09	14.5	18.38	22.39	22.57	23.57	20.55	15.12	8.46	1.92	14.05
1949	3.42	6.51	7.56	16.68	17.51	22.92	25.18	24.56	21.69	16.2	8.16	3.31	14.47
1950	1.93	6.44	11.56	12.54	19.88	25.03	28.12	25.07	20.47	14.78	7.64	3.17	14.72
1951	4.96	6.34	8.0	13.77	16.92	23.03	24.45	24.1	21.77	13.58	9.61	3.29	14.15
1952	2.36	3.26	8.75	15.75	19.25	24.48	27.39	24.68	18.48	13.09	6.9	3.24	13.97
1953	1.35	4.66	10.83	15.37	20.61	20.75	25.2	24.04	20.5	15.55	7.22	6.64	14.39
1954	0.25	1.93	9.91	12.68	17.29	22.44	23.15	22.14	21.02	13.57	8.25	4.96	13.13
1955	4.52	5.35	7.39	14.59	18.35	21.95	24.65	22.78	19.75	13.63	7.66	3.58	13.68
1956	2.25	-2.1	7.83	11.45	19.17	20.55	24.18	23.84	20.21	12.55	6.56	2.67	12.43
1957	2.13	6.13	10.85	13.07	15.62	21.51	24.76	23.31	19.11	12.98	8.56	2.13	13.34
1958	1.85	6.75	6.53	10.47	20.35	21.22	24.94	24.77	21.07	13.87	9.28	3.1	13.68
1959	2.32	5.58	11.15	14.06	17.82	22.77	26.14	23.55	19.48	12.92	8.04	4.47	14.02
1960	1.96	3.47	9.85	14.45	19.83	23.1	23.27	23.57	18.5	13.02	8.86	4.96	13.74
1961	1.91	8.59	12.82	16.49	18.18	23.17	24.19	25.24	23.44	15.15	8.43	3.89	15.12
1962	4.21	5.46	5.99	13.27	17.16	21.77	24.63	25.94	20.56	14.07	7.35	1.98	13.53
1963	-0.07	1.07	7.94	13.61	17.7	21.06	24.73	22.51	19.25	13.95	11.4	2.52	12.97
1964	1.58	5.86	8.36	15.33	19.83	23.85	26.47	24.26	21.79	15.37	9.49	5.46	14.81
1965	4.5	4.12	8.56	13.56	19.19	22.98	23.24	21.95	17.88	14.26	8.38	4.83	13.62
1966	2.07	9.53	12.39	17.8	21.18	23.06	22.18	21.68	19.7	14.8	5.53	2.73	14.39
1967	2.04	4.18	10.99	12.26	17.31	20.1	24.75	21.68	18.18	14.95	8.23	3.35	13.17
1968	2.23	5.41	10.36	14.44	16.03	19.45	23.3	20.81	18.93	14.63	8.67	2.56	13.07
1969	1.98	2.38	8.52	12.78	19.73	20.42	24.94	23.16	19.7	15.8	8.62	2.02	13.34
1970	2.98	4.63	7.28	12.29	16.45	22.47	24.55	23.37	21.09	13.79	9.18	1.82	13.32
1971	2.72	5.86	6.74	14.64	17.71	19.96	25.38	25.43	19.21	14.25	8.35	4.01	13.69
1972	3.95	7.13	10.61	12.34	17.03	20.92	23.51	22.59	15.5	12.65	7.99	3.55	13.15
1973	3.81	6.39	9.75	11.81	18.32	22.38	24.25	25.28	21.0	13.84	8.57	4.49	14.16
1974	6.09	8.14	10.17	13.47	17.79	21.49	24.95	25.14	19.65	10.19	7.86	5.75	14.22
1975	5.59	6.4	9.16	14.85	18.01	20.93	25.62	22.85	20.38	13.57	7.42	4.19	14.08
1976	4.25	7.21	8.39	14.23	19.86	24.12	25.44	21.25	17.03	13.89	8.53	4.01	14.02
1977	2.58	6.32	11.04	13.04	15.94	20.77	23.85	22.74	19.58	15.69	9.02	4.16	13.73
1978	4.26	2.85	8.81	11.7	16.04	21.05	22.85	22.35	20.51	14.5	7.62	3.72	13.02
1979	1.88	6.22	9.62	11.54	17.74	22.53	24.13	22.72	19.55	13.92	9.16	6.17	13.77
1980	3.52	6.98	9.34	13.19	16.06	20.8	23.02	25.36	21.87	14.18	7.02	4.82	13.85
1981	4.4	5.47	12.24	14.64	17.46	22.8	23.15	24.09	19.99	14.32	9.06	3.76	14.28
1982	3.78	4.01	9.33	13.68	18.76	23.39	25.35	23.15	22.22	13.45	9.18	5.37	14.31
1983	5.42	3.47	10.05	13.34	16.48	22.29	27.33	23.76	20.86	15.48	8.39	4.39	14.27
1984	3.69	4.16	8.5	12.91	13.37	20.68	24.89	22.38	18.31	14.16	8.61	5.15	13.07
1985	-0.64	3.99	8.41	13.71	16.91	20.77	25.55	24.23	22.21	16.07	6.63	5.49	13.61
1986	4.36	2.57	9.25	12.13	21.32	22.6	24.0	23.51	19.93	16.01	9.94	6.6	14.35
1987	3.49	6.01	8.67	15.7	17.92	22.21	26.58	24.81	22.79	13.94	9.29	5.65	14.76
1988	6.1	7.33	10.72	14.24	18.66	21.08	25.89	25.33	21.12	16.66	6.74	4.85	14.89
1989	2.97	7.9	13.1	12.55	19.46	21.09	23.98	24.24	19.43	14.03	7.44	3.63	14.15
1990	3.59	9.16	12.9	12.55	19.9	21.74	24.65	24.54	20.25	15.21	7.66	2.73	14.57
1991	3.49	3.56	12.16	12.81	15.59	21.45	26.33	25.96	21.75	13.15	7.86	3.69	13.99
1992	2.87	6.51	10.69	13.42	19.72	20.14	23.98	25.99	20.18	12.37	9.31	4.6	14.15
1993	4.83	6.19	9.61	13.59	19.39	23.09	22.68	24.69	18.11	12.8	7.11	4.97	13.92
1994	5.79	4.74	14.28	13.43	18.03	21.81	26.53	25.8	18.76	13.36	9.26	5.05	14.74
1995	3.74	7.0	8.76	13.96	17.6	19.96	26.32	23.22	17.45	15.32	8.05	3.94	13.78
1996	3.22	3.87	7.76	14.06	18.03	22.73	22.81	22.57	16.63	13.8	8.76	4.5	13.23
1997	4.21	7.48	12.97	13.27	18.83	20.65	23.56	24.07	21.57	14.64	8.51	4.8	14.54
1998	4.28	8.96	10.28	12.58	18.9	22.76	25.01	25.49	19.4	14.1	6.9	3.37	14.34
1999	4.77	5.83	10.16	14.43	19.72	22.02	25.01	23.78	20.62	14.07	7.57	3.37	14.28
2000	3.52	7.51	10.95	13.87	20.07	23.18	22.74	24.24	20.48	14.12	8.12	5.47	14.52
2001	3.58	6.93	10.29	12.54	19.5	22.8	26.61	27.61	19.12	18.3	8.93	3.96	15.01
2002	4.47	8.57	13.89	15.13	19.62	26.1	25.66	24.73	20.19	16.18	11.72	7.03	16.11
2003	5.13	5.5	13.19	15.13	23.06	29.0	28.59	30.94	22.24	14.43	11.0	7.33	17.13
2005	99.0	99.0	99.0	99.0	99.0	24.97	25.75	23.16	20.71	14.57	8.02	2.55	99.0
2006	1.92	4.24	9.1	14.3	19.15	23.42	99.0	22.62	21.93	16.49	10.58	6.23	13.63
2007	7.17	7.8	11.1	17.64	20.02	23.34	26.24	24.0	19.49	14.68	8.38	3.57	15.29
2008	5.33	6.77	10.96	13.36	18.76	22.12	24.81	99.0	19.9	15.87	9.14	3.87	13.72
2009	1.74	5.62	10.39	14.91	21.58	23.86	25.56	26.59	21.79	15.02