1763	-1.03	5.53	7.33	12.93	99	20.43	24.53	24.13	17.73	11.43	6.53	3.93	99
1764	2.73	6.03	7.13	11.73	19.33	22.53	23.53	21.43	17.73	12.03	6.93	4.53	13
1765	5.53	2.43	8.73	13.13	16.33	21.53	20.43	20.93	19.03	13.63	7.53	1.43	12.6
1766	-2.63	1.63	8.03	13.33	17.63	23.03	22.03	22.73	17.63	12.93	9.93	1.73	12.3
1767	-4.63	4.03	8.13	11.43	16.33	19.93	24.63	22.13	99	99	99	1.53	99
1768	-0.43	2.03	6.13	13.03	16.93	18.63	24.53	23.63	99	99	8.03	1.63	99
1769	3.03	3.03	7.43	10.53	17.03	22.63	23.03	99	99	10.73	8.73	3.43	99
1770	0.03	4.73	7.33	12.13	16.93	22.43	22.73	23.03	21.63	99	99	1.73	99
1771	2.93	2.93	7.33	10.73	18.93	21.13	24.53	23.63	19.73	12.63	5.93	5.53	13
1772	2.63	6.63	11.13	13.33	16.93	23.43	25.43	23.53	19.53	16.03	9.63	5.13	14.4
1773	2.63	3.03	7.03	12.53	17.03	99	21.53	21.43	20.03	15.53	7.63	4.93	99
1774	1.33	3.63	8.93	13.53	16.53	22.03	23.53	24.63	18.73	12.13	6.03	-0.73	12.5
1775	1.13	6.13	10.13	13.13	16.93	22.33	24.63	22.93	18.73	11.33	7.03	1.53	13
1776	0.33	3.53	9.63	13.73	16.03	21.53	24.33	23.53	18.33	13.63	6.73	1.13	12.7
1777	-2.43	1.73	9.63	12.33	16.33	20.43	22.13	23.63	19.43	14.03	8.73	0.13	12.2
1778	1.13	3.63	5.63	14.43	18.43	21.03	24.93	24.03	18.13	13.43	8.03	4.73	13.1
1779	-0.43	6.03	8.03	13.93	19.73	19.63	23.93	22.73	21.13	15.73	7.03	4.93	13.5
1780	-0.13	1.13	11.43	12.03	19.73	23.33	24.63	23.13	18.53	15.73	7.03	1.33	13.2
1781	0.53	4.03	10.43	14.43	17.93	21.43	25.93	23.53	19.63	12.43	7.33	4.43	13.5
1782	3.43	0.53	7.13	11.33	16.33	22.93	26.33	24.13	18.73	11.33	4.13	1.93	12.4
1783	1.93	5.03	7.33	13.73	18.13	20.13	25.03	22.63	18.73	15.43	7.53	0.33	13
1784	0.43	1.03	8.63	10.03	20.93	24.03	25.43	23.73	21.03	11.63	6.63	1.13	12.9
1785	1.43	2.13	3.33	11.03	18.53	22.93	24.53	23.73	22.53	14.03	8.13	5.13	13.1
1786	0.93	4.43	6.93	13.63	18.53	22.43	23.03	21.93	20.53	11.13	6.73	2.03	12.7
1787	0.33	3.63	9.13	12.53	15.13	23.53	23.63	25.03	19.33	14.53	8.33	4.73	13.3
1788	4.13	4.93	10.93	14.33	17.43	23.33	27.13	22.53	20.43	13.73	6.13	-1.03	13.7
1789	-1.53	4.73	5.93	14.33	20.43	20.43	24.03	23.13	19.53	13.93	5.63	-0.43	12.5
1790	0.53	5.43	7.73	10.43	19.63	22.33	22.73	24.53	19.43	16.33	8.73	2.63	13.4
1791	3.73	4.93	9.53	14.93	17.43	20.73	23.73	24.93	19.33	13.13	6.63	5.03	13.7
1792	1.93	3.43	9.63	14.93	17.43	21.63	23.73	23.13	18.63	14.43	7.93	2.53	13.3
1793	-0.93	3.53	8.53	10.73	17.13	21.43	25.93	25.43	22.33	15.13	9.03	5.43	13.6
1794	3.53	7.43	10.53	15.53	17.53	22.43	25.93	23.33	17.73	12.93	9.53	2.13	14
1795	-4.03	-0.43	7.73	14.33	19.53	20.43	21.93	24.13	19.73	15.63	7.03	4.53	12.5
1796	3.73	5.03	5.93	12.43	17.33	21.03	23.53	23.93	20.93	14.03	8.73	0.93	13.1
1797	1.63	3.73	6.33	13.43	19.43	19.43	25.13	25.43	20.53	12.73	8.43	4.33	13.4
1798	2.93	5.93	7.93	12.93	18.53	21.33	24.33	23.63	19.53	13.03	6.13	0.03	13
1799	-3.43	4.63	8.73	11.03	17.03	19.53	22.93	23.53	19.63	14.13	6.03	1.13	12.1
1800	2.93	5.03	6.63	15.93	19.33	19.43	24.13	22.93	19.73	13.53	8.73	2.53	13.4
1801	2.43	4.93	9.93	13.53	18.03	20.93	22.93	22.03	19.73	14.33	7.33	2.63	13.2
1802	0.93	5.03	8.93	13.63	17.53	23.53	24.03	25.73	20.53	17.03	8.53	4.53	14.2
1803	3.63	-1.33	8.43	99	16.53	22.73	24.63	24.43	99	12.93	7.93	2.93	99
1804	5.63	1.93	7.33	12.53	19.33	99	99	22.53	19.73	14.43	6.73	2.43	99
1805	0.53	3.53	7.93	10.03	16.63	21.63	23.13	22.63	20.13	12.03	4.33	0.63	11.9
1806	0.93	5.63	8.13	10.63	18.03	22.63	23.03	21.53	18.63	13.33	8.93	5.03	13
1807	1.43	3.93	5.03	10.93	19.33	21.63	25.13	25.13	19.43	15.63	8.93	2.53	13.3
1808	-0.63	1.53	3.33	11.03	19.63	20.73	26.13	22.13	19.63	10.53	7.53	0.03	11.8
1809	1.33	6.03	8.43	9.33	18.93	22.03	23.03	23.33	18.53	13.33	6.03	2.93	12.8
1810	0.73	2.63	10.43	12.33	17.93	19.53	21.03	22.03	19.93	14.93	7.63	4.93	12.8
1811	-0.33	5.43	10.13	14.43	19.93	21.03	25.13	22.43	19.63	16.33	10.03	2.13	13.9
1812	-3.13	3.13	7.53	10.43	18.73	22.63	22.63	22.33	17.43	13.63	5.63	-0.43	11.7
1813	0.53	4.93	8.63	13.93	19.53	20.13	21.03	21.63	17.73	13.73	6.53	4.33	12.7
1814	0.53	-2.03	6.33	13.53	15.13	20.03	23.53	21.63	16.73	12.63	8.53	4.93	11.8
1815	-0.63	4.13	10.43	13.53	19.13	20.73	22.13	21.33	19.53	14.53	5.63	0.43	12.6
1816	0.03	-0.13	6.53	11.43	16.93	19.53	20.93	18.43	18.53	14.03	6.03	0.33	11.1
1817	2.53	6.13	8.43	9.03	16.03	21.63	22.73	22.33	20.33	11.13	7.63	2.43	12.5
1818	1.43	7.73	8.93	13.03	16.63	21.63	24.43	22.03	18.93	14.13	8.63	2.13	13.3
1819	0.63	4.43	9.93	14.33	17.63	20.73	24.03	22.43	19.73	14.13	8.43	3.03	13.3
1820	-0.43	4.33	7.33	14.53	18.93	20.73	23.03	25.13	19.03	13.13	6.33	2.63	12.9
1821	1.63	3.33	7.43	13.33	17.73	18.63	21.93	23.53	20.43	13.13	8.13	3.03	12.7
1822	2.93	5.13	10.63	13.73	18.93	25.53	24.33	23.33	20.13	14.33	8.93	2.03	14.2
1823	-1.73	3.23	7.53	11.93	18.73	20.43	22.93	23.63	20.63	13.63	5.53	2.63	12.4
1824	1.93	5.43	7.53	11.53	17.43	19.43	25.33	24.13	20.03	13.73	8.73	5.23	13.4
1825	2.43	4.33	5.03	14.03	17.43	21.73	23.73	23.63	20.33	12.53	8.33	7.53	13.4
1826	-2.13	4.13	8.93	11.63	16.13	21.33	23.93	24.93	20.03	15.43	6.53	4.03	12.9
1827	1.13	1.43	9.43	13.53	18.23	19.73	25.13	22.33	17.83	15.23	5.43	2.93	12.7
1828	2.43	3.13	9.93	13.43	18.13	23.03	25.43	23.33	19.73	14.03	6.23	3.43	13.5
1829	0.63	0.03	8.13	12.63	17.53	21.63	23.93	21.53	18.03	13.03	5.13	0.33	11.9
1830	-4.03	-0.73	10.13	15.93	18.43	21.03	25.73	24.33	18.13	12.53	8.53	3.43	12.8
1831	1.13	2.93	8.93	12.73	16.23	20.63	23.83	21.63	17.73	15.73	7.53	4.33	12.8
1832	1.13	4.23	7.73	11.73	15.03	19.73	23.63	23.63	17.73	12.93	6.73	0.53	12.1
1833	0.13	5.03	7.33	11.03	20.13	21.93	20.73	19.53	15.13	11.73	7.43	4.43	12
1834	0.93	2.53	7.73	10.13	18.33	21.03	23.43	21.53	19.63	12.53	6.93	1.43	12.2
1835	1.93	4.53	7.53	11.43	16.43	19.53	24.03	20.03	16.63	10.63	3.13	-0.73	11.3
1836	-2.53	0.93	7.93	11.23	13.43	20.73	22.53	21.63	16.03	12.63	4.53	2.63	11
1837	-0.43	-2.43	4.13	9.53	13.13	22.13	22.03	23.53	16.13	11.13	5.03	2.13	10.5
1838	2.03	0.53	7.13	9.13	16.43	20.43	22.63	21.03	17.13	11.33	7.33	1.63	11.4
1839	0.73	2.43	6.23	10.63	15.23	22.63	24.23	20.63	17.93	14.43	8.43	5.43	12.4
1840	1.43	3.53	4.53	11.73	16.03	21.73	21.23	21.73	17.43	11.53	8.23	0.63	11.6
1841	-1.23	2.23	9.43	12.93	19.43	19.93	22.53	21.13	19.33	14.23	11.63	5.33	13.1
1842	-0.53	2.33	8.73	10.93	15.53	21.63	22.43	22.83	16.93	10.73	5.23	3.93	11.7
1843	3.43	5.53	8.03	12.43	15.13	18.43	20.73	21.23	18.53	12.73	7.53	2.23	12.2
1844	1.03	3.33	7.13	14.73	15.43	21.83	22.73	21.03	19.03	13.93	7.33	0.63	12.3
1845	4.33	0.73	5.13	12.23	13.93	20.73	22.93	19.53	17.83	13.53	7.83	3.93	11.9
1846	3.13	5.43	9.63	12.63	17.93	23.63	24.93	22.43	18.63	12.83	6.23	0.23	13.1
1847	1.53	3.03	7.33	11.93	20.53	18.83	23.83	21.63	16.83	12.83	5.93	1.73	12.2
1848	-1.23	1.63	7.53	12.53	17.93	21.83	23.43	22.53	17.63	13.13	4.53	1.83	11.9
1849	1.13	6.73	7.03	10.63	17.43	23.53	23.33	21.73	18.43	13.33	6.33	2.43	12.7
1850	1.63	4.63	7.33	11.33	14.23	21.13	22.23	21.13	16.63	10.63	6.23	3.53	11.7
1851	3.13	4.13	7.33	12.43	14.73	21.73	20.93	21.63	15.13	13.73	3.43	0.63	11.6
1852	1.33	5.13	6.33	12.03	17.33	20.53	23.33	21.53	17.23	11.93	8.73	4.23	12.5
1853	3.03	1.73	4.73	10.93	15.73	19.73	24.43	23.13	17.83	12.43	7.73	0.03	11.8
1854	0.53	2.63	8.63	13.03	16.63	20.33	23.33	21.83	18.23	13.53	5.13	3.23	12.3
1855	-1.53	0.43	7.13	12.43	15.03	20.23	23.03	23.53	17.73	14.73	7.73	1.53	11.8
1856	2.03	6.03	6.73	11.93	14.83	21.53	22.03	23.33	16.53	12.73	3.43	1.43	11.9
1857	0.33	1.43	6.53	11.53	16.53	20.63	24.03	21.83	18.63	14.63	6.63	1.73	12
1858	-3.73	-2.03	6.33	99	99	99	99	99	99	99	99	99	99
1859	-0.23	4.23	10.33	12.73	14.43	19.83	25.03	23.33	16.63	99	99	99	99
1860	99	99	99	99	99	99	99	99	99	99	99	99	99
1861	99	99	99	99	99	99	99	99	99	99	99	99	99
1862	0.33	3.03	9.73	15.03	19.83	21.43	25.23	22.03	18.43	15.43	9.13	-1.83	13.2
1863	2.53	2.83	8.03	14.03	18.03	21.43	24.23	24.13	18.33	13.23	6.73	2.03	13
1864	-3.93	0.43	7.33	11.63	17.13	21.03	25.23	22.53	17.93	11.13	6.43	2.73	11.6
1865	1.03	1.33	3.63	15.83	19.33	22.63	25.43	22.73	19.53	11.83	6.93	1.83	12.7
1866	2.93	6.23	8.03	12.93	15.53	22.63	24.73	23.13	19.53	12.23	6.53	3.23	13.1
1867	0.73	6.43	8.43	13.83	18.13	22.73	23.93	23.13	20.33	12.03	6.23	1.23	13.1
1868	-1.83	5.13	7.93	12.63	21.03	22.73	23.33	24.13	19.23	13.83	5.13	4.53	13.2
1869	0.03	6.43	5.33	13.73	18.83	21.13	26.03	22.23	20.33	11.63	5.73	2.93	12.9
1870	-0.53	2.83	7.33	13.13	19.73	22.33	25.13	20.63	18.13	12.53	7.03	1.03	12.4
1871	-1.43	2.23	8.53	14.13	17.33	18.63	25.43	23.43	21.03	11.93	5.13	-2.43	12
1872	1.13	4.83	8.53	14.53	16.63	21.63	24.63	22.43	20.53	14.13	7.73	4.63	13.4
1873	3.83	4.13	10.43	12.23	17.13	21.43	26.33	25.23	18.53	15.43	6.73	1.93	13.6
1874	-0.33	3.23	8.23	14.73	14.83	22.73	26.03	22.83	20.93	14.13	5.03	2.73	12.9
1875	1.23	1.23	5.03	12.43	20.03	22.03	22.63	24.13	20.23	13.53	6.63	2.33	12.6
1876	-0.33	4.13	8.73	12.83	14.83	21.43	25.33	24.03	18.43	15.93	5.13	3.43	12.8
1877	4.23	5.03	6.43	12.53	15.93	23.83	24.13	25.83	18.93	10.63	7.83	2.83	13.2
1878	0.93	5.43	8.03	13.43	19.03	21.63	24.23	23.33	19.53	13.83	5.53	2.53	13.1
1879	1.43	5.03	8.83	10.83	13.53	22.23	22.83	25.53	19.63	13.23	4.43	-3.73	12
1880	-3.43	3.03	8.83	13.43	16.83	19.63	25.93	21.73	19.53	14.53	8.13	5.03	12.8
1881	-0.73	3.63	9.43	12.73	17.23	21.03	26.63	23.93	17.63	10.73	6.43	3.13	12.7
1882	1.93	4.63	11.23	13.13	17.63	21.53	23.53	23.13	17.13	13.23	6.83	3.33	13.1
1883	1.93	6.43	4.43	12.13	17.33	20.23	23.03	22.63	18.43	12.43	6.33	1.63	12.2
1884	2.63	5.23	9.73	12.83	18.93	18.13	24.33	23.03	18.33	11.63	4.43	2.73	12.7
1885	0.23	4.33	8.43	12.73	16.03	23.13	25.23	22.73	19.03	12.13	8.13	1.23	12.8
1886	0.53	3.33	7.23	13.53	18.03	20.33	24.23	22.73	20.63	14.13	7.53	2.23	12.9
1887	-1.43	2.03	7.63	11.53	15.53	22.63	25.13	23.53	19.23	10.13	5.63	1.53	11.9
1888	-1.03	2.03	6.63	11.53	18.63	22.13	21.73	22.53	19.33	11.63	6.43	2.43	12
1889	2.13	2.23	7.13	11.33	18.03	22.13	23.13	22.83	18.23	12.73	6.23	1.03	12.3
1890	2.63	2.73	8.43	12.33	17.33	21.83	22.23	23.43	18.33	12.33	5.73	0.73	12.3
1891	-1.53	2.53	7.83	11.33	16.53	21.43	23.73	22.03	19.43	14.63	6.43	3.23	12.3
1892	1.13	4.93	5.93	13.73	17.73	22.73	23.53	23.73	19.63	12.83	7.03	0.33	12.8
1893	-2.73	3.93	9.93	15.13	17.43	21.53	23.53	23.93	19.63	14.33	6.53	3.43	13.1
1894	-0.43	4.63	9.43	14.83	16.63	21.73	25.33	23.13	18.33	13.13	7.63	1.73	13
1895	-0.53	-1.23	7.03	13.13	17.13	21.43	24.63	22.93	22.03	13.33	7.73	3.23	12.6
1896	0.33	4.43	10.93	12.73	16.23	20.93	23.73	19.83	19.33	12.93	6.83	1.93	12.5
1897	3.53	6.33	10.53	13.83	16.93	23.73	25.23	23.53	18.73	12.93	6.33	2.33	13.7
1898	3.33	6.13	8.73	13.53	16.93	20.63	23.13	24.73	21.43	14.33	10.73	3.63	13.9
1899	5.53	6.13	8.83	12.93	17.53	21.43	24.63	24.33	20.03	13.63	8.03	1.23	13.7
1900	3.43	6.23	6.83	12.53	17.43	22.93	25.53	22.63	20.83	15.03	9.33	4.93	14
1901	1.13	-1.33	6.63	13.03	17.33	23.53	23.63	23.63	19.13	13.63	5.53	2.73	12.4
1902	2.33	4.33	9.53	14.43	15.03	20.63	25.23	23.23	19.23	12.83	5.23	3.53	13
1903	1.73	5.03	9.93	11.33	17.13	19.73	23.73	24.13	19.53	14.63	8.23	3.43	13.2
1904	3.33	5.23	8.33	14.13	20.13	23.63	26.43	24.23	17.93	13.43	6.63	3.43	13.9
1905	0.03	3.03	8.63	13.43	15.73	21.43	25.93	23.03	20.13	10.43	7.43	3.03	12.7
1906	1.53	3.43	8.63	12.53	18.23	22.83	24.23	24.73	19.13	14.63	8.13	2.83	13.4
1907	-0.43	2.53	8.43	12.13	18.33	22.93	23.73	24.83	20.13	14.93	8.13	5.23	13.4
1908	1.93	5.93	7.53	11.23	19.63	22.83	23.53	22.93	18.63	13.93	5.93	3.43	13.1
1909	1.43	1.83	6.03	15.13	18.63	20.63	23.53	23.83	18.83	14.73	7.23	4.73	13
1910	2.83	5.43	9.83	12.73	16.43	22.33	22.73	22.93	18.03	14.03	6.13	5.93	13.3
1911	0.53	2.93	8.53	13.23	17.73	21.03	25.93	25.23	20.83	12.63	9.13	5.33	13.6
1912	3.13	6.13	10.63	11.93	18.43	21.73	23.43	21.13	15.13	11.13	4.93	2.63	12.5
1913	1.83	2.53	9.13	12.53	17.83	22.53	22.03	22.53	18.33	13.63	8.33	3.13	12.9
1914	-0.13	5.93	9.03	14.53	16.73	20.63	23.13	22.83	18.83	12.43	6.83	3.83	12.9
1915	1.53	1.73	8.13	12.23	18.93	22.13	23.73	22.23	17.23	11.53	5.33	5.43	12.5
1916	2.23	4.33	7.93	13.43	18.73	20.53	23.33	22.93	16.73	12.73	7.43	4.03	12.9
1917	0.73	0.43	5.53	10.93	18.23	23.23	23.93	22.93	20.63	11.83	5.83	1.83	12.2
1918	0.73	4.23	7.73	11.13	18.23	19.43	24.23	23.23	20.43	11.63	6.43	2.83	12.5
1919	4.03	3.13	8.03	12.03	17.53	22.83	21.73	24.43	20.33	10.83	4.33	2.83	12.7
1920	5.43	6.83	10.63	12.73	21.03	21.03	24.23	22.03	19.53	12.13	4.43	4.33	13.7
1921	5.23	5.13	9.63	12.03	18.43	22.03	24.93	23.33	19.83	15.93	6.43	2.93	13.8
1922	1.03	3.43	10.33	11.73	20.03	22.03	23.63	24.83	17.13	12.43	5.93	3.63	13
1923	2.83	5.03	9.83	12.53	18.83	19.03	25.83	25.43	19.13	15.23	8.73	3.93	13.9
1924	0.73	4.23	8.13	13.33	19.83	21.93	24.53	21.13	19.93	13.53	7.53	4.83	13.3
1925	3.43	5.53	6.93	12.43	17.23	22.53	23.03	22.83	17.83	14.03	7.73	1.23	12.9
1926	0.13	5.73	9.33	14.03	15.83	19.73	23.53	23.43	22.03	14.03	11.03	3.33	13.5
1927	3.53	2.93	9.43	14.63	18.53	22.03	24.53	24.43	19.53	13.83	9.23	4.03	13.9
1928	3.53	6.33	7.83	13.53	15.73	22.53	27.83	26.03	18.73	13.23	8.83	3.13	13.9
1929	-0.73	-1.43	8.83	11.43	18.33	22.93	25.03	22.93	21.53	13.43	8.13	4.63	12.9
1930	2.33	3.33	8.93	12.93	16.03	23.23	23.43	22.63	20.03	13.13	9.33	4.13	13.3
1931	2.63	3.43	7.23	11.53	18.43	24.63	24.53	22.73	16.53	13.33	8.53	2.13	13
1932	3.43	0.23	5.63	11.23	16.93	20.23	22.33	25.43	22.23	13.13	8.53	4.33	12.8
1933	1.83	3.43	8.93	13.83	17.13	19.03	25.43	25.13	19.53	14.23	6.03	-0.13	12.9
1934	1.63	5.23	8.73	14.33	19.93	21.83	25.13	22.43	20.33	13.23	6.83	4.33	13.7
1935	0.13	4.73	8.73	12.53	15.03	24.53	25.63	22.83	20.23	14.43	9.33	2.23	13.4
1936	5.13	4.93	10.43	12.43	18.23	21.73	24.43	23.93	18.93	10.43	6.63	3.63	13.4
1937	99	99	99	99	99	99	99	99	99	99	99	99	99
1938	99	99	99	99	99	99	99	99	99	99	99	99	99
1939	99	99	99	99	99	99	99	99	99	99	99	99	99
1940	99	99	99	99	99	99	99	99	99	99	99	99	99
1941	0.53	3.03	8.73	12.13	14.93	22.43	24.83	22.83	19.33	12.83	6.43	3.23	12.6
1942	0.63	1.93	9.23	12.83	12.33	22.93	25.13	24.23	21.73	16.13	6.93	2.93	13.1
1943	0.83	6.03	9.93	15.83	19.23	23.23	25.33	26.73	21.23	16.03	6.63	4.83	14.7
1944	2.43	3.93	8.13	15.13	18.43	21.73	24.63	26.03	19.53	12.93	6.43	2.03	13.4
1945	1.83	3.83	11.53	16.03	20.63	25.13	27.93	23.73	21.23	14.83	6.73	3.53	14.7
1946	1.13	6.03	9.83	15.93	18.03	21.93	26.33	24.63	21.53	12.83	6.73	0.73	13.8
1947	2.63	0.93	7.63	15.73	19.93	24.63	26.93	26.33	21.43	13.83	7.93	2.33	14.2
1948	3.73	4.73	11.63	14.13	18.13	22.33	22.73	23.53	20.13	14.53	7.93	1.73	13.8
1949	2.93	6.13	7.13	16.33	17.03	22.93	25.23	24.53	21.43	15.93	7.83	3.03	14.2
1950	1.73	6.03	11.13	12.33	19.73	24.93	28.33	25.13	20.23	14.33	7.33	3.03	14.5
1951	3.9	5.3	7	12.2	15.6	21.3	22.4	22.1	19.8	12	8.5	1.9	12.7
1952	0.6	1.8	7.2	14	17.6	22.5	24.9	22.5	16.6	11.7	5.5	1.9	12.2
1953	-0.3	2.5	8.8	13.7	18.5	18.9	23	21.7	18.7	14.5	6	5.8	12.7
1954	-0.6	0.9	8.9	11.7	15.6	21	21.8	20.5	19.3	12.2	7.2	3.4	11.8
1955	3.8	4.3	6.4	12.9	16.8	20.4	22.8	20.8	18	12.2	3.61	3.5	12.1
1956	2	-3.2	6.6	10.6	17.6	19.1	22.6	23.61	18.5	11.7	5.7	1.6	11.4
1957	0.3	5.3	9.7	11.9	14.6	20.7	22.9	21.9	17.7	11.9	4.91	1.5	11.9
1958	1	5.8	5.2	9.3	18.9	20	23.4	23.3	20.1	13.5	8.7	2.7	12.7
1959	1.8	4.3	10.2	12.9	16.4	21.3	24.3	21.7	17.9	11.7	7.5	3.9	12.8
1960	0.5	2.2	8.5	12.9	18.1	21.5	21.5	21.7	16.9	12.3	8	3.6	12.3
1961	0.2	6.1	10.7	15.2	16.8	21.8	22.6	23	20.9	13.5	7.6	2.4	13.4
1962	2.6	3.8	5.3	11.9	16.1	20.3	22.7	24.3	19.1	12.6	6.4	-0.2	12.1
1963	-2	-0.3	6.4	12.8	16.5	19.9	23.3	21.1	17.9	12.1	9.3	0.8	11.5
1964	-1.4	3.1	6.5	13.4	18.2	22.1	23.6	21.4	18.3	12.2	7.2	3.3	12.3
1965	1.5	2.1	7.1	11.6	16.6	20.9	22.5	20.8	16.3	11.5	6	2.5	11.6
1966	-1.3	6.4	8.5	13.3	17.4	22.1	21.4	20.8	19	15	4.6	0.8	12.3
1967	-0.2	2.7	9.8	11.4	17	19.9	24.4	21.8	17.7	13.4	7.2	1.4	12.2
1968	0.4	4.2	8.9	13.3	15.8	19.5	22.6	19.7	17.7	13	7.3	1.1	12
1969	-1	1	7.4	11.7	18.1	19.1	23.1	21.5	18.3	12.9	7.5	-0.7	11.6
1970	1.9	3.1	6.3	11.1	15.4	21.4	23.1	22	19.7	12.3	7.4	0.4	12
1971	0.4	3.6	5.3	13.4	16.6	19.2	23.8	24	17.6	12.2	7.2	1.7	12.1
1972	2.6	6.2	9.5	11.6	16	20.2	22.2	21	14.4	11.2	6.4	2.3	12
1973	2.2	3.9	7.7	10.1	14.71	21.6	22.9	23.5	19.4	11.9	6.6	1.9	12.2
1974	4.3	7	8.7	10.8	16.3	20.1	23.8	23.7	18.4	9	6.5	3.5	12.7
1975	3.6	4.9	8	13.1	16.8	20.2	23.8	22.2	20	12.1	6.6	2.6	12.8
1976	2.4	5	6.6	12.4	17.6	22.2	23.3	19.5	15.7	12.7	7.2	2.5	12.3
1977	1	5.5	9.5	11.5	15	19.4	21.9	20.11	16.8	14.2	6.7	1.2	11.9
1978	2.5	1.3	8.8	10.4	14.8	19.6	21.8	21	18.5	11.9	3.9	1.9	11.4
1979	-1.2	4.3	8.3	10.4	17.21	21.3	22.8	21.3	18.1	12.7	5.8	3.7	12.1
1980	1.3	4.5	7.8	11	14.5	19.1	21.3	23.1	19.3	11.9	5.8	1.5	11.8
1981	0.9	2.8	9.8	12.8	15.7	21	21.6	22.1	18.8	12.9	6.2	1.3	12.2
1982	1.7	2.3	7.3	12.1	17.3	22.4	24.4	21.7	20.5	12.1	7.8	3.3	12.7
1983	2.9	1.7	8.4	12.3	15.7	21	25.8	22.1	19.1	13.5	5.8	1.6	12.5
1984	1.3	2.5	6.9	11.5	12.9	20.6	23.8	21.4	17.1	13.1	7.4	3.6	11.8
1985	-2.5	1.8	7.3	12.4	16.6	20.2	24.8	23	20.4	14.1	5.9	3.9	12.3
1986	2	1.2	7.2	11.4	19.5	20.6	22.8	23	18.9	14	7.8	2.8	12.6
1987	-0.3	3.1	5.3	12.6	15.6	20.3	24.5	22.8	21.8	13.9	8.3	4.8	12.7
1988	5	5.6	9.3	13.5	18.1	20.3	24.3	23.6	19.6	16	5.5	3.3	13.7
1989	1.3	5.6	11.3	11.8	18.3	20.6	23.1	22.8	18.3	13	6.6	2.6	12.9
1990	1.6	8	10.6	10.8	18.8	20.8	23.1	23	19	14.5	99	99	99