1940	12.22	14.38	18.61	21.56	99	29.01	28.49	26.11	25.37	20.71	18.25	6.78	99
1941	14.29	15.88	19.24	22.24	27.45	29.21	29.43	28.71	26.3	22.65	18.39	16.32	22.51
1942	11.75	14.96	19.55	20.74	26.86	29.74	28.51	27.84	26.65	22.64	19.64	12.4	21.77
1943	11.56	14.93	18.65	21.55	25.36	27.62	28.71	27.29	25.88	24.32	18.0	14.99	21.57
1944	10.21	13.0	15.92	22.74	25.89	30.02	29.71	28.85	26.51	23.44	19.24	13.78	21.61
1945	12.23	13.71	16.45	22.06	24.61	27.68	28.82	28.95	26.23	22.16	18.61	13.1	21.22
1946	13.09	13.75	18.32	23.56	27.02	29.28	28.45	27.82	25.9	23.04	18.62	12.4	21.77
1947	13.35	17.23	20.3	21.99	25.86	28.41	29.64	99	99	22.42	17.25	10.86	20.21
1948	11.66	15.16	16.14	20.42	26.09	29.37	99	28.16	26.74	22.19	15.7	12.27	20.64
1949	11.24	13.46	18.12	23.35	25.67	29.19	28.54	28.06	25.65	22.36	18.81	16.25	21.72
1950	11.63	14.01	16.32	20.32	24.93	28.92	29.21	27.29	26.34	23.31	17.32	12.73	21.03
1951	12.15	16.42	19.99	23.35	27.38	28.69	29.15	28.51	25.1	23.14	18.12	14.33	22.2
1952	12.57	13.91	18.7	22.46	25.92	24.46	99	27.5	26.54	23.42	18.39	11.81	20.52
1953	11.94	16.3	17.24	23.36	25.24	28.04	28.95	26.82	26.48	22.95	18.9	13.89	21.68
1954	12.75	14.32	18.14	21.32	26.65	28.38	29.2	28.15	25.29	21.58	17.66	13.56	21.42
1955	13.53	16.69	17.85	21.13	25.43	28.46	29.28	29.09	27.19	23.73	18.48	13.08	22.0
1956	12.86	14.84	17.74	23.5	26.72	28.44	28.74	27.54	26.06	21.43	18.32	11.17	21.45
1957	11.79	16.84	18.2	21.04	24.85	28.4	27.6	28.52	25.52	22.21	17.02	14.35	21.36
1958	13.88	15.03	18.75	23.99	25.98	29.49	29.68	28.22	26.44	22.63	17.07	14.48	22.14
1959	13.28	15.19	19.73	22.9	26.38	29.12	29.3	28.05	27.45	23.27	18.6	13.57	22.24
1960	12.56	16.23	18.29	21.14	25.29	27.99	29.23	29.03	26.91	24.48	17.91	12.42	21.79
1961	11.55	13.35	15.76	22.37	27.23	29.7	28.14	28.07	26.02	22.86	18.47	13.36	21.41
1962	13.25	14.22	17.35	21.53	26.4	28.69	28.63	27.95	27.14	23.21	18.94	13.29	21.72
1963	15.21	17.83	17.11	22.76	23.94	28.5	29.31	28.89	27.58	21.12	16.89	15.03	22.01
1964	12.62	14.93	21.25	21.35	25.73	28.49	28.49	28.19	25.12	21.06	15.9	14.14	21.44
1965	14.18	15.59	18.42	19.92	26.38	27.39	28.54	26.85	26.49	24.26	18.26	13.35	21.64
1966	14.28	16.33	17.5	23.1	25.04	29.6	29.82	28.34	26.24	22.99	18.29	13.57	22.09
1967	11.19	15.19	18.51	22.79	26.85	28.45	27.75	27.8	26.77	22.07	17.91	12.76	21.5
1968	10.54	16.08	19.23	23.36	25.67	27.57	28.52	28.33	26.58	21.3	17.99	13.74	21.58
1969	13.38	18.11	22.12	22.09	26.75	30.8	28.97	28.4	28.02	22.44	17.98	14.33	22.78
1970	14.66	15.98	19.19	22.53	26.53	29.79	29.16	28.63	26.25	22.37	17.46	13.62	22.18
1971	12.79	16.11	20.08	22.44	26.23	28.78	28.66	27.68	26.3	20.77	17.39	16.06	21.94
1972	12.28	15.65	18.28	21.01	23.5	28.88	29.97	28.37	27.49	22.85	17.13	13.94	21.61
1973	11.48	14.26	17.23	22.97	27.5	29.62	28.93	28.36	26.31	22.09	16.94	14.32	21.67
1974	11.27	12.82	18.71	21.01	26.29	29.37	28.51	27.45	26.05	22.91	15.72	11.65	20.98
1975	10.41	13.32	16.67	24.05	25.95	29.25	27.81	28.07	26.13	22.57	16.56	15.54	21.36
1976	10.91	13.77	15.07	21.15	25.65	28.87	29.91	28.03	26.7	23.28	17.35	14.48	21.27
1977	14.05	15.57	18.1	22.83	26.03	30.17	29.89	29.59	27.15	22.65	15.83	14.1	22.16
1978	13.48	16.22	19.45	21.86	27.82	29.45	28.05	28.52	26.23	23.16	17.76	14.85	22.24
1979	16.55	14.92	19.21	21.63	25.91	29.11	29.88	28.96	27.2	23.6	16.46	12.97	22.2
1980	14.42	15.64	18.54	24.2	26.79	30.42	29.61	28.53	26.73	23.14	18.57	11.6	22.35
1981	10.44	14.96	19.56	25.08	27.61	28.9	29.72	28.67	26.93	22.77	15.9	14.62	22.1
1982	11.89	13.92	18.05	22.12	26.52	29.03	29.01	28.41	27.12	23.35	16.59	13.04	21.59
1983	11.25	15.31	17.35	23.19	29.7	28.84	29.94	29.31	27.11	21.78	18.51	12.83	22.09
1984	12.17	13.62	19.11	23.6	28.03	29.64	27.94	28.35	26.56	22.3	18.02	12.35	21.81
1985	12.63	15.96	18.41	21.42	26.09	30.53	28.09	28.69	26.63	22.18	18.86	13.33	21.9
1986	11.66	15.01	18.81	25.82	26.74	30.29	29.65	28.93	26.62	23.68	16.65	11.83	22.14
1987	12.96	15.29	19.71	22.55	29.37	29.5	31.24	29.44	26.57	23.45	18.14	15.72	22.83
1988	13.86	16.6	18.95	25.43	27.65	30.96	30.62	29.4	27.36	22.65	17.52	11.33	22.69
1989	12.64	13.6	17.78	22.45	26.81	30.17	29.3	28.73	28.07	22.88	17.72	14.88	22.09
1990	13.67	14.76	18.63	24.22	27.55	30.17	28.54	28.86	27.03	24.3	18.33	14.52	22.55
1991	12.4	14.73	18.53	22.96	25.45	29.73	30.0	28.64	27.44	23.61	18.3	13.11	22.07
1992	11.42	15.87	17.65	21.22	25.22	31.03	29.31	28.14	25.77	22.64	16.5	14.19	21.58
1993	10.78	14.39	18.28	22.82	26.48	30.43	29.22	28.62	28.41	23.6	19.07	13.44	22.13
1994	12.7	14.1	19.78	21.81	27.08	29.44	29.4	28.62	26.88	22.82	17.85	13.12	21.97
1995	10.4	14.09	18.29	22.4	27.1	29.61	30.21	30.38	28.82	23.1	18.04	15.0	22.29
1996	14.66	16.29	18.69	21.85	28.21	28.41	29.69	29.63	28.55	23.3	17.82	14.8	22.66
1997	14.07	14.51	16.83	22.01	27.27	29.94	30.39	28.48	27.12	24.44	19.13	14.11	22.36
1998	13.86	16.48	16.94	25.65	28.07	29.65	30.34	29.84	29.01	24.39	16.08	14.9	22.93
1999	12.70	12.40	19.30	25.10	27.90	29.70	30.60	29.20	28.00	24.20	18.70	13.80	22.73
2000	13.30	13.30	21.10	25.90	99	28.90	29.50	28.80	27.50	23.50	18.10	14.40	22.75
2001	13.60	14.40	21.00	22.70	27.60	30.00	30.40	29.40	99	23.10	18.30	15.30	22.68
2002	12.70	14.90	19.60	23.30	23.30	99	99	99	29.10	22.00	17.90	15.80	22.09
2003	14.20	15.50	99	24.00	27.90	28.80	99	29.00	99	24.70	19.40	14.00	23.09
2004	13.10	16.60	19.10	24.70	27.20	28.90	29.00	29.90	27.40	24.00	18.10	15.70	22.67
2005	11.90	15.30	20.10	25.20	28.50	28.50	30.50	29.60	27.90	24.50	18.60	14.30	23.03
2006	12.60	16.00	20.00	24.70	27.60	29.50	29.70	30.00	27.40	23.70	16.90	13.70	22.70
2007	14.30	16.10	18.80	23.80	27.00	30.50	29.80	28.8	27.4	23.5	18.1	14.2	22.65
2008	10.2	14.9	19.0	23.8	27.5	30.5	30.3	28.9	28.7	24.1	18.2	13.9	22.52
2009	13.1	16.9	20.6	23.0	26.7	29.5	30.1	29.0	27.7	24.6	17.8	16.2	22.74
2010	14.5	19.0	21.5	26.3	28.9	30.6	29.8	29.3	27.9	25.6	22.0	16.2	24.13
2011	14.2	15.2	22.3	23.7	27.9	30.2	30.1	29.3