1892	99	20.10	20.10	18.90	17.40	15.80	14.90	14.80	14.10	15.20	15.30	16.80	16.74
1893	17.60	18.50	19.10	19.10	18.30	16.80	15.80	14.50	14.40	15.40	15.30	17.10	16.80
1894	19.20	19.60	19.70	18.80	17.80	16.20	15.80	14.60	15.20	16.20	16.80	18.50	17.25
1895	19.30	20.00	20.10	19.70	18.80	16.40	16.40	15.90	15.80	16.00	16.70	17.60	17.80
1896	19.00	19.20	20.20	20.10	18.20	17.40	15.90	14.30	15.60	16.10	16.10	16.60	17.48
1897	18.30	19.80	20.40	20.10	18.40	17.70	16.20	15.20	14.80	15.00	16.20	17.20	17.39
1898	18.40	18.90	19.00	18.40	16.70	15.40	14.50	14.60	14.60	14.60	16.80	17.30	16.59
1899	18.40	19.60	19.60	18.90	17.80	16.60	15.40	15.10	14.80	15.10	15.80	16.30	17.03
1900	17.60	18.80	19.20	18.90	18.60	16.90	15.70	14.70	15.30	15.90	16.80	16.10	17.06
1901	19.80	21.20	20.10	18.60	18.60	19.70	16.40	15.30	14.70	16.10	16.50	17.00	17.76
1902	19.30	20.80	20.60	19.80	19.40	17.10	15.50	14.60	14.90	16.00	16.10	17.20	17.59
1903	19.20	19.50	19.70	19.10	18.20	15.20	14.70	14.40	14.20	14.10	14.40	16.20	16.66
1904	17.10	18.70	19.90	19.20	17.70	16.40	15.40	14.50	14.60	15.30	16.10	16.70	16.76
1905	17.90	19.40	19.60	20.00	19.10	16.80	16.30	15.20	15.50	16.20	17.10	17.40	17.48
1906	18.30	19.20	19.30	18.90	17.70	16.60	14.80	14.50	14.40	15.10	15.40	16.50	16.80
1907	17.00	19.10	19.80	18.60	17.10	16.10	15.20	15.50	14.40	15.00	15.30	15.80	16.63
1908	16.70	18.10	18.60	17.80	16.90	15.50	14.70	14.10	14.50	14.70	14.30	15.80	15.98
1909	17.60	18.20	18.70	18.60	17.20	16.20	14.90	13.90	14.10	14.60	15.60	17.70	16.28
1910	18.20	18.50	19.20	19.10	18.00	15.90	15.40	14.30	14.70	14.20	15.30	16.50	16.71
1911	18.20	18.60	19.40	19.40	17.20	16.40	15.20	14.40	14.80	15.40	18.20	17.90	16.98
1912	18.90	19.60	20.40	19.80	18.50	17.00	15.80	15.60	14.90	15.40	16.20	17.10	17.50
1913	18.20	20.40	21.20	19.90	19.10	17.80	16.20	16.10	15.70	16.20	17.20	18.20	17.93
1914	19.40	19.80	19.70	19.10	17.80	16.80	15.90	15.30	15.60	16.20	16.30	17.20	17.51
1915	19.60	20.20	20.90	20.00	18.90	17.10	14.80	14.80	15.30	15.90	16.80	17.10	17.63
1916	19.20	20.30	19.50	19.30	18.10	16.10	15.30	15.30	15.70	16.10	16.80	18.60	17.40
1917	19.20	20.50	20.30	20.30	19.20	17.20	16.40	15.00	14.70	15.10	15.80	17.40	17.69
1918	18.20	19.40	19.10	19.70	17.80	16.20	15.40	15.90	15.80	16.60	16.70	17.80	17.35
1919	18.60	19.80	20.00	19.40	18.60	17.60	15.40	14.80	14.80	15.30	16.10	17.20	17.35
1920	19.10	20.40	20.80	20.50	18.90	17.60	15.80	15.70	15.90	15.80	18.20	19.70	17.99
1921	19.20	21.30	21.70	21.10	19.80	18.40	15.80	14.90	15.20	16.20	16.60	18.80	18.33
1922	19.70	20.80	19.30	19.60	16.60	16.70	15.20	14.80	15.10	15.20	15.70	17.80	17.29
1923	19.10	20.30	20.80	19.40	18.50	18.90	15.10	14.70	15.30	15.10	15.60	19.20	17.55
1924	19.30	20.20	20.40	19.30	18.40	17.00	15.50	15.70	16.00	15.80	18.00	18.20	17.90
1925	99	99	99	99	99	99	99	99	99	99	16.60	16.90	99
1926	18.40	20.20	19.40	19.10	17.70	16.20	15.10	14.50	14.10	15.10	14.90	16.20	16.80
1927	17.60	18.80	19.30	18.60	17.50	16.90	15.50	15.10	14.80	15.00	16.40	17.70	16.81
1928	18.60	19.60	20.90	18.60	17.90	16.70	15.70	14.90	14.40	15.20	15.80	16.20	17.17
1929	17.30	18.70	18.30	18.60	17.10	15.80	13.90	13.80	13.20	15.20	16.40	17.10	16.21
1930	18.30	18.80	19.60	19.10	18.60	16.60	15.80	14.50	14.20	15.60	16.30	17.70	17.04
1931	18.40	19.50	19.70	18.90	18.50	16.90	15.20	14.70	14.70	14.60	15.30	17.20	17.01
1932	18.20	18.90	19.10	18.90	17.90	16.30	14.70	14.70	13.70	14.10	15.10	17.10	16.57
1933	18.70	19.80	20.30	19.10	18.30	16.30	15.30	15.10	14.70	15.40	15.10	16.90	17.10
1934	18.90	19.50	19.50	19.10	18.50	17.30	15.60	15.40	15.70	15.50	16.70	17.70	17.38
1935	19.50	20.30	20.10	19.40	17.90	16.30	14.90	15.00	14.50	15.90	15.60	16.90	17.26
1936	18.60	18.70	18.90	18.80	17.00	15.70	15.10	14.90	15.10	14.70	15.50	17.70	16.66
1937	19.10	20.30	20.50	19.80	19.00	17.10	15.50	15.20	14.70	15.10	16.30	16.90	17.53
1938	17.90	19.40	19.70	18.90	18.30	16.90	16.40	15.70	14.30	14.30	15.50	16.40	17.02
1939	18.30	19.30	19.70	19.10	18.10	17.70	15.90	15.50	16.10	15.50	16.40	17.60	17.33
1940	19.50	99	20.40	19.70	17.80	16.90	16.10	15.80	15.10	16.20	16.70	17.70	17.68
1941	20.00	20.20	19.90	18.90	18.50	16.70	15.30	15.10	15.30	15.80	15.90	16.90	17.44
1942	18.10	19.20	19.60	19.70	18.30	16.80	16.10	15.00	15.50	15.70	16.70	17.00	17.30
1943	18.70	18.80	19.10	18.60	17.30	16.30	15.30	14.50	14.50	14.70	15.70	16.90	16.71
1944	19.30	20.90	20.90	20.60	19.20	16.70	16.10	14.90	14.80	15.70	16.30	17.70	17.69
1945	19.10	20.10	20.00	20.50	18.70	16.70	15.50	14.90	16.10	15.60	17.00	18.30	17.66
1946	18.90	19.40	19.30	18.90	17.50	16.70	15.60	14.70	14.50	16.00	16.80	17.70	17.22
1947	18.70	20.10	20.00	19.50	18.70	16.20	15.10	15.20	14.70	15.40	16.40	17.70	17.31
1948	19.90	21.10	21.30	20.10	18.50	17.70	15.50	15.70	15.70	15.30	16.70	18.30	17.93
1949	19.90	22.50	21.90	20.90	19.30	16.80	16.50	15.70	15.70	15.90	16.10	17.90	18.29
1950	19.10	20.30	19.90	19.90	18.50	17.50	15.30	15.30	14.90	15.30	16.10	17.20	17.50
1951	18.30	19.50	19.70	19.50	18.10	16.70	15.70	15.90	15.50	15.40	16.50	17.30	17.33
1952	19.10	20.50	20.80	20.10	18.50	17.00	15.50	15.30	15.30	15.70	16.90	17.40	17.67
1953	19.30	20.10	21.00	19.90	18.30	17.00	15.70	15.40	15.50	16.20	16.30	17.40	17.68
1954	18.90	19.30	20.10	19.50	17.70	16.50	15.00	15.30	14.90	15.30	15.70	17.10	17.13
1955	19.10	19.30	19.70	18.70	18.30	16.30	14.70	14.30	14.20	14.60	15.90	16.60	16.85
1956	18.40	18.70	19.20	18.40	17.90	16.40	15.10	15.10	15.00	14.60	15.20	17.30	16.72
1957	19.00	20.30	20.50	19.70	18.80	16.90	16.00	15.00	14.80	14.80	15.90	17.40	17.42
1958	19.60	20.60	20.40	19.60	18.00	16.90	16.30	15.50	15.60	15.60	16.90	19.00	17.70
1959	20.10	21.30	21.50	20.50	18.50	17.40	16.10	15.70	15.50	15.60	16.10	17.70	18.11
1960	18.90	20.50	21.10	19.90	19.10	17.20	16.50	15.70	16.00	15.70	17.00	17.00	17.94
1961	18.60	19.80	19.90	19.40	18.10	17.10	16.10	15.70	15.70	15.50	16.70	16.80	17.47
1962	18.60	19.70	20.60	20.20	18.80	17.70	16.10	15.20	14.90	15.30	16.10	17.20	17.50
1963	19.40	20.70	21.10	20.50	18.90	17.20	16.10	15.30	16.00	15.90	18.00	19.10	18.03
1964	20.10	21.10	20.70	19.90	19.10	17.50	16.70	14.50	14.90	15.10	16.20	17.90	17.91
1965	19.90	21.20	20.80	19.60	18.90	16.70	15.90	15.70	15.80	15.70	16.60	17.80	17.89
1966	18.70	19.90	19.90	20.50	19.50	17.70	16.00	15.10	14.90	16.10	16.50	18.70	17.72
1967	19.90	20.50	20.00	18.30	17.00	15.60	15.20	14.60	15.20	14.60	16.90	18.70	17.21
1968	19.50	20.10	19.80	19.70	18.00	16.60	15.50	15.30	15.60	15.90	17.00	18.20	17.64
1969	19.00	20.60	20.60	20.30	18.70	17.00	15.80	15.40	15.20	15.70	16.60	16.60	17.76
1970	18.00	19.10	19.20	19.20	18.40	16.30	16.10	15.00	14.30	15.10	15.90	17.40	16.93
1971	19.00	20.30	19.90	19.30	18.40	16.70	15.40	15.00	14.90	15.30	15.70	17.10	17.28
1972	19.90	20.20	21.10	20.60	19.20	17.60	16.90	16.50	16.10	16.60	17.40	18.60	18.27
1973	19.90	21.50	21.70	21.60	20.20	17.90	17.00	14.50	16.70	16.90	17.50	18.90	18.67
1974	19.90	20.30	18.50	20.20	18.70	17.20	16.40	15.60	15.50	15.80	16.90	18.20	17.83
1975	18.70	20.60	20.20	20.00	19.00	17.70	16.30	15.40	14.90	15.30	16.10	16.90	17.70
1976	18.70	19.80	19.70	19.10	17.50	16.50	15.60	15.40	15.80	16.30	17.20	18.50	17.38
1977	20.10	21.20	21.00	20.20	19.00	17.00	15.90	16.00	15.30	16.30	16.30	17.50	18.07
1978	19.60	20.60	20.40	19.10	18.10	17.70	16.30	15.20	15.20	15.70	16.60	17.80	17.67
1979	19.60	20.70	20.60	20.50	19.20	17.90	16.40	16.30	99	16.60	16.90	18.10	18.21
1980	19.60	20.40	20.90	20.60	19.20	17.50	16.80	16.10	16.00	16.00	16.60	17.40	18.15
1981	19.30	20.20	20.10	19.90	18.70	17.30	16.10	15.90	16.50	16.60	17.50	18.30	17.96
1982	19.30	20.30	20.50	19.20	18.70	16.70	16.00	15.50	16.30	16.70	17.20	18.80	17.89
1983	20.90	21.00	20.70	20.20	18.80	17.50	16.60	15.90	16.80	16.80	17.50	18.80	18.46
1984	21.00	21.60	21.50	20.80	19.20	18.30	17.30	17.20	99	17.00	17.80	18.50	18.93
1985	99	99	99	99	99	17.80	16.90	16.20	16.00	16.30	17.30	18.90	99
1986	20.50	21.40	21.40	20.60	20.00	18.10	16.90	99	16.60	17.00	17.50	18.50	18.77
1987	20.30	21.40	21.20	21.10	20.00	18.40	17.00	16.90	16.30	16.60	17.80	19.30	18.79
1988	20.60	21.60	22.00	20.40	19.50	17.90	16.20	16.20	16.00	16.30	17.40	18.80	18.62
1989	20.40	21.60	99	20.10	19.70	17.50	16.60	16.10	16.20	15.90	16.70	18.10	18.39
1990	19.50	21.10	21.60	20.90	19.60	18.00	16.90	99	16.50	16.50	17.60	18.50	18.54
1991	99	99	99	21.20	99	99	16.40	99	99	99	99	99	99
1992	99	99	99	99	19.10	17.00	99	99	99	99	99	99	99
1993	99	99	99	99	99	18.10	17.00	99	99	99	99	19.00	99
1994	19.80	21.00	21.40	99	19.90	17.70	16.70	15.70	16.30	17.20	99	18.70	18.62
1995	20.20	21.90	21.90	21.60	99	18.30	16.80	16.30	16.40	99	99	99	18.96
1996	20.70	21.80	99	21.40	20.20	18.10	17.10	99	16.00	16.20	99	99	18.85
1997	19.00	19.90	20.60	19.90	18.50	17.50	16.60	16.40	17.00	99	18.40	19.40	18.23
1998	19.80	21.10	21.20	21.00	20.00	19.10	16.80	15.80	16.10	99	16.80	17.90	18.61
1999	99	21.40	21.40	99	19.70	18.40	17.20	99	16.20	99	99	99	18.66
2000	99	99	99	20.80	99	17.90	17.00	16.60	99	16.40	99	99	99
2001	20.30	20.80	21.00	99	19.40	18.40	16.30	15.90	99	16.40	17.80	19.00	18.48
2002	20.00	21.20	21.40	20.90	19.80	17.90	16.60	15.60	16.70	16.80	17.40	18.70	18.61
2003	20.60	21.70	21.70	21.20	20.20	18.40	17.60	16.40	16.70	17.40	18.40	19.00	19.08
2004	19.60	20.80	20.50	19.70	19.20	17.40	17.10	15.60	15.90	16.80	17.90	19.80	18.29
2005	21.20	22.00	22.00	20.70	19.10	17.80	17.60	16.20	16.20	16.40	17.40	18.90	18.87
2006	20.40	21.40	21.70	20.20	19.40	18.10	16.70	16.10	16.20	16.40	99	18.30	18.57
2007	19.70	20.90	21.20	20.80	19.50	17.60	17.0	15.6	16.2	16.2	17.1	18.4	18.34
2008	20.4	21.5	21.4	21.1	19.6	17.7	16.8	16.5	15.9	16.1	16.5	99	18.49
2009	19.9	21.3	21.7	21.1	19.9	99	17.0	16.3