1930	-0.8	-3.3	-1.4	4.3	8.1	12.8	14.3	13.4	7.3	3.9	-2.8	-1.4	4.5
1931	-7.2	-6.1	-5.1	0.3	7.3	6.9	13.8	9.8	4.9	1.7	1.5	-3.6	2.0
1932	-0.4	-1.1	-4.7	0.6	6.7	8.5	13.1	11.4	6.8	0.5	-0.5	-0.7	3.3
1933	-2.8	-6.7	-1.8	0.7	6.7	14.5	14.1	11.6	9.8	3.1	-3.8	-2.9	3.5
1934	-0.5	-1.5	-1.9	1.5	7.6	10.5	13.9	13.5	11.3	3.8	-1.2	-1.2	4.6
1935	-4.2	-3.2	-3.8	0.8	3.8	10.9	12.1	12.0	6.8	1.6	0.7	-5.0	2.7
1936	-6.1	-7.5	-1.9	0.0	7.2	12.7	14.3	11.9	7.0	1.2	-1.3	-1.0	3.0
1937	-5.3	-8.9	-5.2	4.1	9.5	11.0	16.5	14.7	7.4	5.6	-3.9	-8.8	3.1
1938	-4.4	-2.1	0.5	0.6	5.4	9.7	14.1	12.8	8.5	4.3	0.9	-3.8	3.9
1939	-7.3	-1.1	-3.0	0.9	5.7	9.6	13.2	14.2	8.5	0.7	-1.5	-6.4	2.8
1940	-9.9	-12.2	-6.1	0.2	8.5	11.2	11.9	9.4	5.8	3.3	-1.6	-5.9	1.2
1941	-10.9	-8.9	-4.4	-0.3	5.4	10.0	16.0	10.4	7.4	0.7	-2.2	-4.8	1.5
1942	-12.9	-9.2	-6.7	2.0	5.1	8.4	10.9	11.8	7.1	2.9	-0.3	-3.4	1.3
1943	-7.2	-2.3	0.7	1.7	6.5	10.9	12.2	9.8	7.7	5.4	-2.4	-2.7	3.4
1944	-4.1	-3.8	-3.8	-0.4	2.8	8.7	13.7	12.2	7.3	4.8	-2.5	-2.0	2.7
1945	-9.8	-3.4	0.7	2.3	6.1	10.9	14.3	13.0	7.3	3.1	-0.9	-5.1	3.2
1946	-6.9	-8.3	-3.0	2.7	7.0	10.5	13.8	11.9	8.0	2.7	-0.3	-2.9	2.9
1947	-5.9	-13.0	-7.6	1.3	9.0	11.6	13.6	13.3	8.9	2.4	-5.1	-5.7	1.9
1948	-9.0	-3.7	0.8	3.6	7.0	9.2	14.2	9.7	7.3	1.2	-0.8	0.1	3.3
1949	-3.0	-2.2	-3.8	2.8	7.8	9.9	11.3	10.8	11.1	3.8	0.3	-4.3	3.7
1950	-6.6	-4.2	-0.9	2.4	6.3	10.5	12.4	13.8	7.3	4.4	-2.4	-6.4	3.1
1951	-8.7	-4.7	-5.8	0.5	4.4	8.7	10.3	13.3	9.1	4.6	-1.1	-1.3	2.4
1952	-8.8	-4.4	-4.3	4.0	6.7	8.6	11.4	9.9	4.2	1.3	-4.7	-6.2	1.5
1953	-4.8	-6.9	0.9	1.9	6.6	14.9	12.6	11.6	7.7	5.9	0.9	-2.7	4.0
1954	-7.1	-8.6	-2.1	0.5	9.6	9.5	12.4	11.4	6.7	2.0	-1.7	-3.1	2.5
1955	-5.4	-8.6	-4.7	-0.4	3.8	8.5	14.2	13.3	8.1	1.2	-0.4	-7.7	1.8
1956	-7.5	-9.1	-2.1	0.2	6.9	8.9	12.0	9.2	7.9	2.5	-2.7	-3.4	1.9
1957	-2.9	-6.0	-2.8	1.1	5.3	7.6	13.2	10.8	6.0	3.3	-0.7	-4.3	2.5
1958	-7.9	-10.0	-9.2	0.6	4.7	9.7	11.4	12.5	9.7	5.5	1.6	-6.7	1.8
1959	-8.4	-2.4	0.7	2.9	6.6	11.0	13.1	12.6	7.4	3.7	1.5	-3.2	3.8
1960	-9.1	-7.0	-0.5	2.2	7.8	11.5	12.4	12.1	8.4	-0.1	-2.2	-5.9	2.5
1961	-6.8	-1.6	0.0	1.1	6.1	11.1	11.6	10.3	9.7	7.3	0.4	-6.5	3.6
1962	-4.2	-4.1	-7.1	0.9	4.8	8.1	10.2	10.1	7.1	4.4	-3.4	-6.3	1.7
1963	-6.9	-9.7	-3.8	3.0	9.2	11.7	11.4	12.9	7.6	4.3	-2.6	-2.8	2.9
1964	-2.5	-3.5	-2.2	3.0	8.0	9.6	11.1	10.4	6.2	3.9	-1.8	-4.3	3.2
1965	-6.4	-3.5	-3.8	2.4	5.2	10.6	9.8	10.5	8.8	4.6	-4.8	-10.2	1.9
1966	-10.4	-10.8	-3.2	-2.1	6.1	13.4	11.3	11.2	6.1	2.7	-2.4	-4.6	1.4
1967	-8.0	-3.6	-0.2	0.4	6.2	9.6	12.0	11.2	9.2	3.0	1.1	-5.9	2.9
1968	-6.7	-5.6	-2.1	1.8	4.4	11.9	11.5	11.6	8.6	1.2	-5.0	-5.1	2.2
1969	-5.2	-9.1	-4.8	2.6	7.4	13.0	12.4	15.9	7.0	4.1	-5.0	-6.1	2.7
1970	-8.2	-10.1	-3.5	-0.5	8.0	13.6	11.1	12.2	7.1	3.5	-4.0	-2.6	2.2
1971	-3.3	-2.9	-3.8	1.2	8.5	9.1	12.0	11.4	7.1	3.0	-2.7	-1.0	3.2
1972	-8.1	-5.1	-0.6	1.6	7.9	11.8	14.1	11.1	5.6	3.3	-1.3	0.4	3.4
1973	-0.2	-4.2	1.1	-0.4	6.4	11.4	12.9	10.5	6.5	1.0	-4.2	-4.0	3.1
1974	-1.3	-2.4	-1.4	2.8	8.0	10.7	10.5	11.0	8.7	1.2	-2.4	-2.9	3.5
1975	-3.1	-2.3	-2.0	0.4	5.9	9.0	12.5	12.6	8.1	4.5	0.5	-2.0	3.7
1976	-6.6	-4.0	-4.6	0.0	8.0	9.8	12.0	12.0	4.5	3.1	-1.0	-7.7	2.1
1977	-8.3	-7.8	-0.7	-1.3	5.5	9.4	11.3	11.3	5.6	5.4	-1.5	-2.2	2.2
1978	-5.1	-8.9	-2.6	0.4	7.3	11.5	12.1	11.0	5.8	3.3	-1.6	-9.9	1.9
1979	-10.4	-6.0	-2.2	1.5	5.8	12.0	10.6	11.0	6.6	2.8	-2.6	-6.2	1.9
1980	-8.3	99	99	99	99	99	99	99	99	99	99	99	99
1981	99	99	99	99	99	99	99	99	99	99	99	99	99
1982	99	99	99	99	99	99	99	99	99	3.9	-1.1	-3.7	99
1983	-3.4	-5.7	-2.1	1.8	7.6	8.7	12.1	10.4	7.8	3.0	-1.8	-3.4	2.9
1984	-8.6	-3.4	-4.2	3.4	8.9	8.9	10.5	10.9	6.3	3.9	0.3	-2.5	2.9
1985	-8.9	-8.2	-2.8	-0.6	6.7	10.3	11.9	11.5	5.0	4.9	-5.2	-7.8	1.4
1986	-10.1	-8.2	0.0	-1.2	8.2	12.4	11.1	9.4	4.1	3.7	0.5	-6.4	2.0
1987	-11.2	-5.3	-5.4	2.8	4.6	8.3	11.2	8.9	6.2	5.6	-2.4	-2.7	1.7
1988	-3.4	-4.2	-4.3	-1.3	7.9	11.5	13.5	11.4	8.5	2.3	-2.2	-3.3	3.0
1989	-0.5	-1.9	0.1	1.7	6.1	10.6	11.1	10.3	7.5	3.2	0.1	-5.1	3.6
1990	-3.0	1.0	0.3	2.5	6.8	11.4	11.3	11.8	6.5	4.2	-1.4	-2.5	4.1
1991	-3.2	-6.2	0.4	2.4	4.0	7.8	13.7	11.9	6.6	2.5	-0.2	-2.0	3.1
1992	-1.1	-2.3	-0.4	-0.4	8.7	12.5	10.1	10.2	8.4	-2.0	-2.5	-2.2	3.2
1993	-2.7	-2.3	-2.2	3.0	7.3	6.7	11.3	9.2	5.6	0.9	-3.5	-7.0	2.2
1994	-6.6	-8.9	-2.6	2.5	5.1	8.1	15.1	11.6	6.4	1.6	-0.3	-2.3	2.5
1995	-3.9	-3.4	-2.3	-0.6	5.1	9.7	11.7	10.7	8.1	5.0	-3.8	-7.0	2.4
1996	-5.6	-7.5	-2.7	2.5	4.2	9.3	10.3	14.4	6.0	4.2	-6.4	-6.1	1.9
1997	-2.9	-3.6	-2.0	-1.1	4.1	11.0	14.4	14.8	7.7	0.6	-2.0	-4.1	3.1
1998	-3.2	-1.6	-3.0	0.8	5.8	9.5	11.0	9.8	9.4	1.2	-4.4	-3.6	2.6
1999	-4.6	-4.0	-1.2	3.1	5.6	10.7	12.1	10.4	11.6	3.0	1.7	-8.3	3.3
2000	-2.4	-3.7	-2.5	2.7	7.9	8.2	11.5	10.5	9.2	6.5	1.5	-4.1	3.8
2001	-4.6	-8.5	-4.7	1.4	6.2	9.6	12.6	11.7	7.8	4.9	-1.0	-5.5	2.5
2002	-4.3	-2.8	-1.4	4.7	9.4	12.5	12.9	15.9	8.3	-0.1	-4.7	-6.8	3.6
2003	-5.1	-3.7	0.6	3.0	6.5	11.4	15.3	11.6	7.8	0.7	0.4	-3.1	3.8
2004	-7.1	-2.8	-0.2	4.8	6.7	9.0	11.7	13.2	8.3	3.4	-1.7	-2.5	3.6
2005	-1.5	-4.3	-2.3	3.3	4.9	9.2	13.7	11.0	8.6	5.1	1.1	-4.0	3.7
2006	-2.9	-3.9	-7.1	1.5	6.6	11.3	14.4	14.4	11.2	4.2	1.1	99	99