1993	99	99	99	99	99	99	99	99	99	6.65	5.93	2.8	99	
1994	2.07	1.83	2.67	5.19	6.87	8.18	12.72	14.13	10.63	6.67	5.63	5.21	6.35	
1995	4.15	3.14	3.81	3.76	7.73	9.53	11.34	11.44	10.98	8.67	4.86	2.63	7.27	
1996	4.69	1.94	3.7	5.8	6.48	9.34	11.0	14.81	11.24	9.17	3.7	3.55	7.2	
1997	4.39	3.42	3.71	3.31	6.96	11.25	13.51	15.07	11.3	7.35	6.21	5.14	7.71	
1998	4.65	4.59	3.45	5.42	7.43	10.39	13.1	12.92	12.26	8.12	5.51	5.32	7.83	
1999	3.79	3.46	3.72	5.64	7.47	11.05	12.39	11.93	13.26	9.27	7.54	3.15	7.75	
2000	3.82	3.8	3.13	5.33	8.35	8.92	11.55	12.39	11.78	10.5	8.17	5.51	7.8	
2001	5.3	0.84	2.09	5.15	7.29	9.8	11.7	12.63	12.02	10.37	5.3	4.21	7.34	
2002	5.49	3.42	4.02	6.79	9.21	13.68	13.82	15.68	10.46	5.83	4.28	3.82	8.81	
2003	2.91	5.63	5.69	5.79	8.24	11.99	15.97	15.13	11.87	7.53	7.65	4.48	8.51	
2004	3.23	4.01	5.26	7.43	99	10.97	13.41	15.55	15.5	99	4.75	5.26	99	
2005	5.16	4.49	3.79	6.32	7.23	9.98	13.34	12.63	10.41	9.35	7.27	4.74	8.29	
2006	5.8	4.4	1.37	5.58	8.91	9.67	12.94	15.07	13.52	9.12	6.87	7.05	8.39	
2007	3.44	2.28	5.67	5.38	7.25	11.49	14.79	12.68	9.36	8.2	99	6.0	7.86
2008	3.9	4.4	3.4	6.0	8.2	11.4	13.7	14.5	12.5	8.6	5.9	5.1	8.13
2009	4.4	2.9	4.6	7.1	9.3	11.2	13.8	14.4	11.1	7.8	7.0	4.3	8.15
2010	3.3	1.0	3.9	5.7	7.9	9.9	99	13.7	12.2	99	2.8	1.3	99
2011	4.3	3.0	3.6	7.4	9.3	11.1	12.9	14.0	12.6	9.6	8.8	4.9	8.45
2012	4.4	4.0	5.4	4.6	6.9	10.3	11.6	11.8	10.1	7.4	7.4	1.7	7.13