1980	4.21	3.93	3.7	6.58	9.18	12.29	13.57	14.23	13.33	9.78	7.24	6.41	8.84	
1981	4.81	4.06	5.0	5.31	8.63	10.97	12.83	13.73	13.65	9.17	6.97	2.63	8.17	
1982	3.26	3.93	5.02	5.72	7.56	12.25	14.12	15.29	12.9	11.24	8.41	6.46	8.88	
1983	6.88	3.67	5.41	5.67	8.08	10.58	14.49	15.15	13.57	10.8	8.03	6.93	9.15	
1984	4.74	4.24	3.45	5.62	8.5	11.18	13.32	15.6	13.21	11.6	9.21	7.35	9.02	
1985	2.96	2.83	3.75	5.26	7.72	9.19	12.08	12.34	11.85	12.04	7.28	9.5	8.11	
1986	4.46	1.33	3.88	4.43	8.55	11.22	14.27	14.36	12.21	11.0	8.42	6.62	8.45	
1987	2.47	3.91	2.4	6.13	7.27	10.07	13.18	13.38	12.91	10.98	8.32	7.01	8.19	
1988	6.21	5.67	4.76	5.7	9.06	11.79	14.75	14.26	13.2	10.18	7.78	7.25	9.23	
1989	6.9	6.13	6.25	5.66	9.02	12.11	14.15	14.53	14.02	11.74	9.22	7.24	9.77	
1990	7.26	6.92	7.62	7.3	10.46	11.95	13.75	15.21	12.8	11.13	8.39	6.65	9.98	
1991	7.09	3.53	5.72	6.46	8.02	10.63	15.2	15.89	13.86	10.98	7.99	7.07	9.41	
1992	5.97	6.23	6.06	6.64	10.23	14.15	14.7	15.08	13.44	9.28	7.76	6.29	9.66	
1993	5.57	5.04	4.6	6.0	9.07	11.31	13.08	13.58	11.95	9.43	6.37	5.32	8.47	
1994	5.35	2.7	4.83	5.86	7.94	10.91	16.14	15.42	12.84	9.72	9.27	7.29	9.07	
1995	5.41	5.63	4.74	6.04	8.11	11.11	15.09	16.92	14.35	13.15	9.42	5.19	9.63	
1996	3.57	2.54	2.31	4.47	6.5	10.52	12.91	15.89	13.49	11.65	7.17	4.96	8.01	
1997	4.71	5.88	5.58	6.33	8.25	11.76	15.25	18.46	13.56	10.49	8.51	6.93	9.67	
1998	6.19	7.15	5.95	5.99	9.73	11.91	12.89	13.3	13.16	9.98	7.15	6.83	9.18	
1999	6.43	5.18	5.61	6.74	9.09	11.65	14.98	15.3	15.7	11.21	9.0	5.93	9.77	
2000	6.53	5.99	5.68	6.39	9.63	11.21	12.17	14.73	13.85	11.44	8.43	6.57	9.4	
2001	5.28	3.67	3.39	5.57	9.67	11.13	15.4	15.61	12.76	12.5	8.05	5.81	9.11	
2002	6.55	5.93	5.8	6.96	9.76	13.27	14.59	17.91	14.97	9.96	8.28	5.38	9.95	
2003	5.41	4.54	5.83	7.04	9.73	13.95	16.09	16.86	14.83	9.89	9.5	7.31	10.12	
2004	5.71	5.58	5.85	7.63	9.39	11.99	13.87	16.95	99	99	8.37	7.5	99	
2005	6.65	4.64	4.85	6.65	8.45	11.23	13.88	14.28	14.35	12.89	9.12	6.94	9.54	
2006	5.71	5.22	3.05	6.06	9.37	11.57	17.04	16.45	15.89	13.58	9.48	8.37	10.18	
2007	7.48	6.12	7.05	8.18	9.36	13.32	14.07	14.76	12.89	11.4	8.3	7.2	10.01
2008	6.7	6.4	5.1	6.7	11.0	12.9	14.7	15.3	14.2	10.4	7.9	6.2	9.79
2009	5.3	4.6	6.0	7.5	10.0	12.4	15.6	16.0	14.1	10.9	9.6	5.9	9.82
2010	2.7	2.8	5.2	6.6	8.2	12.0	15.0	15.1	13.3	10.7	6.1	3.5	8.43
2011	5.5	4.6	5.3	7.9	10.2	12.3	13.9	14.2	13.3	11.4	10.1	7.0	9.64
2012	6.3	5.0	6.9	6.1	8.8	10.9	13.6	15.6	13.1	9.8	9.8	5.3	9.26