1942	-15.7	-9.1	-7.9	0.9	5.0	8.4	11.6	11.3	6.4	1.6	-0.2	-4.1	0.7	
1943	-10.4	-1.7	-0.9	1.2	5.4	10.3	13.2	9.6	6.7	3.9	-2.4	-3.9	2.6	
1944	-3.1	-5.0	-3.3	-0.1	3.9	8.6	13.9	13.4	6.7	3.2	-4.0	-3.6	2.6	
1945	-9.4	-5.0	1.0	2.4	5.3	10.1	14.0	13.6	7.3	4.4	-1.2	-6.4	3.0	
1946	-6.4	-7.2	-3.9	3.0	7.2	9.3	12.8	10.6	8.0	2.9	-1.2	-4.1	2.6	
1947	-8.8	-16.3	-8.3	0.3	8.9	12.6	13.7	16.3	8.9	3.2	-4.4	-5.7	1.7	
1948	-10.3	-7.2	1.3	2.2	6.1	10.0	13.5	11.1	7.1	0.6	-0.1	-0.8	2.8	
1949	-2.7	-1.7	-4.6	1.8	6.3	10.4	13.8	10.3	10.5	3.7	-1.8	-4.9	3.4	
1950	-6.4	-6.4	-2.2	0.5	6.1	9.8	11.3	11.7	6.6	2.5	-3.6	-8.6	1.8	
1951	-9.6	-7.7	-7.9	-1.4	5.6	9.2	10.4	11.0	8.2	4.2	99	99	99	
1952	-10.3	-5.4	-7.5	1.8	6.1	7.4	10.2	8.9	3.2	-1.3	-7.4	-8.0	-0.19
1953	-6.4	-8.7	-0.8	-0.9	5.5	12.9	10.7	9.7	5.9	4.1	0.3	-3.7	2.38
1954	-9.0	-13.4	-5.4	-1.5	6.7	9.7	11.1	10.0	5.3	0.4	-4.0	-5.3	0.38
1955	-7.8	-11.9	-6.7	-1.3	2.2	7.9	14.6	12.6	6.6	0.9	-0.8	-8.4	0.66
1956	-10.1	-11.4	-5.0	-2.6	5.2	8.3	11.1	7.6	6.9	1.7	-3.2	-4.5	0.33
1957	-6.1	-9.5	-5.0	-0.5	4.1	8.1	11.5	9.7	4.8	2.4	-2.4	-4.4	1.06
1958	-9.7	-12.4	-11.1	-2.2	2.5	8.6	11.1	9.6	7.9	4.2	-0.1	-8.2	0.02
1959	-10.3	-6.1	-3.0	0.6	6.1	9.8	12.5	11.8	7.3	2.3	-2.3	-7.5	1.77
1960	-11.3	-11.5	-6.9	-1.4	6.6	11.1	10.2	10.4	6.6	-0.2	-5.2	-8.6	-0.02
1961	-11.2	-4.1	-0.5	-1.0	5.1	9.6	10.7	9.1	7.7	4.9	-2.1	-7.8	1.7
1962	-5.5	-5.9	-10.8	-1.6	3.0	7.1	10.3	7.7	5.0	3.7	-5.2	-9.5	-0.14
1963	-11.6	-13.9	-5.5	-0.3	5.3	12.1	11.2	10.1	6.3	2.3	-4.4	-7.3	0.36
1964	-7.0	-6.5	-8.2	0.2	5.7	7.8	9.8	9.7	5.8	1.3	-1.6	-7.1	0.83
1965	-9.0	-4.6	-6.3	0.1	3.5	9.0	9.4	9.1	7.1	4.5	-8.2	-13.6	0.08
1966	-14.6	-14.1	-4.0	-5.1	3.7	11.6	11.2	99	99	99	99	99	99	
1967	-9.3	-5.1	-1.9	-1.1	3.1	8.8	10.4	11.0	7.7	2.2	0.0	-6.2	1.63	
1968	-8.6	-7.6	-3.0	-0.3	3.8	10.6	11.5	11.9	7.2	1.1	-6.3	-7.4	1.08	
1969	-7.0	-12.5	-8.4	-0.1	5.3	11.9	11.4	13.3	7.4	3.7	-5.7	-8.1	0.93	
1970	-11.0	-11.9	-5.7	-2.6	5.8	13.6	9.7	11.5	5.7	2.3	-5.4	-3.8	0.68	
1971	-4.5	-2.9	-6.2	-0.3	5.5	8.9	11.4	10.6	7.3	3.1	-3.4	-1.4	2.34	
1972	-11.3	-8.6	-3.0	0.1	5.8	9.5	13.5	10.5	5.5	3.4	-1.9	-1.8	1.81	
1973	-2.8	-4.8	0.0	-1.7	4.7	10.2	13.7	10.0	5.3	1.4	-4.1	-5.2	2.23	
1974	-2.9	-4.1	-4.3	2.2	6.0	10.0	9.7	10.3	6.3	0.7	-3.2	-3.1	2.3	
1975	-3.6	-3.0	-5.3	-2.3	5.1	8.9	13.3	13.6	6.6	2.8	-1.0	-1.7	2.78	
1976	-8.0	-6.2	-8.1	-0.4	6.2	10.0	12.6	12.8	4.5	0.0	-3.0	-8.7	0.98	
1977	-9.9	-11.6	-2.7	-3.1	5.0	10.0	12.3	10.7	5.6	3.6	-2.7	-4.1	1.09	
1978	-6.3	-11.3	-5.3	-2.5	5.2	11.1	10.7	10.8	4.7	4.2	-0.9	-14.1	0.53	
1979	-13.4	-8.3	-4.8	-0.2	2.4	11.5	10.7	9.3	5.6	1.0	-3.7	-8.7	0.12	
1980	-10.4	-9.9	-7.2	0.9	7.3	11.5	12.3	10.0	7.4	-0.7	-6.7	-3.6	0.91	
1981	-6.4	-8.1	-6.7	-0.8	6.0	8.5	11.3	10.2	7.7	0.8	-3.7	-14.0	0.4	
1982	-9.2	-5.1	-2.1	1.0	4.7	9.7	13.5	11.0	6.5	1.9	-2.3	-4.3	2.11	
1983	-2.6	-7.2	-2.8	-0.7	4.6	9.1	12.8	11.9	6.2	2.9	-2.1	-4.5	2.3	
1984	-10.1	-6.5	-6.8	1.6	6.6	9.5	12.2	11.9	5.3	3.0	-1.9	-3.9	1.74	
1985	-11.0	-8.6	-6.0	-2.0	5.9	9.6	11.6	9.6	4.1	5.9	-7.4	-9.1	0.22	
1986	-11.8	-11.3	-2.6	-3.0	5.5	12.7	11.9	8.2	4.2	2.9	-0.5	-7.3	0.74	
1987	-12.7	-6.6	-8.3	1.3	4.3	8.3	11.6	9.0	4.6	2.8	-3.6	-2.4	0.69	
1988	-4.8	-6.0	-6.9	-2.2	6.6	14.1	11.4	10.5	8.2	1.2	-2.5	-3.4	2.18	
1989	1.0	-2.3	-1.5	-0.3	5.0	9.6	12.3	9.3	6.7	2.7	-0.9	-6.1	2.96	
1990	-3.0	-0.6	-0.6	0.6	7.2	10.3	11.4	11.1	5.1	2.4	-2.9	-2.4	3.22	
1991	-4.5	-9.3	-1.3	0.5	4.9	7.1	14.0	11.6	6.3	1.5	-1.4	-1.3	2.34	
1992	-1.1	-2.4	-2.0	-1.3	7.6	11.5	11.0	8.9	6.8	-2.0	-3.3	-3.6	2.51	
1993	-4.1	-2.4	-3.6	0.3	6.9	8.4	10.1	8.3	4.4	1.2	-7.0	-8.1	1.2	
1994	-7.6	-13.4	-4.5	1.1	4.8	7.8	14.8	10.4	5.5	0.8	-1.2	-4.2	1.19	
1995	-4.6	-4.7	-3.9	-1.1	4.2	10.4	11.7	12.4	6.4	4.8	-2.5	-8.0	2.09	
1996	-9.1	-10.0	-5.5	0.9	3.3	10.0	10.2	12.0	5.7	3.0	-6.3	-7.5	0.56	
1997	-4.9	-4.5	-2.9	-1.3	4.2	10.8	13.2	14.3	7.4	1.6	-3.4	-5.0	2.46	
1998	-4.7	-1.2	-4.2	-0.7	5.9	8.6	10.3	9.5	8.5	0.6	-7.5	-4.4	1.73	
1999	-6.2	-4.9	-3.5	2.1	4.3	9.1	12.5	10.3	9.6	1.9	1.1	-7.5	2.4	
2000	-2.5	-4.1	-3.0	1.1	7.4	8.4	12.3	10.4	6.8	4.5	-0.4	-5.2	2.98	
2001	-7.0	-10.9	-8.4	-0.8	5.7	9.4	12.5	10.7	7.2	4.3	-1.6	-6.9	1.18	
2002	-3.2	-4.1	-2.7	2.5	7.1	10.7	12.7	14.6	9.1	-1.1	-7.0	-10.1	2.38	
2003	-4.5	-6.6	-1.1	1.4	4.4	11.0	14.4	12.3	7.7	0.0	-2.0	-3.4	2.8	
2004	-9.2	-3.6	-2.5	2.4	6.9	9.7	11.0	12.3	8.0	1.6	-1.7	-1.6	2.78	
2005	-5.4	-3.4	1.7	4.1	8.8	11.2	7.7	99	99	99	99	99	99
2006	99	99	99	99	99	99	99	12.9	9.9	3.3	-0.1	0.5	99       
2007	-3.6	-8.1	-0.9	2.0	4.8	11.9	11.3	10.9	6.0	4.0	-1.9	-5.4	2.58
2008	-4.2	-2.2	-5.1	0.0	6.1	9.7	13.3	10.6	6.7	2.3	-2.1	-6.7	2.36
2009	-6.3	-7.9	-2.6	3.5	6.2	10.1	12.8	10.9	8.1	-0.9	-3.4	-10.4	1.67
2010	-14.7	-11.5	-2.0	0.2	4.1	10.1	12.6	11.1	6.1	1.4	-9.2	-13.9	-0.47
2011	-5.8	-9.0	-3.6	4.6	5.5	10.7	12.9	10.8	8.6	3.7	0.8	-4.2	2.91
2012	-7.8	-4.6	1.7	-1.1	5.7	8.3	11.0	11.2	5.8	-0.1	-0.1	-12.9	1.42