2002 -0.53   1.15  2.41  7.02  12.82  15.91  17.54  20.11  13.54   3.91  -0.64  -5.69   7.29
2003 -3.42  -2.44  2.17  5.75  10.43  15.28  18.70  17.32  13.16   4.70   3.44   1.02   7.11
2004 -3.64  -0.77  2.31  7.34  12.48  14.25  15.58  17.68  12.69   6.99   1.55   1.92   7.29
2005  1.40  -1.61 -0.35  6.51   9.51  14.19  18.27  15.97  12.78   7.86   4.31  -0.73   7.30
2006 -2.77  -3.56 -3.49  4.98  11.71  15.45  19.69  18.05  15.45   9.72   5.07   4.60   7.89
2007  0.52  -2.40  4.75  8.15  10.58  16.66  16.00  17.22  11.58   7.40   1.95   0.76   7.76
2008  1.74   2.70  1.27  6.88  12.43  15.52  18.16  15.98  11.67   7.96   3.01  -0.32   8.08
2009 -1.20  -3.08  1.69  8.97  11.51  14.86  16.90  16.30  13.16   5.00   4.56  -3.57   7.09
2010 -8.34  -6.28  0.20  5.99  10.01  14.41  16.97  15.70  10.99   5.79	 -1.47	-8.55	4.61
2011 -2.40  -4.18  0.83	 9.28  10.63  15.16  17.55  15.70  12.68   8.37   5.75   2.05   7.62
2012 -1.28  -1.71  5.37  4.80  11.85   	