1995	99	99	99	99	99	99	99	99	99	6.77	4.36	2.22	99	
1996	5.04	1.11	3.05	4.85	4.97	8.02	9.84	13.27	9.99	8.33	2.77	2.69	6.17	
1997	3.43	2.97	2.8	2.08	5.78	9.08	12.06	13.79	10.49	6.0	5.67	5.01	6.54	
1998	4.11	4.14	2.81	4.47	6.31	8.75	12.07	11.83	11.14	7.38	5.11	4.8	6.93	
1999	3.57	3.01	3.63	4.83	6.51	9.52	11.33	10.67	11.97	8.81	7.05	3.07	7.1	
2000	3.22	3.63	2.28	3.87	7.73	8.03	9.53	11.41	10.8	9.68	7.53	4.3	6.82	
2001	5.11	0.26	1.91	4.21	5.82	8.23	10.08	11.56	10.13	9.13	4.34	3.7	6.24	
2002	3.99	3.13	3.36	6.86	9.25	12.95	13.43	14.47	10.85	6.14	4.28	4.14	7.77	
2003	2.17	6.14	5.45	5.18	7.04	9.73	14.72	14.09	10.85	6.52	7.37	3.39	7.72	
2004	3.21	3.0	5.06	7.09	8.62	8.53	12.22	13.49	13.92	99	4.03	4.49	99	
2005	4.57	3.48	3.49	5.38	6.01	9.15	11.22	11.63	9.77	8.56	6.08	4.8	7.27	
2006	6.03	3.68	1.4	5.15	7.74	9.06	11.74	13.07	12.24	7.89	6.52	6.54	7.61	
2007	2.91	2.61	5.55	4.77	6.48	9.53	13.47	11.76	8.75	7.8	99	6.1	7.24
2008	99	99	3.0	99	7.0	11.8	12.3	11.3	99	8.1	4.8	5.0	99
2009	4.0	2.4	99	99	8.3	9.2	11.5	13.2	10.4	6.9	99	99	99
2010	99	0.7	99	5.0	99	8.4	11.8	11.9	11.2	7.9	99	1.6	99
2011	3.9	3.3	2.9	7.2	8.5	10.1	11.2	12.3	11.8	9.1	8.3	4.9	7.79
2012	4.6	4.2	5.1	3.4	99	8.6	10.3	10.6	9.5	6.6	6.6	2.3	6.52