1891	-9.4	-2.1	-5.5	2.2	8.1	13.3	15.8	12.6	9.0	6.2	-2.2	-7.8	3.4	
1892	-12.6	-9.1	-3.5	2.8	7.3	12.4	14.6	12.3	8.7	3.8	-1.0	-8.5	2.3	
1893	-11.8	-13.6	-0.9	4.2	8.4	14.4	16.1	13.4	7.3	3.6	-3.5	-3.7	2.8	
1894	-5.5	-6.3	0.1	4.5	7.5	14.6	16.9	12.6	7.9	1.3	0.2	-4.8	4.1	
1895	-11.7	-10.3	-3.6	2.1	11.2	13.3	13.4	12.9	9.3	1.4	-3.1	-8.6	2.2	
1896	-7.3	-3.0	-1.4	3.7	9.6	15.2	16.2	12.7	9.2	3.4	-4.2	-7.4	3.9	
1897	-9.9	-8.3	-3.5	3.2	8.7	13.9	16.8	14.8	8.5	2.9	-3.1	-4.0	3.3	
1898	-2.2	-5.0	-3.4	2.0	7.3	13.2	13.1	12.2	9.5	3.8	-3.4	-6.0	3.4	
1899	-9.7	-7.4	-4.9	1.7	6.8	13.3	16.7	13.4	8.0	2.9	1.1	-7.3	2.9	
1900	-7.5	-13.7	-2.9	1.8	6.6	15.7	14.3	12.7	8.4	3.7	-1.7	-6.1	2.6	
1901	-11.2	-11.1	-3.4	3.5	10.6	13.5	19.9	14.9	10.7	7.0	-4.1	-7.2	3.6	
1902	-6.1	-10.1	-2.8	1.2	6.3	13.9	12.7	11.1	7.1	2.0	-2.5	-8.8	2.0	
1903	-10.6	-2.6	1.2	2.1	8.3	13.6	14.6	12.3	9.1	2.0	-3.8	-6.8	3.3	
1904	-5.5	-9.6	-8.2	2.7	6.8	13.1	15.5	13.0	8.5	3.9	-3.7	-6.7	2.5	
1905	-9.8	-4.7	-0.8	0.7	9.1	15.6	15.3	11.9	8.4	0.3	-3.6	-3.2	3.3	
1906	-7.2	-5.2	-2.1	3.7	8.9	14.9	14.2	12.8	9.1	4.3	0.2	-6.1	4.0	
1907	-8.3	-5.4	-1.2	2.9	7.1	11.9	13.5	10.8	8.3	7.9	-0.4	-8.0	3.3	
1908	-7.0	-3.1	-4.8	2.7	8.0	13.6	15.0	14.1	8.7	4.9	-2.7	-5.1	3.7	
1909	-6.7	-6.9	-5.1	1.3	5.8	14.0	14.5	12.7	8.6	6.3	-3.6	-8.7	2.7	
1910	-9.1	-2.2	-0.1	3.7	10.0	14.1	14.9	13.7	9.4	3.6	-3.4	-6.0	4.0	
1911	-7.2	-3.6	-1.6	3.1	10.7	13.1	15.2	14.9	9.6	1.2	-3.4	-3.2	4.1	
1912	-10.9	-7.3	0.1	1.9	8.1	13.6	16.5	12.8	7.3	2.6	-2.9	-3.7	3.2	
1913	-10.0	-3.8	-0.6	3.2	9.7	13.6	15.9	12.9	9.5	4.7	1.3	-7.2	4.1	
1914	-8.6	-1.6	-3.2	5.0	8.4	14.8	19.7	14.5	10.1	3.9	-2.1	-2.1	4.9	
1915	-8.8	-5.2	-4.1	2.9	7.5	12.2	13.8	13.7	8.2	1.7	-4.2	-13.5	2.0	
1916	-5.1	-5.8	-3.9	3.6	8.6	11.7	16.1	13.6	8.5	1.5	0.4	-5.1	3.7	
1917	-15.7	-7.8	-5.4	0.3	9.0	15.4	14.7	15.6	10.3	4.0	-2.2	-8.6	2.5	
1918	-10.9	-6.5	-2.1	4.0	10.9	12.1	15.4	14.1	7.5	5.3	-0.1	-6.7	3.6	
1919	-4.8	-8.9	-2.9	2.3	11.9	12.9	16.9	11.5	9.3	2.4	-5.7	-9.3	3.0	
1920	-7.6	-2.5	1.2	3.6	9.6	13.6	14.3	11.9	9.1	2.0	-0.9	-5.6	4.1	
1921	-6.1	-6.4	1.1	6.3	9.5	12.1	15.1	12.3	7.4	3.9	-4.0	-5.3	3.8	
1922	-10.2	-8.6	-2.8	0.6	7.8	12.9	14.7	12.4	8.2	2.4	-1.7	-3.8	2.7	
1923	-3.9	-8.7	-0.9	1.8	6.2	9.6	15.6	12.2	8.4	3.4	-4.6	-8.4	2.6	
1924	-7.1	-9.0	-5.5	1.3	7.3	11.6	14.5	13.3	9.7	4.8	-0.5	-1.1	3.3	
1925	-4.8	-3.1	-4.0	3.4	8.3	14.3	18.2	14.3	9.0	2.4	-6.1	-11.6	3.4	
1926	-8.3	-8.7	-0.8	4.0	7.9	13.8	17.0	14.3	9.1	0.1	-0.6	-7.6	3.4	
1927	-4.3	-6.6	-0.3	1.5	5.5	10.6	17.2	14.9	8.8	2.8	-5.4	-12.9	2.7	
1928	-7.9	-6.5	-3.8	3.2	8.5	10.8	13.0	12.8	8.6	3.6	-2.4	-7.1	2.7	
1929	-9.9	-12.0	0.7	1.4	8.5	12.2	15.2	12.0	9.5	4.7	0.1	-1.7	3.4	
1930	-1.4	-5.4	-2.1	4.9	9.8	14.6	16.4	15.1	8.8	4.8	-1.6	-3.7	5.0	
1931	-9.1	-7.0	-5.3	1.7	8.7	11.4	15.6	13.2	7.8	3.7	1.8	-5.9	3.1	
1932	-2.4	-1.3	-3.6	2.4	9.1	12.8	15.6	14.0	7.9	1.3	-3.4	-2.6	4.15	
1933	-5.2	-6.3	-2.2	2.4	8.7	16.7	16.5	13.7	10.0	3.7	-4.5	-7.7	3.8	
1934	-4.5	-3.7	-1.8	1.7	8.7	14.0	16.2	14.4	10.5	4.4	-2.7	-2.0	4.6	
1935	-7.0	-4.8	-3.4	2.4	7.5	13.5	15.6	14.2	8.0	3.4	0.8	-5.8	3.7	
1936	-7.7	-8.2	-3.4	1.5	9.5	15.1	15.5	13.7	7.1	2.0	-1.8	-1.6	3.5	
1937	-5.6	-9.4	-4.5	3.5	10.6	12.5	17.2	16.4	8.9	6.2	-3.4	-10.0	3.5	
1938	-6.7	-3.5	1.4	3.4	8.0	11.5	15.1	14.8	10.1	5.0	1.2	-4.4	4.7	
1939	-8.8	-3.1	-3.1	1.6	8.4	13.0	14.3	15.7	9.9	0.8	-0.8	-9.4	3.2	
1940	-12.8	-13.6	-5.7	1.5	10.2	14.4	14.9	12.2	7.1	2.6	-1.9	-8.1	1.7	
1941	-17.1	-11.0	-4.8	0.7	7.5	14.2	17.1	12.3	8.6	1.9	-2.2	-8.7	1.5	
1942	-16.3	-12.1	-8.0	3.2	7.7	11.6	14.4	13.3	8.5	3.4	-0.7	-4.1	1.7	
1943	-9.9	-2.1	0.4	4.3	9.4	13.7	15.6	12.2	9.0	6.2	-1.6	-7.2	4.2	
1944	-8.0	-4.9	-3.3	0.8	6.8	11.1	16.2	14.9	8.9	4.8	-2.0	-2.9	3.5	
1945	-10.2	-5.5	0.0	4.0	8.2	13.2	16.9	15.9	9.1	3.0	-4.5	-5.4	3.7	
1946	-8.5	-8.4	-3.8	4.9	10.0	12.6	16.0	13.2	9.5	2.1	-0.1	-3.8	3.6	
1947	-7.4	-17.1	-7.7	1.9	11.1	15.1	16.4	17.8	10.9	3.2	-5.3	-8.1	2.6	
1948	-12.2	-8.1	-1.8	4.4	9.8	12.9	16.4	12.9	9.2	1.6	-1.9	-2.5	3.4	
1949	-5.0	-3.6	-3.1	4.2	9.5	13.3	16.0	12.7	12.0	4.1	-0.5	-7.3	4.4	
1950	-9.9	-6.4	-0.9	3.6	9.1	12.9	14.1	14.0	8.6	4.2	-4.4	-9.5	3.0	
1951	-11.0	-5.7	-6.6	1.2	7.6	12.4	13.5	13.9	9.8	4.3	-0.2	-2.7	3.0	
1952	-10.0	-6.6	-4.4	4.7	8.9	11.5	14.5	12.2	5.8	1.8	-5.0	-7.6	2.1	
1953	-10.3	-9.6	0.4	3.1	9.3	16.6	14.5	12.8	8.1	6.1	1.5	-2.9	4.1	
1954	-10.9	-11.9	-2.6	1.8	10.3	12.7	13.7	12.9	8.1	2.1	-1.8	-3.2	2.6	
1955	-8.0	-9.6	-4.6	0.6	5.9	11.9	18.2	16.4	9.9	2.7	-1.0	-9.4	2.7	
1956	-11.1	-11.4	-3.9	1.7	9.5	12.3	14.7	11.1	8.7	3.2	-3.6	-5.0	2.2	
1957	-6.0	-7.0	-4.3	2.4	7.8	11.6	15.1	12.6	7.5	3.3	-2.5	-5.7	2.9	
1958	-10.0	-12.6	-7.4	1.3	6.7	13.0	14.5	13.2	10.2	5.5	-0.7	-7.8	2.2	
1959	-10.7	-7.8	-1.5	2.5	9.5	13.6	16.4	15.1	9.0	3.7	0.6	-3.7	3.9	
1960	-9.0	-10.7	-2.4	2.8	10.2	14.8	13.5	13.2	8.9	1.4	-2.2	-5.8	2.9	
1961	-10.6	-6.9	0.1	2.5	8.6	14.0	14.0	11.9	10.0	7.3	-0.8	-9.5	3.4	
1962	-7.5	-6.0	-7.2	1.9	6.3	11.5	13.2	11.2	7.9	3.8	-3.2	-9.6	1.9	
1963	-12.5	-13.4	-5.4	2.4	9.1	14.5	14.2	13.5	8.8	4.1	-2.3	-7.2	2.1	
1964	-7.2	-6.4	-4.3	3.5	9.5	11.6	12.6	12.4	8.1	2.9	-2.3	-7.3	2.8	
1965	-8.1	-4.7	-5.2	2.6	7.0	12.6	12.7	12.0	9.7	4.0	-6.0	-12.7	2.0	
1966	-14.9	-13.6	-2.8	-0.9	7.0	15.2	14.9	12.5	7.6	3.1	-2.0	-6.0	1.7	
1967	-12.3	-5.9	-0.2	2.0	6.9	12.2	14.1	13.5	9.0	4.2	0.1	-8.2	3.0	
1968	-12.2	-10.4	-2.7	3.3	6.8	14.5	14.4	14.3	9.5	1.9	-7.9	-8.5	1.9	
1969	-7.4	-13.2	-7.7	1.9	8.3	15.8	14.9	99.0	99.0	4.5	-6.2	-9.4	99.0	
1970	-12.4	-13.9	-4.0	0.6	9.0	16.2	12.5	13.8	7.8	4.1	-4.5	-5.3	2.0	
1971	-6.2	-3.4	-4.9	1.9	8.7	11.6	14.2	12.9	8.6	3.6	-3.6	-4.0	3.3	
1972	-11.7	-7.1	-2.4	2.3	9.1	12.5	16.7	12.7	7.7	4.1	-2.1	-2.2	3.3	
1973	-2.2	-4.9	1.4	1.6	8.3	13.9	16.2	12.4	7.1	0.8	-4.5	-6.5	3.6	
1974	-3.4	-3.7	-1.9	4.8	9.2	12.5	13.2	13.3	9.1	3.0	-2.0	-4.7	4.1	
1975	-3.9	-6.8	-2.4	1.4	9.1	12.3	16.7	16.1	9.9	4.3	-0.3	-2.9	4.5	
1976	-9.3	-5.8	-4.2	2.9	9.9	13.5	16.0	15.8	6.7	2.4	-2.4	-8.8	3.1	
1977	-9.7	-10.0	-1.2	0.3	8.5	12.5	14.4	13.2	7.8	4.9	-0.8	-5.1	2.9	
1978	-7.1	-11.0	-3.0	1.4	9.4	14.3	13.7	12.9	6.8	3.3	-0.3	-13.4	2.2	
1979	-14.1	-9.7	-2.3	2.2	6.9	14.5	13.2	11.7	8.2	2.4	-4.5	-8.9	1.6	
1980	-12.0	-11.7	-5.1	3.5	9.4	14.3	15.4	13.4	9.6	1.5	-7.3	-5.8	2.1	
1981	-9.0	-7.8	-4.9	2.2	10.2	10.8	14.1	99.0	99.0	99.0	99.0	99.0	99.0	
1982	99	99	99	99	99	99	99	99	99	99	99	-6.5	99
1983	-4.1	-8.3	-1.2	2.8	8.9	13	16.2	14.6	9.4	4.7	-0.8	-5.1	4.2
1984	-10.5	-5.9	-4.1	4.5	10.2	12.9	14.5	14.1	8.2	4.8	-0.3	-2.9	3.8
1985	-11.6	-12.6	-2.8	0.9	9.2	13.1	14.7	12.8	6.6	5.2	-5.6	-11.3	1.5
1986	-12.3	-11.4	-0.7	0.7	9.4	15.9	15.1	11.3	6.4	4.3	1	-5.6	2.8
1987	-16.2	-8.1	-6.8	3.6	7.6	10.8	15	11.4	7.5	5.6	-2.1	-6.6	1.8
1988	-2.8	-4.4	-4	1	10	16.8	15.2	13.4	10.1	2.3	-3.5	-6.6	4
1989	-1.8	-0.7	1.1	3.1	8.9	13.8	15.7	12.5	9.5	3.9	0.6	-7.2	4.9
1990	-4.6	1.5	2.7	4.3	10.8	14	14.8	14.2	8.2	4.4	-2.3	-3.7	5.4
1991	-6.5	-8.5	0.1	3.8	8.4	10.3	16.8	14.7	8.7	3.9	-1.3	-3.6	3.9
1992	-3.2	-3.8	0.7	2.3	11.5	15.6	14.2	12	9	0.6	-3.6	-5	4.2
1993	-3.6	-2.7	-1.4	4.2	10.6	11.3	13.8	11.4	6.6	2.5	-4.2	-9	3.3
1994	-9	-12	-2.2	4.1	8	11.7	18.8	13.7	8	2.4	99	99	99
1995	99	99	99	99	99	99	99	99	99	99	99	99	99
1996	99	99	99	99	99	99	99	99	99	99	99	99	99
1997	99	99	99	99	99	99	17.3	17.6	9.4	2.3	-1.5	-4.8	99
1998	-4.6	-2.5	-2.9	1.5	9.6	11.6	13.9	11.9	9.8	2.4	-4.5	-5.1	3.4
1999	-6.2	-6.9	-1.9	4.3	7.6	12.9	15.9	13.4	12.1	3.6	2.4	-7.6	4.1
2000	-3.6	-4.3	-0.7	3.7	10.7	99	14.7	13	9	7	2.7	99	99
2001	99	99	99	99	99	99	99	99	99	99	99	99	99
2002	99	99	99	99	10.6	14.3	15.6	17.7	10.1	0.7	-5.1	-10.6	99
2003	-7.3	-7.1	0	3.6	7.9	14.2	17.4	14.2	9.5	1.6	-0.4	-4.2	4.1
2004	-8.6	-4.5	-0.6	4.9	10.1	12.7	14.3	15.1	9.7	3.9	-2.1	-4.5	4.2
2005	-1.9	-3.9	-3.3	4.9	7.5	12.6	17.3	14	10.6	5.2	2.2	-4.7	5
2006	-5.4	-5	-5.8	2.8	9.1	15.2	18.6	16	12.7	5.8	0.5	-0.1	5.4
2007	-5.2	-7.2	1.7	5.1	9.5	15.6	15.0	14.5	8.5	4.8	-1.5	-5.7	4.59
2008	-3.1	-1.6	-1.7	4.6	9.9	14.1	17.0	13.4	9.3	5.0	-1.2	-5.9	4.98
2009	-5.8	-8.9	-0.6	5.7	10.4	14.0	15.6	14.1	10.7	1.7	0.0	-8.0	4.07
2010	-12.4	-10.4	-2.0	3.5	9.0	13.6	16.4	14.5	9.0	3.5	-6.3	-13.0	2.11
2011	-7.2	-8.2	-2.5	7.6	9.5	14.7	15.9	14.4	11.0	5.1	2.1	-3.2	4.93
2012	-7.1	-5.7	3.0	2.7	9.8	12.1	14.4	14.0	9.1	2.6	2.6	-9.0	4.04