1998	99	4.14	2.13	3.9	6.21	8.75	12.36	12.09	11.2	7.39	4.68	4.7	99	
1999	3.34	2.76	3.32	4.53	6.15	9.36	11.04	10.41	11.5	8.42	6.58	2.72	6.69	
2000	2.84	3.11	1.84	3.25	6.89	7.53	9.37	11.28	10.69	9.47	7.49	4.04	6.5	
2001	4.97	0.49	1.69	4.48	5.81	8.26	10.12	11.32	10.47	8.96	4.44	3.61	6.28	
2002	3.82	2.79	3.25	6.4	8.54	12.15	13.35	14.44	10.65	6.04	3.85	3.72	7.38	
2003	1.7	6.02	5.3	4.88	6.68	9.32	14.04	13.65	10.9	6.51	7.08	3.65	7.48	
2004	2.91	2.76	4.84	6.56	8.03	8.68	12.24	13.33	13.9	99	3.99	4.63	99	
2005	4.35	3.41	3.19	5.14	5.94	8.84	11.67	11.59	9.74	8.34	6.07	4.31	7.24	
2006	5.75	3.58	1.52	4.67	7.37	8.78	11.35	12.7	11.93	7.83	6.4	6.24	7.37	
2007	2.8	2.14	5.25	4.58	6.39	9.52	13.28	11.79	8.78	7.9	4.5	6.2	6.92
2008	99	4.1	3.0	4.9	7.0	9.2	12.0	12.2	11.3	8.3	4.8	4.9	7.42
2009	3.8	2.3	4.3	5.9	8.1	8.9	11.5	13.2	10.6	6.9	6.8	4.1	7.19
2010	3.5	0.7	2.7	4.6	6.4	8.1	99	99	11.0	7.8	99	1.7	99
2011	3.7	2.9	2.5	6.5	7.9	9.9	11.1	12.1	11.6	8.9	8.1	4.7	7.49
2012	99	3.9	4.8	3.2	99	99	10.4	10.6	9.5	6.6	6.6	2.0	6.4