   180 10.2012  1.5             
   700 10.2012 -0.2              
  2650 10.2012  3.8              
  3190 10.2012  6.3              
  3290 10.2012  4.5              
  4200 10.2012  4.5              
  4460 10.2012  3.7              
  4780 10.2012  3.8              
  4920 10.2012  3.9              
  5590 10.2012  3.9              
  5660 10.2012  3.6              
  6020 10.2012  3.4              
  7010 10.2012  2.2              
  8140 10.2012  1.2              
  9310 10.2012 -2.2               
  9580 10.2012 -0.3               
 10380 10.2012 -0.3                
 10800 10.2012 -0.3                
 11500 10.2012  3.4               
 12290 10.2012  3.8               
 12320 10.2012  3.6               
 12550 10.2012  4.1               
 12680 10.2012  2.6               
 13150 10.2012  2.2               
 13160 10.2012 -1.7                
 13420 10.2012 -1.5                
 15270 10.2012 -6.4                
 15730 10.2012 -0.6                
 15890 10.2012 -1.5                
 16560 10.2012  0.1               
 16610 10.2012 -1.6                
 17000 10.2012  7.4               
 17150 10.2012  5.5               
 17280 10.2012  6.9               
 17850 10.2012  4.7               
 18230 10.2012  5.2               
 18500 10.2012  2.7               
 18700 10.2012  5.2               
 18950 10.2012  2.6               
 19710 10.2012  4.6               
 20301 10.2012  4.0               
 23160 10.2012  0.3               
 23410 10.2012 -0.6                
 23420 10.2012  1.8               
 23500 10.2012  0.9               
 23550 10.2012 -0.8                
 24710 10.2012  3.4               
 24890 10.2012  1.4               
 25110 10.2012  0.5               
 25630 10.2012 -0.1                
 25830 10.2012 -2.2                
 26900 10.2012  4.9               
 26990 10.2012  4.8               
 27010 10.2012  3.7               
 27450 10.2012  5.7               
 27500 10.2012  8.6               
 28380 10.2012  3.2               
 28922 10.2012  2.8               
 29400 10.2012 -2.7                
 29720 10.2012 -1.0                
 29950 10.2012  7.7               
 30420 10.2012  5.1               
 30650 10.2012  3.7               
 31620 10.2012  0.1               
 32060 10.2012  4.5               
 32890 10.2012  1.3               
 33890 10.2012  0.5               
 34130 10.2012  7.4               
 35860 10.2012  7.7               
 36200 10.2012  7.9               
 36560 10.2012  5.2               
 37230 10.2012  4.4               
 38140 10.2012  6.8               
 39040 10.2012  6.6               
 39100 10.2012  8.3               
 40880 10.2012  0.1               
 41090 10.2012  7.6               
 41670 10.2012  5.2               
 41770 10.2012  8.7               
 42160 10.2012  8.4               
 42940 10.2012  2.8               
 43010 10.2012  5.4               
 43350 10.2012  8.1               
 44080 10.2012  8.0               
 44300 10.2012  7.1               
 44560 10.2012  7.8               
 44610 10.2012  8.5               
 44640 10.2012  7.4               
 45530 10.2012  5.4               
 45870 10.2012  7.4               
 46510 10.2012  0.3               
 46610 10.2012  5.4               
 47260 10.2012  7.5               
 47300 10.2012  8.3               
 48120 10.2012  7.2               
 48330 10.2012  8.4               
 49490 10.2012  6.0               
 49800 10.2012  1.0               
 50070 10.2012  6.5               
 50310 10.2012  3.0               
 50500 10.2012  6.1               
 50540 10.2012  7.0               
 51440 10.2012  0.6               
 51530 10.2012  4.3               
 51800 10.2012  1.5               
 52310 10.2012  4.3               
 52535 10.2012  7.9               
 52860 10.2012  6.0               
 53101 10.2012  6.1               
 54110 10.2012  4.7               
 54710 10.2012 -1.3                
 55290 10.2012 -4.4                
 55700 10.2012  2.3               
 55820 10.2012  4.1               
 56420 10.2012  6.4               
 57000 10.2012  3.4               
 57420 10.2012  4.3               
 57710 10.2012  6.9               
 57770 10.2012  8.0               
 58070 10.2012  4.5               
 58100 10.2012  5.0               
 58900 10.2012  3.3               
 59110 10.2012  7.4               
 59610 10.2012  5.2               
 59680 10.2012  3.6               
 59800 10.2012  8.0               
 60500 10.2012  5.6               
 60945 10.2012  6.4               
 60990 10.2012  7.0               
 61060 10.2012  6.0               
 61410 10.2012 -2.8                
 61420 10.2012  4.5               
 61630 10.2012 -0.3                
 62270 10.2012  5.3               
 62480 10.2012  7.4               
 63420 10.2012  5.1               
 63705 10.2012  1.5               
 64330 10.2012  5.8               
 64870 10.2012  2.3               
 65310 10.2012  7.4               
 65940 10.2012  7.0               
 66150 10.2012  3.5               
 67280 10.2012  1.7               
 67560 10.2012  2.0               
 68290 10.2012  3.0               
 68860 10.2012  4.0               
 69100 10.2012  4.4               
 69150 10.2012  4.3               
 69380 10.2012  2.3               
 69655 10.2012  5.0               
 70150 10.2012  4.3               
 71000 10.2012  4.0               
 71550 10.2012  5.7               
 71780 10.2012  4.2               
 71850 10.2012  7.1               
 71990 10.2012  6.5               
 72580 10.2012  3.7               
 73500 10.2012  0.9               
 73550 10.2012  1.6               
 74350 10.2012  2.1               
 75220 10.2012  4.6               
 75410 10.2012  6.4               
 75550 10.2012  6.5               
 76330 10.2012  5.4               
 76450 10.2012  5.0               
 76530 10.2012  4.9               
 76750 10.2012  5.3               
 76920 10.2012  9.8               
 76923 10.2012  8.1               
 76925 10.2012  7.4               
 76926 10.2012  9.3               
 76928 10.2012  6.6               
 76930 10.2012  6.6               
 76931 10.2012  8.3               
 76932 10.2012  8.7               
 76933 10.2012  8.3               
 77230 10.2012  1.2               
 77425 10.2012  1.1               
 78800 10.2012  1.2               
 79600 10.2012  1.3               
 79764 10.2012  0.4               
 80102 10.2012  6.0               
 80610 10.2012  6.4               
 80740 10.2012  2.9               
 82000 10.2012  1.7               
 82260 10.2012  3.5               
 82290 10.2012  4.2               
 82410 10.2012  5.6               
 83710 10.2012  2.8               
 84700 10.2012  3.1               
 84970 10.2012  1.5               
 85040 10.2012  4.9               
 85380 10.2012  5.3               
 85450 10.2012  4.7               
 85560 10.2012  2.0               
 85840 10.2012  6.2               
 85890 10.2012  6.4               
 86500 10.2012  3.5               
 86600 10.2012  3.4               
 86740 10.2012  4.9               
 87110 10.2012  3.8               
 87640 10.2012  3.2               
 88690 10.2012  4.5               
 89350 10.2012  0.0               
 89940 10.2012 -0.1                
 90400 10.2012  3.2               
 90450 10.2012  2.6               
 90490 10.2012  2.9               
 90800 10.2012  5.0               
 91380 10.2012  2.0               
 91740 10.2012  2.8               
 92350 10.2012  3.6               
 92750 10.2012  4.5               
 93140 10.2012  2.8               
 93301 10.2012 -1.1                
 93700 10.2012 -0.7                
 93900 10.2012 -1.3                
 94280 10.2012  3.2               
 94500 10.2012  4.9               
 94680 10.2012  4.5               
 95350 10.2012  2.6               
 96310 10.2012  3.6               
 96400 10.2012  4.1               
 96800 10.2012  2.2               
 97251 10.2012 -0.3                
 97350 10.2012 -0.5                
 98090 10.2012  3.5               
 98360 10.2012  1.8               
 98400 10.2012  3.6               
 98550 10.2012  4.1               
 98580 10.2012  3.3               
 98790 10.2012  2.7               
 99370 10.2012  1.7               
 99460 10.2012  1.9               
 99710 10.2012  1.2               
 99720 10.2012  0.3               
 99760 10.2012 -2.4                
 99840 10.2012 -2.7                
 99910 10.2012 -3.3                
 99950 10.2012  1.0