1927	99	99	99	99	99	99	99	13.4	8.1	3.4	-3.9	-7.7	99
1928	-5.1	-3.9	-3.1	1.9	7.4	9.0	11.3	11.4	8.1	3.4	-0.8	-3.8	3.0
1929	-6.3	-10.4	1.7	-0.2	6.7	10.1	13.2	10.5	9.4	3.4	0.7	-1.2	3.1
1930	-1.3	-3.3	-1.3	3.1	8.1	12.6	14.5	13.3	7.7	4.2	-0.6	-2.3	4.6
1931	-6.2	-6.2	-4.7	0.0	7.2	9.8	13.1	11.9	7.4	3.2	0.6	-2.8	2.8
1932	-0.7	-0.9	-3.3	1.3	7.7	11.6	14.6	14.0	8.1	1.3	-0.5	-0.4	4.4
1933	-3.8	-5.8	-0.7	2.1	7.4	15.8	16.1	13.3	10.1	3.8	-2.2	-2.3	4.5
1934	-2.1	-0.3	-1.6	1.8	8.1	13.2	15.6	13.4	10.6	4.7	-0.7	-0.9	5.1
1935	-3.6	-3.0	-1.2	1.9	7.3	12.4	15.4	13.9	7.9	3.5	0.6	-3.3	4.3
1936	-5.1	-6.8	-1.4	0.6	9.4	14.6	14.2	13.7	8.2	2.5	0.2	-0.5	4.1
1937	-5.4	-7.1	-4.9	3.1	9.6	11.0	16.4	15.9	8.9	6.2	-1.7	-6.9	3.8
1938	-3.6	-0.9	2.0	2.9	6.4	10.1	13.6	15.2	10.2	4.7	2.1	-4.8	4.8
1939	-5.2	-1.0	-2.5	2.1	7.8	12.2	13.1	15.0	10.2	1.6	-0.3	-5.9	3.9
1940	-8.3	-10.7	-5.1	0.4	9.4	14.2	13.2	11.1	7.0	2.9	-1.2	-4.0	2.4
1941	-10.1	-9.0	-3.0	0.6	6.7	13.2	16.4	11.3	8.8	2.7	-2.3	-4.7	2.6
1942	-12.8	-9.4	-6.5	3.3	6.6	9.8	13.4	12.1	8.2	3.8	-0.5	-2.7	2.1
1943	-7.3	-1.3	0.8	3.4	8.3	12.1	13.9	11.3	8.5	5.3	-1.0	-2.5	4.3
1944	-2.8	-3.6	-2.1	1.1	5.9	9.5	14.9	14.2	8.0	4.7	-1.8	-2.4	3.8
1945	-7.0	-3.6	1.6	3.7	7.1	11.7	15.7	15.5	8.6	4.7	-1.5	-4.7	4.3
1946	-4.4	-5.6	-2.4	4.1	9.2	10.3	14.4	12.0	9.0	3.9	-0.1	-3.0	3.9
1947	-6.4	-12.1	-6.1	1.0	12.2	13.9	15.4	18.1	10.8	4.0	-4.1	-3.8	3.6
1948	-7.8	-4.3	1.6	4.0	9.0	11.3	15.0	12.1	8.5	2.4	-0.2	-0.4	4.3
1949	-2.6	-1.1	-2.2	3.1	9.0	12.0	15.1	12.3	11.6	4.4	-0.6	-2.9	4.8
1950	-6.7	-4.2	-0.6	2.7	9.2	11.9	12.9	13.2	8.2	3.9	-2.3	-5.6	3.5
1951	-7.5	-4.9	-6.1	0.0	6.6	11.2	12.2	12.5	9.6	5.3	-0.5	-0.6	3.2
1952	-5.2	-3.1	-4.6	3.9	7.6	9.5	13.0	11.1	5.9	0.9	-3.7	-4.7	2.6
1953	-4.2	-6.6	1.7	2.0	7.7	15.1	13.1	12.0	8.3	6.0	1.3	-1.6	4.6
1954	-6.7	-9.3	-2.7	1.1	9.2	10.7	12.0	12.1	7.8	2.9	-1.5	-2.0	2.8
1955	-5.1	-6.8	-3.9	0.2	4.8	11.1	18.2	16.4	9.8	3.1	0.3	-5.3	3.6
1956	-6.6	-8.4	-2.1	1.4	8.3	10.5	13.9	10.1	8.5	3.5	-2.0	-2.8	2.9
1957	-2.7	-5.1	-3.0	2.5	6.0	10.7	14.2	12.3	6.9	4.2	0.0	-2.5	3.6
1958	-6.4	-8.8	-5.0	0.7	5.6	11.8	13.7	11.7	10.4	5.7	1.1	-4.9	3.0
1959	-6.4	-2.2	-0.2	2.5	9.2	12.5	15.5	14.9	10.4	4.8	0.4	-3.8	4.8
1960	-6.0	-8.1	-1.8	2.0	9.5	13.3	11.7	12.3	8.5	1.2	-2.0	-3.9	3.1
1961	-5.5	-2.0	1.0	2.8	7.4	12.4	12.9	11.1	9.8	6.8	0.4	-5.5	4.3
1962	-3.7	-3.3	-5.7	1.5	4.8	10.2	11.4	9.9	7.6	5.4	-2.3	-5.5	2.5
1963	-6.7	-8.3	-4.4	1.2	7.4	13.0	13.2	11.8	8.5	4.7	-1.5	-3.4	3.0
1964	-2.4	-4.9	-2.2	3.3	8.5	10.0	11.2	11.6	7.8	3.8	0.0	-3.4	3.6
1965	-5.2	-3.0	-2.6	1.9	6.0	11.1	11.4	11.0	8.9	6.0	-4.0	-8.1	2.8
1966	-9.2	-10.6	-2.2	-1.3	6.7	14.2	13.8	12.0	8.2	3.5	-1.1	-4.4	2.5
1967	-8.0	-4.1	-0.5	0.9	5.6	11.5	13.2	12.9	9.9	4.4	1.2	-5.4	3.5
1968	-6.9	-5.2	-1.9	3.8	5.7	13.3	12.9	13.8	9.4	2.6	-3.3	-4.8	3.3
1969	-5.7	-10.0	-4.3	1.3	7.2	14.9	14.0	15.9	9.2	5.0	-3.3	-6.1	3.2
1970	-9.1	-11.1	-3.9	-0.7	8.3	15.7	11.2	13.4	7.6	3.6	-3.1	-2.6	2.4
1971	-3.6	-3.0	-4.3	1.4	8.4	11.0	13.7	11.9	8.6	4.7	-2.4	-0.5	3.8
1972	-8.3	-5.2	-2.2	1.4	7.8	11.1	15.3	11.8	7.5	4.3	-0.6	-0.5	3.5
1973	-1.5	-2.7	1.1	0.4	7.0	13.0	15.6	12.0	7.2	2.1	-3.0	-4.5	3.9
1974	-2.2	-2.2	-0.4	5.3	8.6	12.2	12.3	12.4	8.5	1.5	-1.2	-2.3	4.4
1975	-2.3	-2.1	-1.8	1.2	8.4	11.8	15.4	15.7	9.0	4.9	0.0	-1.3	4.9
1976	-5.2	-3.2	-3.9	1.8	8.5	12.7	15.3	16.0	7.0	2.0	-0.7	-6.1	3.7
1977	-6.3	-7.6	-1.3	-1.0	8.1	12.3	13.3	12.5	7.8	4.5	-0.4	-2.6	3.3
1978	-3.8	-8.9	-3.8	1.0	8.5	12.9	12.1	12.0	6.4	4.9	1.3	-9.8	2.7
1979	-9.2	-6.7	-3.7	0.7	5.1	13.0	12.5	11.0	8.0	2.8	-2.0	-5.1	2.2
1980	-7.4	-6.8	-4.9	3.2	9.1	13.2	14.7	12.3	9.2	1.9	-3.1	-3.0	3.2
1981	-4.8	-5.0	-4.4	2.5	9.3	9.6	13.1	12.6	9.2	2.9	-1.8	-9.1	2.8
1982	-8.3	-4.7	-0.8	2.4	6.8	11.2	15.3	14.0	8.9	3.5	0.3	-2.8	3.8
1983	-1.3	-5.0	-1.5	2.0	7.5	11.3	15.5	14.2	8.5	4.3	-1.0	-3.1	4.3
1984	-6.4	-4.8	-4.0	3.0	9.5	11.4	13.1	13.5	6.9	5.4	-0.2	-2.0	3.8
1985	-9.9	-9.1	-3.4	-0.3	8.7	11.4	13.4	11.8	6.5	6.7	-3.8	-5.8	2.2
1986	-7.8	-7.5	-2.0	-0.5	8.1	14.1	13.4	10.1	6.3	4.2	1.4	-4.4	2.9
1987	-10.6	-4.9	-5.7	2.5	6.1	8.9	13.6	10.1	7.6	4.7	-0.5	-1.8	2.5
1988	-2.2	-4.1	-4.2	0.2	9.3	16.0	13.1	12.2	9.7	2.9	-1.6	-3.0	4.0
1989	1.2	-0.1	0.4	1.9	8.3	12.5	14.6	11.2	9.3	4.3	1.0	-3.5	5.1
1990	-1.4	0.4	1.5	3.7	10.3	12.2	13.9	13.2	7.4	4.4	-0.9	-1.6	5.3
1991	-2.6	-6.0	-0.2	2.5	7.7	8.5	16.0	14.2	8.9	3.8	0.2	-0.7	4.4
1992	-0.2	-1.5	-0.4	1.3	11.4	15.5	13.5	11.2	8.4	0.4	-1.3	-1.7	4.7
1993	-2.6	-2.3	-0.9	3.9	10.7	10.6	11.7	10.2	6.5	2.6	-3.3	-4.6	3.5
1994	-5.4	-8.9	-2.5	3.0	8.1	10.7	18.4	13.2	7.5	2.9	0.3	-1.5	3.8
1995	-4.4	-2.5	-2.2	0.7	6.6	12.0	13.8	14.9	8.1	6.2	-1.4	-5.4	3.9
1996	-5.9	-7.6	-2.9	2.9	5.1	11.1	12.9	15.3	8.2	4.9	-2.0	-5.3	3.1
1997	-2.9	-3.0	-0.4	1.7	6.2	13.3	99	99	99	99	99	-3.4	99
1998	-2.7	-0.4	-1.9	0.9	8.7	9.8	11.9	11.0	9.4	2.7	-3.1	-2.4	3.7
1999	-4.1	-3.0	-2.6	3.8	6.4	10.6	14.3	12.9	11.1	4.2	2.2	-4.5	4.3
2000	-1.1	-1.9	-0.9	3.0	9.6	10.1	13.0	12.0	8.4	6.2	2.7	-1.1	5.0
2001	-3.3	-7.0	-4.1	1.0	8.6	11.3	14.5	12.5	8.4	6.5	0.0	-3.7	3.7
2002	-2.0	-1.9	-0.6	3.7	9.5	13.2	14.0	17.4	10.4	0.4	-4.0	-6.4	4.5
2003	-4.1	-3.7	0.0	2.8	6.6	12.5	15.5	13.7	9.2	2.0	0.4	-1.1	4.5
2004	-6.2	-2.2	-0.6	3.9	9.0	10.6	12.5	14.5	9.6	3.5	-1.0	-0.8	4.4
2005	-0.8	-3.8	-2.5	3.9	6.2	10.9	15.4	12.4	9.5	5.5	1.8	-2.8	4.6
2006	-4.0	-4.0	-5.3	1.4	8.5	12.7	16.7	14.9	11.9	5.8	2.1	2.4	5.2
2007	-2.2	-5.8	2.1	5.0	7.6	14.2	12.8	13.4	8.4	5.0	-0.3	-1.1	4.92
2008	-1.8	-0.3	-2.2	3.6	9.7	12.6	15.6	12.1	8.0	4.4	0.5	-2.7	4.95
2009	-3.9	-6.2	-1.5	5.6	8.6	12.4	13.7	12.8	10.0	2.0	0.7	-5.5	4.05
2010	-8.6	-8.1	-1.4	2.9	7.4	11.5	14.1	12.7	8.4	3.3	-4.9	-9.5	2.31
2011	-3.6	-6.8	-1.7	7.1	7.8	12.5	14.5	12.9	10.0	5.2	3.0	-1.5	4.95
2012	-4.3	-4.0	3.4	1.4	8.9	10.0	12.9	12.9	8.2	2.6	2.6	-7.5	3.92