2000   -0.4    0.0   -0.7   -2.0   -2.7   -2.5   -3.8   -5.3   -6.7   -1.9   -1.2    1.1    -0.5    -1.8    -3.9    -3.3   -2.35
2001    2.1    2.3    1.6   -1.6   -0.2   -3.9   -6.4   -6.3   -6.5   -2.9   -2.3   -0.1     1.8    -0.1    -5.5    -3.9   -1.92
2002    0.7    0.3   -2.2   -1.1   -5.9   -9.3   -7.3   -7.5   -3.1   -4.9   -1.9    0.5     0.3    -3.1    -8.0    -3.3   -3.53
2003    2.2    1.8    0.2   -1.2   -3.1   -4.9   -3.4   -2.9   -6.5   -4.1   -1.9   -0.3     1.5    -1.4    -3.7    -4.2   -1.94
2004    1.7    1.0    0.4   -1.4   -3.5   -4.5   -4.8   -9.1   -8.8   -6.6   -1.5   -0.4     0.8    -1.5    -6.1    -5.6   -3.12
2005   -0.1    0.1   -0.8   -2.4   -4.1   -7.4   -7.4   -7.9   -5.6   -2.8   -1.2   -0.5    -0.1    -2.4    -7.6    -3.2   -3.33
2006    1.0    1.8    1.3   -0.6   -2.2   -3.8   -5.4   -7.3   -6.2   -1.9   -1.6    1.0     0.8    -0.5    -5.5    -3.2   -2.12
2007    1.9    1.5   -0.7   -2.1   -2.6   -4.6   -6.7   -4.8   -3.3   -4.6   -2.2   -0.3     1.5    -1.8    -5.4    -3.4   -2.27
2008    0.9    1.1    0.1   -1.7   -2.1   -2.7   -4.7   -6.8   -2.3   -1.6   -0.6   -0.4     0.6    -1.2    -4.7    -1.5   -1.73
2009    1.5    1.3   -0.6   -4.6   -2.6   -4.1   -6.8   -4.1  999.9  999.9  999.9  999.9     0.8    -2.6    -5.0   999.9   -2.60
