1944   999.9   999.9    -0.1    -1.3    -6.7   -13.4   -12.2   -11.2   -10.5    -6.2    -2.0     0.5   999.9    -2.7   -12.3    -6.2   -5.64
1945     0.1     0.8    -1.5    -4.4   999.9    -9.6   -12.8   -10.2   -10.4    -7.4    -4.4     0.2     0.5    -4.0   -10.9    -7.4   -5.44
1946     0.9     0.0    -0.1    -2.4    -4.1    -4.9    -7.5   -12.5    -7.3    -8.7    -4.8    -1.0     0.4    -2.2    -8.3    -6.9   -4.27
1947     1.1     1.6     0.4    -1.9    -5.2   -11.7    -5.9    -9.8    -9.9    -5.6    -2.5    -1.2     0.6    -2.2    -9.1    -6.0   -4.20
1948     0.1    -0.7    -1.4    -4.0    -5.5    -7.2   -14.0   -13.1   -12.8    -5.3    -6.8    -0.9    -0.6    -3.6   -11.4    -8.3   -5.99
1949     0.0    -1.6    -3.7    -8.3   999.9   -14.0   -12.2   -13.9    -9.5    -5.5    -4.4    -0.5    -0.8    -7.0   -13.4    -6.5   -6.92
1950    -0.2    -1.7    -0.8    -3.6    -9.3    -6.5    -7.9   -17.1    -8.8    -4.8    -2.5    -0.5    -0.8    -4.6   -10.5    -5.4   -5.31
1951    -1.0    -0.5    -0.1    -0.6    -4.0    -7.1   -11.3    -8.4   -13.5    -5.4    -1.8     0.0    -0.7    -1.6    -8.9    -6.9   -4.52
1952     0.8     0.2    -2.0    -4.7   -11.0    -8.3   -12.0    -6.9    -5.8    -6.6    -3.0    -1.2     0.3    -5.9    -9.1    -5.1   -4.94
1953    -1.3    -3.0    -4.7   -12.1   -13.3   -14.6   -15.1    -9.8    -8.1    -6.3    -2.8     0.1    -1.8   -10.0   -13.2    -5.7   -7.69
1954     0.3     0.0    -1.3    -4.7    -7.3   -11.7   -13.5   -17.4   -11.7    -2.9    -1.2     0.1     0.1    -4.4   -14.2    -5.3   -5.94
1955     0.2     0.6    -1.4    -2.0    -4.3    -7.9    -6.0    -7.2    -6.8    -3.5    -3.9    -1.3     0.3    -2.6    -7.0    -4.7   -3.51
1956     0.7     0.8     0.4    -1.1    -1.5    -1.9    -6.1    -4.0    -6.4    -2.6    -1.5    -0.9     0.1    -0.7    -4.0    -3.5   -2.04
1957     1.0     0.9     0.1    -1.3    -3.7   -12.3   -14.2   -14.0    -5.0    -7.7    -1.1    -1.3     0.3    -1.6   -13.5    -4.6   -4.85
1958     0.3    -0.8    -2.2    -3.1   -11.9   -17.2   -18.6   -16.8   -13.4    -4.9    -0.7    -1.8    -0.6    -5.7   -17.5    -6.3   -7.55
1959    -1.5    -2.3    -1.9   -14.0   -13.9    -9.3   -20.2   -13.0   -11.0    -5.3    -4.8    -0.9    -1.9    -9.9   -14.2    -7.0   -8.25
1960     0.1     0.7    -1.7    -6.0    -5.9   -11.0   -12.4   -11.1    -4.8    -4.4    -4.1    -1.2    -0.0    -4.5   -11.5    -4.4   -5.13
1961     1.7     0.2    -0.8    -2.0    -4.8    -7.9   -10.7   -13.7    -8.6    -5.9    -3.5    -0.5     0.2    -2.5   -10.8    -6.0   -4.77
1962     0.1    -0.5    -1.3    -1.5    -4.1    -5.8    -7.9    -9.7    -7.0    -3.4    -3.3    -0.6    -0.3    -2.3    -7.8    -4.6   -3.74
1963     0.1     0.2    -2.1    -4.6    -3.7    -6.7    -9.0   -15.9   -11.2    -8.4    -2.5     0.2    -0.1    -3.5   -10.5    -7.4   -5.37
1964     0.5     0.2    -1.6    -4.9    -5.5    -9.4    -5.7   -16.1    -9.4    -2.3    -1.6    -0.2     0.3    -4.0   -10.4    -4.4   -4.63
1965     0.3     0.8     0.8    -3.2    -2.9    -6.1   -11.6   -13.4    -6.3    -8.4    -2.1    -0.7     0.3    -1.8   -10.4    -5.6   -4.36
1966     0.2    -0.6    -0.7    -3.3    -4.9    -7.0   -16.2   -11.7   -10.4    -6.1    -2.4    -0.7    -0.4    -3.0   -11.6    -6.3   -5.32
1967    -0.8    -1.1    -0.5    -1.3    -6.2    -6.6    -7.4    -9.5    -9.0    -7.2    -3.1    -0.6    -0.9    -2.7    -7.8    -6.4   -4.45
1968     0.5    -0.1    -1.2    -0.7    -3.9    -7.0    -5.4    -8.7    -9.4    -4.3    -2.8    -0.3    -0.1    -1.9    -7.0    -5.5   -3.63
1969    -0.2     0.3    -2.7    -4.0    -7.3   -11.4   -13.3    -8.1    -4.9    -7.3    -2.4     0.1    -0.1    -4.7   -10.9    -4.9   -5.13
1970    -0.4    -0.1    -1.5    -4.5    -5.2    -6.4    -4.7   -10.0    -2.2    -3.6    -0.6     0.3    -0.1    -3.7    -7.0    -2.1   -3.26
1971     1.1     0.8     0.1    -1.5    -4.6    -2.8    -4.4    -4.9    -4.7    -1.9    -1.1    -0.2     0.7    -2.0    -4.0    -2.6   -1.97
1972     1.6     1.5     0.3    -0.8    -2.7    -5.3    -3.5    -9.1    -3.8    -3.5    -2.3    -0.1     1.0    -1.1    -6.0    -3.2   -2.32
1973     0.1     0.9    -0.7    -3.3    -4.6    -7.5    -9.2    -5.8    -7.4    -3.8    -1.7     0.0     0.3    -2.9    -7.5    -4.3   -3.59
1974     1.8     2.0     1.3    -2.0    -3.6    -3.8    -5.1    -5.7    -7.3    -2.4    -1.3     0.4     1.3    -1.4    -4.9    -3.7   -2.17
1975     1.0     1.3    -0.3    -1.4    -4.0    -7.3    -9.3    -8.2    -5.1    -3.5    -3.9    -0.7     0.9    -1.9    -8.3    -4.2   -3.36
1976    -0.2    -0.5    -0.2    -1.2    -5.0    -9.8   -11.9   -16.5   -10.0    -5.4    -1.2    -0.3    -0.5    -2.1   -12.7    -5.5   -5.22
1977     1.5     0.6    -0.9    -0.5    -4.1    -5.6   -17.6   -10.8   -13.7    -8.6    -1.9    -0.5     0.6    -1.8   -11.3    -8.1   -5.16
1978    -0.5    -0.3    -2.2    -3.6    -3.9    -5.2   -18.0   -12.7    -7.9    -6.0    -4.6    -0.6    -0.4    -3.2   -12.0    -6.2   -5.45
1979     0.0     0.0    -0.1    -2.1    -7.5    -9.0    -9.2    -9.8    -7.3    -5.5    -2.3    -0.5    -0.2    -3.2    -9.3    -5.0   -4.45
1980    -0.1     0.5    -2.0    -5.4    -5.7   -10.0   -16.2   -16.0    -8.4    -6.5    -4.0    -0.6    -0.0    -4.4   -14.1    -6.3   -6.19
1981     0.1     0.1    -0.4    -2.5    -6.2    -8.6    -9.0   -10.8   -10.9    -6.7    -3.3    -0.8    -0.1    -3.0    -9.5    -7.0   -4.90
1982     0.5     0.1     0.1    -1.9    -2.5    -4.0   -11.5    -8.9    -9.5    -7.6    -3.2     0.8    -0.1    -1.4    -8.1    -6.8   -4.10
1983     1.4     0.2    -0.9    -1.5    -2.6    -3.0    -3.1    -5.1    -6.3    -4.7    -1.3    -0.3     0.8    -1.7    -3.7    -4.1   -2.18
1984     0.8     1.2     0.7    -1.7    -3.4    -6.1    -6.4    -5.6    -3.6    -5.9    -1.8     0.4     0.6    -1.5    -6.0    -3.8   -2.67
1985     2.3     1.8     0.0    -0.5    -3.3    -4.3    -5.8    -5.8    -2.9    -3.3    -0.8     0.0     1.5    -1.3    -5.3    -2.3   -1.85
1986     1.6     1.9     0.8    -1.0    -5.7    -4.3    -7.7   -10.6   -11.6    -6.1    -3.5    -0.9     1.2    -2.0    -7.5    -7.1   -3.85
1987     0.6    -0.2    -1.2    -2.6    -3.8    -9.2   -20.0   -12.3   -14.2    -4.8    -1.6     0.0    -0.2    -2.5   -13.8    -6.9   -5.85
1988     0.3     0.8    -0.3    -2.4    -3.3    -4.1    -5.5   -10.0    -4.6    -2.5    -1.2    -0.2     0.4    -2.0    -6.5    -2.8   -2.73
1989     1.5     2.3     1.3    -2.6    -1.6    -3.4    -2.7    -3.4    -3.8    -1.6    -1.0     0.5     1.2    -1.0    -3.2    -2.1   -1.27
1990     1.9     2.2     0.7    -3.1    -3.7    -4.5    -3.6    -7.5    -6.3    -4.4    -3.5    -0.7     1.5    -2.0    -5.2    -4.7   -2.61
1991     1.0     0.7    -1.0    -2.3    -5.4    -7.8    -5.8    -7.1    -5.6    -7.5    -2.3    -0.5     0.3    -2.9    -6.9    -5.1   -3.65
1992     0.7    -0.4    -1.4    -2.1    -7.0   -10.9   -10.4    -8.6    -6.6    -3.9    -1.8     1.6    -0.1    -3.5   -10.0    -4.1   -4.41
1993     1.3     0.9    -1.0    -2.3    -3.4    -6.2    -6.2    -5.4    -5.9    -5.0    -0.7    -0.8     1.3    -2.2    -5.9    -3.9   -2.69
1994     0.7     0.8    -0.3    -1.4    -3.3    -4.8   -12.2    -7.0    -8.5    -9.5     0.0     0.1     0.2    -1.7    -8.0    -6.0   -3.86
1995     1.6     0.5    -0.7    -1.3    -3.3    -7.0    -8.7   -12.2    -8.7    -3.8    -2.7    -0.2     0.7    -1.8    -9.3    -5.1   -3.85
1996     1.2     0.9     0.9    -2.2    -2.3    -3.8    -5.7    -7.9    -2.5    -3.9    -2.0     0.4     0.6    -1.2    -5.8    -2.8   -2.29
1997     1.7     0.7    -0.2    -1.9    -3.2    -4.3    -8.5    -6.7    -8.7    -3.7    -2.3     0.3     0.9    -1.8    -6.5    -4.9   -3.06
1998     1.4     1.3     0.3     0.0    -3.0    -1.2    -2.6    -4.0    -6.1    -3.3    -1.4    -0.1     1.0    -0.9    -2.6    -3.6   -1.53
1999     0.8     1.0     0.5    -0.6    -1.3    -4.3    -3.9    -9.2    -9.1    -3.6    -1.5    -1.0     0.6    -0.5    -5.8    -4.7   -2.61
2000    -0.5    -0.1    -0.7    -2.1    -2.8    -2.5    -3.8    -5.4    -6.7    -1.9    -1.3     1.0    -0.5    -1.9    -3.9    -3.3   -2.40
2001     2.1     2.3     1.5    -1.7    -0.2    -3.9    -6.4    -6.3    -6.5    -3.0    -2.4    -0.1     1.8    -0.1    -5.5    -4.0   -1.96
2002     0.7     0.2    -2.2    -1.1    -5.9    -9.3    -7.3    -7.6    -3.1    -4.9    -2.0     0.4     0.3    -3.1    -8.1    -3.3   -3.55
2003     2.1     1.8     0.1    -1.3    -3.2    -5.0    -3.5    -3.0    -6.5    -4.2    -2.0    -0.4     1.4    -1.5    -3.8    -4.2   -2.02
2004     1.6     0.9     0.3    -1.4    -3.5    -4.6    -4.9    -9.1    -8.8    -6.6    -1.6    -0.5     0.7    -1.5    -6.2    -5.7   -3.18
2005    -0.1     0.1    -0.9    -2.4    -4.1    -7.4    -7.4    -7.9    -5.6    -4.2    -1.3    -0.5    -0.2    -2.5    -7.6    -3.7   -3.48
2006     1.0     1.7     1.2    -0.7    -2.3    -3.9    -5.4    -7.4    -6.2    -1.9    -1.7     0.9     0.7    -0.6    -5.6    -3.3   -2.18
2007     1.9     1.4    -0.8    -2.2    -2.7    -4.7    -6.8    -4.9    -3.4    -4.6    -2.4    -0.4     1.4    -1.9    -5.5    -3.5   -2.36
2008	0.9
