1924	-14.2	-22	-22	-14	-3.3	2.3	99	99	99	99	-12.1	-12.1	99
1925	-15.9	-11.6	-11.6	-9.5	-1.6	5	5.2	5.9	2.9	-3.4	-10	-14	-4.88
1926	-12.3	-14.5	-14.5	-5.5	-1.4	3.5	6.4	5	1.7	-6.7	-10.9	-13.8	-5.25
1927	-14.6	-15.9	-17.7	-12	-0.8	3.7	7.5	99	1.7	-5.4	-7.7	-12.5	99
1928	-12.3	-10.1	-12	-5.4	0.3	3.1	6.9	4.7	3.2	-3.2	-8.8	-10.6	-3.68
1929	-11.1	-8.6	-8.2	-8.8	-3.9	4.5	7.6	99	0.4	-10.1	-9.2	-9.1	99
1930	-12.6	-12.4	-12.7	-4.8	-0.3	4.3	5	5.5	2	-5.2	-11.5	-8.6	-4.28
1931	-15.7	-16.1	-17.1	-6.4	-3.5	3.7	7.2	8.4	0.0	-6.1	-6.6	-13.4	-5.47
1932	-14.4	99	-12	99	-0.3	6.7	7.7	99	3.7	-6.3	-12.5	-11.1	99
1933	-9	-13	-8.3	-10.4	-0.2	5.1	7.7	99	3.7	-4.1	-4.6	-6	99
1934	-13.1	99	-11.6	-7.8	-1.7	5.6	7.6	99	3.9	-3.5	-10	-7.2	99
1935	-9.9	-15.5	-9.4	-11.5	-2.1	3.1	6	5.5	0.9	-4.4	-4.3	-10.7	-4.36
1936	-21	-18.2	-18.4	-7.6	2.2	4.5	9.4	99	3.8	-2.5	-8.4	-16	99
1937	-9.2	-15.8	-18.2	-8	-1.4	4.3	5.7	5.6	0.5	-5.7	-8.1	-14	-5.36
1938	-15.6	-10.5	-15.4	-9	-0.8	5.6	99	99	99	99	99	99	99
1939	99	-13.9	-10.1	-9.5	0.2	4.1	99	99	4.3	-0.8	-11.6	-15.5	99
1940	-13.5	-16.9	-14.3	-9.9	-0.1	5	6.7	5.1	99	-4.1	-13.8	-15.2	99
1941	-21.2	-19.5	-16	-11.2	1	5.7	6.6	99	99	99	-6.5	-9.1	99
1942	-5.8	-17.3	-13.1	-10.8	-0.5	4.1	7.1	99	99	-2.9	-6.8	-14.3	99
1943	-17.5	-23	-15.5	-10.4	99	4.9	7.5	99	99	99	-7.2	-14.5	99
1944	-18	-17.7	-14.1	-14.2	-1.2	4.9	7.5	99	2.7	-4.1	-9.1	-10.4	99
1945	-13.5	-13.4	-10.8	-6.5	-1.3	4.7	99	99	3.1	-2.4	-9.6	-13.8	99
1946	-6.4	-16.1	-14.9	-9.5	-0.4	3.9	7.4	99	3.3	-1.7	-7.5	-9.3	99
1947	-4.6	-11.7	-16.6	-10.9	0.2	4.7	8.2	7.2	2.6	-2.9	-12.7	-13.4	-4.16
1948	-17.9	-12.3	-12.7	-8.5	-1.2	5.2	7.9	7.4	1.8	-5.4	-13.5	-15.3	-5.38
1949	-14.8	-12.9	-13.8	-11.7	-2.5	4.6	8.9	8.3	4.4	-8.1	-9.9	-15.1	-5.22
1950	99	99	99	99	99	99	99	99	99	99	99	99	99	
1951	99	99	99	99	99	99	99	99	99	99	99	99	99	
1952	99	99	99	99	99	99	99	99	99	99	99	99	99	
1953	99	99	99	99	99	99	99	99	99	99	99	99	99	
1954	99	99	99	99	99	99	99	99	99	99	99	99	99	
1955	99	99	99	99	99	99	99	99	99	99	99	99	99	
1956	99	99	99	99	99	99	99	99	99	99	99	99	99	
1957	99	99	99	99	99	99	99	99	99	99	99	99	99	
1958	99	99	99	99	99	99	99	99	99	99	99	99	99	
1959	99	99	99	99	99	99	99	99	99	99	99	99	99	
1960	99	99	99	99	99	99	99	99	99	99	99	99	99	
1961	99	99	99	99	99	99	99	99	99	99	99	99	99	
1962	99	99	99	99	99	99	99	99	99	99	99	99	99	
1963	99	99	99	99	99	99	99	99	99	99	99	99	99	
1964	99	99	99	99	99	99	99	99	99	99	99	99	99	
1965	99	99	99	99	99	99	99	99	99	99	99	99	99	
1966	99	99	99	99	99	99	99	99	99	99	99	99	99	
1967	99	99	99	99	99	99	99	99	99	99	99	99	99	
1968	99	99	99	99	99	99	99	99	99	99	99	99	99	
1969	99	99	99	99	99	99	99	99	99	99	99	99	99	
1970	99	99	99	99	99	99	99	99	99	99	99	99	99	
1971	99	99	99	99	99	99	99	99	99	99	99	99	99	
1972	99	99	99	99	99	99	99	99	99	99	99	99	99	
1973	99	99	99	99	99	99	99	99	99	99	99	99	99	
1974	99	99	99	99	99	99	99	99	99	99	99	99	99	
1975	99	99	99	99	99	99	99	99	99	99	99	99	99	
1976	99	99	99	99	99	99	99	99	99	99	99	99	99	
1977	99	99	99	99	99	99	99	99	99	99	99	99	99	
1978	99	99	99	99	99	99	99	99	99	99	99	99	99	
1979	99	99	99	99	99	99	99	99	99	99	99	99	99	
1980	99	99	99	99	99	99	99	99	99	99	99	99	99	
1981	99	99	99	99	99	99	99	99	99	99	99	99	99	
1982	99	99	99	99	99	99	99	99	99	99	99	99	99	
1983	99	99	99	99	99	99	99	99	99	99	99	99	99	
1984	99	99	99	99	99	99	99	99	99	99	99	99	99	
1985	99	99	99	99	99	99	99	99	99	99	99	99	99	
1986	99	99	99	99	99	99	99	99	99	99	99	99	99	
1987	99	99	99	99	99	99	99	99	99	99	99	99	99	
1988	99	99	99	99	99	99	99	99	99	99	99	99	99	
1989	99	99	99	99	99	99	99	99	99	99	99	99	99	
1990	99	99	99	99	99	99	99	99	99	99	99	99	99	
1991	99	99	99	99	99	99	99	99	99	99	99	99	99	
1992	99	99	99	99	99	99	99	99	99	99	99	99	99	
1993	99	99	99	99	99	99	99	99	99	99	99	99	99	
1994	99	99	99	99	99	99	99	99	99	99	99	99	99	
1995	99	99	99	99	99	99	99	99	99	99	99	99	99	
1996	99	99	99	99	99	99	99	99	99	99	99	99	99	
1997	99	99	99	99	99	99	99	99	99	99	99	99	99	
1998	99	99	99	99	99	99	99	99	99	99	99	99	99
1999	99	99	99	99	99	99	99	99	99	99	99	99	99
2000	-13.7	-14.4	-16.0	-12.2	-2.2	1.8	5.6	4.6	0.7	-3.9	-8.0	-16.1	-6.2
2001	-14.6	-16.4	-16.9	-15.2	-2.7	2.0	5.4	6.2	2.4	-3.4	-10.6	-8.4	-6.0
2002	-13.5	-16.3	-15.1	-8.2	-1.9	3.9	5.7	5.8	2.9	-1.1	-4.8	-7.6	-4.2
2003	-16.8	-9.8	-13.6	-7.7	-3.4	2.6	6.9	6.8	2.8	-4.4	-6.4	-15.1	-4.8
2004	-12.9	-13.7	-9.9	-4.5	-1.5	3.2	6.8	7.9	2.6	-2.9	-9.1	-12.6	-3.9
2005	-8.5	-8.0	-10.4	-8.2	-1.2	3.1	6.9	4.9	0.6	-6.8	-10.6	-9.4	-4.0
2006	-9.8	-12.7	-13.8	-7.5	-1.4	1.8	5.6	6.1	1.6	-5.8	-11.7	-11.7	-4.9
2007	-17.1	-14.7	-11.5	-8.6