1874	0.0	0.0	0.0	4.17	4.59	13.92	17.87	16.63	14.67	11.85	4.75	1.2	7.47
1875	-0.26	-1.83	-0.73	3.15	9.03	14.93	16.85	17.97	14.51	7.95	2.54	-0.05	7.01
1876	-1.32	-0.02	1.39	5.45	6.99	15.1	17.39	17.42	13.02	10.06	1.77	-0.45	7.23
1877	1.0	0.07	-0.69	2.53	6.41	14.82	16.47	15.29	10.75	7.52	6.73	2.23	6.93
1878	0.75	1.49	2.03	5.42	9.66	13.63	15.87	17.14	15.04	11.16	5.63	1.17	8.25
1879	-1.45	-1.37	-0.26	3.17	8.39	14.52	14.68	16.31	14.36	9.12	3.44	-0.74	6.68
1880	-0.43	0.29	1.27	5.65	9.18	12.82	17.79	17.87	15.19	7.15	4.21	2.19	7.77
1881	-2.88	-2.47	-1.41	1.84	8.92	13.96	16.61	14.99	12.02	6.98	5.36	2.71	6.38
1882	2.44	2.22	4.52	6.34	9.51	14.11	17.71	16.28	14.83	9.0	4.04	0.33	8.44
1883	-0.5	0.6	-1.75	2.67	8.8	14.9	17.63	15.44	13.65	9.38	5.18	2.25	7.35
1884	2.07	2.51	2.45	3.49	9.71	13.26	17.26	16.49	15.47	9.57	3.1	2.4	8.15
1885	0.03	1.83	1.91	5.63	8.39	14.14	17.59	14.98	12.9	8.24	3.96	2.19	7.65
1886	0.08	-1.65	-0.95	5.83	9.98	14.0	16.4	16.67	15.07	9.61	6.33	2.18	7.8
1887	-0.4	0.2	0.82	4.95	8.6	13.34	17.22	16.53	14.28	7.98	5.1	1.83	7.54
1888	-0.44	-1.7	-2.36	2.06	8.0	12.08	14.85	10.7	13.48	7.51	4.29	3.2	5.97
1889	-0.65	-2.02	-0.95	3.03	9.68	17.85	16.81	15.39	11.77	9.55	5.84	1.12	7.29
1890	2.44	0.0	2.62	5.14	9.67	13.46	15.83	16.59	14.47	8.6	4.88	-0.86	7.74
1891	-1.58	-0.2	0.98	3.49	8.88	12.29	17.58	15.83	14.42	11.56	4.62	3.42	7.61
1892	-0.33	0.07	0.15	4.31	9.47	13.71	14.78	16.77	14.63	9.17	4.52	0.22	7.29
1893	-5.41	-2.36	1.19	5.14	8.53	14.23	17.94	17.17	12.6	10.33	4.06	3.17	7.22
1894	-0.31	1.4	3.44	6.32	9.6	14.54	17.85	16.27	11.8	8.35	6.48	3.34	8.26
1895	-0.49	-3.36	0.1	4.79	10.15	14.42	16.56	16.15	14.36	8.14	5.05	0.66	7.21
1896	0.07	0.43	3.22	4.73	10.02	17.74	18.09	16.61	13.65	10.42	3.85	0.89	8.31
1897	-1.66	-1.4	2.14	4.84	9.35	15.04	16.56	18.35	13.22	9.18	5.16	2.83	7.8
1898	2.82	1.52	1.99	3.93	8.93	13.83	14.19	16.32	13.44	8.86	6.48	4.77	8.09
1899	1.84	2.03	1.18	6.02	9.06	11.99	17.76	15.79	13.29	9.12	7.66	0.32	8.0
1900	0.28	-0.12	-0.01	4.28	8.59	13.41	17.27	16.8	13.43	9.23	5.7	4.17	7.75
1901	-1.37	-2.52	0.54	5.24	8.93	13.83	18.28	17.74	13.9	11.33	4.57	1.55	7.67
1902	2.64	-0.96	1.63	3.17	7.62	12.97	15.14	13.82	12.04	8.09	3.9	0.82	6.74
1903	0.3	2.26	4.88	3.75	9.9	14.13	16.83	14.52	12.22	8.48	4.58	1.47	7.78
1904	0.6	0.09	1.07	5.26	8.93	13.55	16.28	15.77	13.4	9.35	5.2	3.65	7.76
1905	0.2	0.96	2.68	3.75	10.33	14.98	17.09	16.26	12.94	5.87	4.62	2.35	7.67
1906	1.2	0.88	0.85	6.31	10.69	14.52	16.44	16.56	13.67	9.5	7.29	0.46	8.2
1907	-0.66	-1.25	1.5	3.98	9.01	12.68	14.75	14.36	12.71	12.52	5.07	1.67	7.19
1908	0.39	1.27	1.46	3.7	8.27	14.07	17.84	16.31	12.91	9.61	3.25	1.28	7.53
1909	-0.03	-2.27	-0.17	3.7	7.4	13.68	15.23	15.76	12.85	11.7	3.68	2.72	7.02
1910	1.43	2.1	3.07	6.01	9.17	14.34	16.04	16.22	13.63	10.12	3.86	3.4	8.28
1911	0.39	0.69	2.22	5.98	10.23	14.03	16.39	18.52	15.3	9.46	6.08	3.45	8.56
1912	-1.32	-1.55	3.65	4.55	9.69	13.59	18.29	16.14	11.48	7.81	4.07	4.31	7.56
1913	0.26	1.35	3.68	5.77	10.66	14.39	16.2	15.74	14.09	10.05	7.78	4.16	8.68
1914	0.6	3.86	3.2	7.31	10.61	13.84	19.56	17.81	14.27	8.93	4.74	4.44	9.1
1915	-0.06	0.75	-0.2	5.08	8.83	14.03	16.39	15.63	13.56	7.66	4.19	1.55	7.28
1916	2.41	0.77	1.27	5.88	9.72	12.02	15.78	15.55	12.46	8.47	6.29	2.92	7.79
1917	-0.16	-1.87	-1.89	3.08	8.68	16.94	17.13	18.27	14.16	8.79	5.98	1.09	7.52
1918	0.11	0.2	1.58	4.94	10.18	12.88	16.12	16.78	13.05	9.54	5.4	3.09	7.82
1919	1.81	-0.13	0.7	4.79	8.61	14.41	15.62	14.36	13.86	7.72	1.81	0.69	7.02
1920	0.52	2.19	4.36	6.59	10.69	13.46	17.58	16.03	13.8	8.02	4.62	1.68	8.3
1921	2.54	1.45	5.19	6.35	12.57	14.07	16.76	16.04	13.15	10.41	3.16	2.13	8.65
1922	-1.25	-1.49	1.28	4.5	10.67	13.84	15.55	14.92	12.11	6.79	4.1	3.25	7.02
1923	2.31	-0.92	2.25	3.88	8.93	10.68	16.83	14.45	12.53	10.33	4.57	0.12	7.16
1924	-1.95	-3.11	-0.31	2.69	8.9	12.69	15.23	16.36	14.26	10.37	5.8	3.85	7.06
1925	3.75	3.46	1.16	6.06	11.24	14.46	18.15	17.41	12.7	8.41	3.9	0.8	8.46
1926	0.69	0.9	2.13	6.0	9.4	13.72	18.32	16.93	13.8	7.92	6.87	2.66	8.28
1927	1.87	0.71	4.34	5.05	7.52	11.74	17.17	17.37	13.6	8.76	3.03	-1.06	7.51
1928	0.47	0.87	1.08	4.08	8.07	11.54	15.49	15.52	13.33	9.33	7.32	2.11	7.43
1929	-1.75	-5.64	0.47	1.66	9.19	12.15	15.39	16.44	14.47	10.27	6.33	4.3	6.94
1930	3.21	0.76	2.23	5.24	10.31	15.19	16.62	16.6	13.52	10.5	6.56	2.62	8.61
1931	0.59	-0.57	-1.05	3.41	10.51	12.57	15.62	15.49	11.64	8.47	5.34	2.54	7.05
1932	2.73	0.68	0.55	5.64	10.1	13.97	19.01	18.99	14.91	9.59	5.84	3.96	8.83
1933	0.28	0.55	3.34	5.27	10.15	14.7	18.33	17.76	14.43	11.03	5.5	1.74	8.59
1934	2.05	2.75	4.01	7.32	12.19	14.64	18.14	17.7	16.37	11.79	7.08	5.07	9.93
1935	0.76	2.08	2.69	6.13	8.59	15.67	17.28	16.74	14.53	11.01	6.4	3.27	8.76
1936	3.15	-0.44	2.53	4.98	8.55	15.33	18.31	16.55	13.39	7.78	6.12	3.86	8.34
1937	-0.66	0.39	1.23	5.26	11.64	14.55	17.74	18.54	15.11	10.94	5.13	0.98	8.4
1938	1.95	2.05	5.29	5.29	9.85	14.4	16.84	18.75	14.81	11.1	8.49	1.27	9.18
1939	2.4	2.79	1.95	6.46	9.07	15.43	17.88	19.1	15.36	8.05	5.88	1.74	8.84
1940	-2.64	-5.57	-1.03	3.6	8.26	15.18	17.77	15.09	11.42	7.9	5.82	0.71	6.37
1941	-3.42	-2.16	0.43	2.55	6.14	13.42	18.67	16.08	12.64	8.65	2.77	2.71	6.54
1942	-4.55	-5.55	-4.43	3.42	7.95	12.25	15.51	17.62	14.63	10.46	4.86	3.16	6.28
1943	-0.48	3.05	3.67	7.45	11.36	15.0	17.43	17.1	14.41	10.95	5.26	3.3	9.04
1944	3.16	1.57	1.9	5.73	9.08	13.75	18.68	20.53	14.28	10.08	5.37	2.1	8.85
1945	-0.44	1.93	3.41	6.58	10.38	14.72	17.8	17.77	14.61	10.52	6.14	2.73	8.84
1946	0.5	0.56	1.5	7.15	9.1	13.87	18.34	16.16	14.35	8.08	5.09	1.43	8.01
1947	-2.01	-5.19	-2.14	4.97	9.77	16.28	18.03	18.95	17.32	0.0	5.55	3.16	7.06
1948	1.2	0.47	2.89	7.23	10.05	15.45	17.37	17.72	15.04	9.64	5.59	3.86	8.88
1949	2.1	2.89	1.77	7.53	11.61	13.91	18.19	16.49	17.2	11.79	6.91	4.75	9.6
1950	-0.43	1.8	3.46	6.66	10.83	16.03	16.93	17.74	14.56	9.71	5.73	1.97	8.75
1951	0.8	1.21	0.57	6.6	7.88	13.79	16.45	18.16	15.7	10.1	7.94	4.93	8.67
1952	1.85	1.14	0.61	7.52	9.61	13.42	17.07	17.19	12.3	8.01	3.84	1.45	7.83
1953	1.22	-0.06	3.19	7.6	9.98	15.5	18.4	17.23	13.59	11.39	6.8	3.38	9.02
1954	0.22	-2.92	0.63	0.0	9.26	15.21	15.1	15.5	13.46	9.32	4.55	3.83	7.01
1955	-0.01	-1.34	-0.45	3.69	8.43	11.89	16.72	18.63	15.39	9.56	5.54	2.39	7.54
1956	0.53	-4.48	0.07	1.89	8.94	13.76	15.99	14.3	12.95	8.86	3.39	3.25	6.62
1957	1.86	2.43	2.35	4.14	8.48	14.38	17.52	16.85	11.53	9.2	5.95	2.55	8.1
1958	0.09	-0.55	-1.21	2.81	8.65	12.73	16.37	15.65	14.38	10.76	6.35	3.22	7.44
1959	1.03	0.43	3.93	6.83	9.84	15.02	18.63	18.5	14.63	10.54	5.8	2.77	8.99
1960	0.85	-0.83	1.32	4.35	9.05	15.01	16.03	16.57	13.42	9.18	6.41	3.91	7.94
1961	0.67	2.89	4.59	6.81	10.22	15.41	15.82	15.21	14.61	11.81	6.22	1.65	8.83
1962	2.25	0.96	-0.26	5.04	8.45	13.31	14.8	14.68	12.12	9.67	5.26	0.79	7.26
1963	-3.18	-3.35	-1.09	3.63	9.36	14.44	17.65	16.76	13.94	8.85	7.19	0.8	7.08
1964	0.65	-0.57	-0.68	6.01	10.59	15.31	16.15	16.07	13.16	8.8	6.26	2.82	7.88
1965	1.57	-0.42	1.35	4.9	7.33	14.14	14.0	15.1	14.05	10.22	3.14	1.67	7.25
1966	-1.16	-0.79	1.52	2.31	9.86	14.79	16.6	16.1	13.08	10.56	4.8	2.25	4.77
1967	-0.05	1.31	4.59	4.67	10.21	13.71	17.66	17.58	15.17	11.58	5.77	1.93	8.68
1968	-0.29	0.0	3.0	6.47	9.43	15.69	15.83	16.99	14.77	10.19	6.69	1.2	8.33
1969	-0.43	-1.26	-0.12	4.22	8.53	14.39	17.81	17.61	15.13	10.21	5.76	-1.18	7.56
1970	-1.64	-3.0	0.19	3.18	7.15	14.46	16.1	16.42	13.4	9.76	5.13	2.82	7.0
1971	1.23	1.76	0.35	0.0	10.01	13.29	16.93	17.76	13.28	10.28	5.49	4.78	7.93
1972	-0.95	0.97	2.51	5.71	9.12	14.61	18.54	17.66	13.6	10.12	6.98	4.39	8.6
1973	1.85	2.49	4.55	5.05	10.63	15.79	19.01	17.77	14.07	8.61	4.59	1.91	8.86
1974	2.41	3.05	3.25	5.92	8.89	13.37	15.72	17.03	14.97	8.47	6.2	4.61	8.66
1975	4.54	2.49	3.37	5.26	9.43	12.84	17.84	19.73	16.68	10.19	5.41	4.18	9.33
1976	1.29	0.44	0.18	3.74	9.59	14.04	18.03	17.27	14.14	9.08	6.62	1.57	8.0
1977	1.03	0.76	2.74	3.8	9.21	14.28	15.58	16.19	13.23	10.74	7.0	3.55	8.18
1978	1.61	-0.68	2.3	3.57	7.75	14.76	15.51	16.87	11.98	9.77	7.72	1.21	7.7
1979	-2.09	-2.32	1.1	3.61	10.28	14.67	14.19	15.42	12.84	9.0	4.94	3.43	7.09
1980	-0.95	-0.89	0.16	3.83	7.54	13.6	16.07	16.39	14.21	9.54	4.73	2.61	7.24
1981	0.43	0.88	2.36	4.8	9.77	13.8	16.23	16.25	14.2	9.63	5.82	-0.78	7.78
1982	-1.51	-0.95	2.93	5.09	9.83	13.45	17.33	18.31	14.83	11.43	7.48	3.86	8.51
1983	4.47	0.64	3.4	5.55	9.1	14.47	17.92	17.7	14.86	10.09	5.48	2.38	8.84
1984	2.02	0.43	1.04	4.84	8.51	12.15	14.93	17.39	13.02	11.27	6.03	2.75	7.86
1985	-2.35	-4.26	-0.14	3.7	7.09	12.84	16.65	15.84	11.92	10.52	3.83	3.29	6.58
1986	-0.13	-3.35	1.21	2.33	9.8	13.49	16.95	16.25	11.15	9.45	7.38	2.9	7.28
1987	-3.38	-1.0	-1.93	3.53	8.06	11.52	14.2	14.88	12.62	10.01	5.68	3.08	6.44
1988	3.41	2.59	1.51	5.18	9.75	14.94	17.94	16.59	14.29	9.2	4.23	3.05	8.55
1989	3.84	4.15	5.04	6.36	11.56	15.5	17.65	16.53	15.39	10.87	6.49	4.25	9.8
1990	4.15	5.98	5.96	7.43	12.39	15.71	16.57	17.75	13.43	10.78	6.65	3.24	10.0
1991	3.23	-0.18	3.59	5.74	8.01	12.27	17.16	17.41	14.86	10.39	5.47	4.07	8.5
1992	3.07	3.01	4.19	6.04	11.12	16.52	18.91	18.38	13.91	8.21	5.67	3.68	9.39
1993	2.48	1.48	2.99	5.38	10.72	13.92	15.44	15.41	11.88	8.96	4.1	3.25	8.0
1994	2.86	-0.56	2.73	6.4	8.87	13.37	19.59	18.68	13.9	8.9	6.85	4.59	8.85
1995	1.39	3.54	3.01	4.85	8.91	14.2	17.45	19.48	14.37	12.44	5.09	0.93	8.8
1996	-0.53	-2.11	-0.14	5.46	7.13	13.73	14.63	17.42	12.65	11.0	6.73	1.39	7.28
1997	0.15	2.26	3.13	4.7	8.65	13.91	17.75	21.2	15.46	9.22	5.42	3.53	8.78
1998	3.65	3.58	2.86	5.83	10.48	14.17	15.46	15.65	14.26	9.95	3.26	1.87	8.42
1999	2.45	0.87	3.31	6.18	9.33	14.67	18.64	18.02	16.98	10.42	6.37	3.69	9.24
2000	2.67	3.35	3.47	7.09	12.32	15.1	15.55	16.86	13.99	12.65	8.35	5.1	9.71
2001	2.59	1.98	2.0	5.81	11.41	14.15	18.86	18.27	13.88	12.41	6.45	2.25	9.17
2002	2.83	4.46	3.58	6.33	10.87	15.62	17.68	20.33	16.6	9.31	5.76	1.57	9.58
2003	0.68	-0.56	2.53	4.97	12.01	15.52	18.07	18.67	13.59	8.69	7.07	4.57	8.82
2004	-0.49	1.85	3.5	6.74	10.08	13.39	15.35	18.51	14.59	10.45	6.13	4.01	8.67
2005	3.5	0.6	0.9	6.1	10.4	13.9	18.2	16.0	15.8	12.0	6.8	3.2	8.49
2006	-0.6	0.1	0.5	4.7	9.7	15.5	21.2	18.2	16.6	13.2	8.0	7.0	9.51
2007	5.0	1.9	4.8	7.3	11.6	15.8	16.0	17.3	13.5	9.9	5.9	4.0	9.42
2008	3.6	4.2	3.9	6.1	11.8	15.3	17.8	17.4	14.3	10.9	7.2	3.8	9.69
2009	1.8	0.7	2.7	7.1	10.4	12.7	17.8	18.2	15.2	8.1	7.1	1.8	8.63
2010	-1.8	-0.7	1.4	5.1	7.7	12.9	19.5	17.5	14.0	9.3	5.5	-1.3	7.43
2011	0.8	-0.9	1.9	6.4	10.7	15.4	16.9	16.8	14.5	10.1	7.3	4.7	8.72
2012	2.4	-0.4	3.8	6.0