1873	2.99	-0.51	1.04	3.33	7.26	12.88	15.58	14.21	11.46	7.32	4.21	0.0	6.65
1874	2.16	0.73	2.1	7.41	8.96	14.46	17.16	15.18	13.65	10.9	3.93	-0.19	8.04
1875	0.27	-1.81	0.42	5.68	11.01	14.79	17.03	18.26	14.55	7.63	1.69	0.2	7.48
1876	-0.45	0.06	2.11	6.08	8.35	14.76	16.78	16.59	12.31	9.65	2.0	-0.35	7.32
1877	0.74	0.18	-0.23	3.39	8.43	15.25	15.72	15.03	9.53	7.49	6.46	1.78	6.98
1878	0.84	2.46	2.86	6.94	10.72	14.04	15.71	17.25	14.45	10.47	4.41	-0.4	8.31
1879	-2.62	-3.32	-0.09	3.15	9.16	13.77	14.51	15.87	13.18	8.15	2.29	-2.37	5.97
1880	-0.51	0.47	2.18	6.44	9.9	14.0	16.29	16.91	14.53	6.39	3.56	1.66	7.65
1881	-4.13	-3.16	-1.81	1.28	9.48	13.73	15.79	14.0	12.01	5.92	5.07	2.9	5.92
1882	2.56	2.62	4.9	6.98	10.9	14.66	17.08	16.12	14.59	9.39	3.16	-0.36	8.55
1883	-0.48	1.23	-1.03	5.17	10.98	14.9	17.19	15.65	13.52	8.84	5.01	2.0	7.75
1884	2.35	2.39	3.01	4.63	10.25	13.51	17.07	16.88	14.93	9.16	3.28	1.81	8.27
1885	-0.85	1.74	2.43	6.2	8.78	14.13	17.03	14.45	11.75	7.06	2.76	1.89	7.28
1886	-0.42	-2.38	-1.79	6.21	10.62	13.81	15.58	15.68	13.68	9.49	5.96	1.33	7.31
1887	-0.94	-0.2	1.39	5.21	9.28	14.65	16.98	15.18	12.65	6.84	3.77	1.05	7.15
1888	-0.23	-2.11	-3.37	2.38	9.65	13.55	14.52	14.38	12.05	6.73	4.15	3.22	6.24
1889	0.1	-1.79	-0.7	5.06	13.61	18.92	16.3	15.23	11.68	8.75	5.35	0.55	7.75
1890	2.39	0.0	2.35	5.58	11.93	13.4	14.33	15.31	13.4	8.3	4.28	-1.45	7.48
1891	-3.24	0.74	0.66	4.0	9.83	13.81	16.56	14.82	13.5	10.39	3.49	2.88	7.29
1892	-0.86	-0.36	0.47	5.44	9.73	13.24	14.8	15.78	12.6	8.14	4.41	-0.23	6.93
1893	-5.61	-2.01	2.78	6.56	10.19	13.97	17.02	16.8	12.03	9.65	3.4	3.11	7.32
1894	0.1	1.83	4.35	7.68	10.33	13.99	17.57	15.33	11.27	7.07	6.45	3.32	8.28
1895	-1.25	-5.84	1.0	7.11	12.21	14.58	15.69	15.72	14.04	7.73	5.01	0.87	7.24
1896	1.03	1.95	3.49	6.33	11.74	17.79	17.56	15.51	13.27	8.87	3.49	0.66	8.48
1897	-1.66	-0.83	2.65	5.82	10.84	16.19	16.53	17.2	11.73	7.98	5.11	3.19	7.89
1898	3.85	1.74	1.69	4.8	9.65	14.02	14.25	15.78	13.44	8.41	5.2	4.35	8.1
1899	1.87	1.63	1.46	5.25	9.85	14.17	17.46	15.53	12.37	8.11	6.64	-0.54	7.82
1900	-0.74	-1.36	0.07	4.53	9.98	16.05	18.13	17.01	13.29	9.28	4.86	3.81	7.91
1901	-1.72	-3.26	0.33	5.07	11.09	13.55	18.62	16.6	13.44	9.72	3.66	0.81	7.33
1902	2.69	-2.13	1.42	4.1	7.64	14.06	14.26	12.13	10.6	6.74	2.99	0.43	6.25
1903	0.45	3.0	4.56	4.68	11.09	14.79	16.03	14.19	12.54	8.99	4.51	0.86	7.98
1904	0.69	0.26	1.66	6.58	9.93	14.39	16.94	16.35	12.81	8.87	5.16	3.75	8.12
1905	0.22	1.16	2.53	3.54	10.78	15.3	16.68	14.57	11.66	5.31	3.31	2.23	7.27
1906	0.87	0.45	1.55	6.53	11.31	14.75	15.2	15.04	12.46	8.69	6.3	0.08	7.77
1907	0.2	-0.8	2.52	4.92	9.54	0.0	13.66	12.69	11.17	10.73	4.45	1.65	5.89
1908	-0.02	1.63	1.5	4.49	9.78	14.6	17.88	15.43	12.81	9.7	3.5	1.89	7.77
1909	-0.01	-1.0	-0.43	4.61	8.08	12.83	13.65	15.28	12.14	10.87	3.04	1.65	6.73
1910	1.13	1.77	3.65	6.44	11.29	16.06	17.02	16.56	13.07	9.88	3.3	3.02	8.6
1911	1.82	1.69	2.56	5.84	12.23	14.26	16.44	17.83	14.32	8.67	6.02	3.92	8.8
1912	-1.08	-0.94	4.26	5.92	9.56	14.05	17.56	15.51	11.06	8.17	4.54	4.74	7.78
1913	0.61	1.79	3.87	6.78	11.43	14.08	15.9	15.45	13.81	9.36	7.61	3.84	8.71
1914	0.36	4.21	3.5	8.47	10.63	15.28	19.01	17.66	13.44	9.07	4.64	3.85	9.18
1915	0.33	0.94	0.65	5.74	9.32	14.29	14.9	14.83	12.21	6.82	2.91	0.5	6.95
1916	3.47	0.39	0.87	6.64	10.85	12.04	16.13	15.36	11.66	8.01	5.8	2.41	7.8
1917	-0.95	-1.75	-1.55	3.4	10.66	16.8	16.77	16.89	13.58	7.58	5.58	0.85	7.32
1918	-0.65	0.98	2.19	6.19	10.92	13.23	16.22	15.9	11.78	9.3	4.73	3.05	7.82
1919	1.49	-1.18	1.2	6.03	12.17	14.54	15.77	15.21	13.89	7.44	1.54	0.55	7.39
1920	0.99	2.96	5.07	7.65	11.57	14.42	17.07	15.43	13.66	7.54	4.44	1.8	8.55
1921	3.29	2.29	5.43	8.88	13.0	14.22	16.85	16.07	12.87	10.55	1.95	2.71	9.01
1922	-0.78	-2.62	2.17	4.41	11.48	13.82	15.2	14.62	12.2	6.39	3.9	3.69	7.04
1923	2.85	-0.52	3.14	4.73	8.97	11.17	16.87	14.61	12.73	10.12	3.49	-0.84	7.28
1924	-1.39	-1.68	-0.55	4.18	10.06	13.57	14.83	15.34	13.82	9.52	5.2	3.72	7.22
1925	3.43	3.11	1.36	7.06	11.87	13.92	18.32	16.66	13.24	0.0	2.59	-0.12	7.62
1926	0.47	0.71	2.99	7.52	9.92	14.08	16.74	16.34	13.3	7.21	5.81	2.3	8.12
1927	2.4	0.84	5.13	5.6	8.63	11.51	16.9	16.78	13.46	8.81	3.03	-1.99	7.59
1928	0.75	2.2	1.59	5.77	9.59	11.7	14.94	15.24	13.02	9.01	6.5	1.72	7.67
1929	-2.21	-6.58	2.03	3.18	10.46	12.42	15.31	15.24	13.66	9.73	5.33	3.85	6.87
1930	3.06	0.26	2.78	6.32	10.67	15.32	16.12	15.84	12.59	9.27	5.78	2.57	8.38
1931	0.7	-0.2	-0.73	4.83	12.04	12.51	15.79	14.81	11.08	7.98	5.32	2.36	7.21
1932	3.04	0.85	0.17	5.63	11.06	13.67	17.72	16.81	13.16	7.8	4.97	2.96	8.15
1933	-0.22	0.44	3.57	6.1	10.96	15.94	17.55	16.65	13.57	9.41	4.18	0.63	8.23
1934	1.78	3.17	3.66	7.31	11.48	14.61	17.52	15.93	14.79	10.07	5.81	5.05	9.27
1935	0.57	2.21	2.55	6.31	9.64	15.15	16.73	16.35	13.27	8.97	5.84	1.94	8.29
1936	2.47	-0.67	2.07	4.63	10.78	15.9	16.7	16.07	13.09	7.25	5.25	3.36	8.08
1937	-0.23	0.53	1.14	6.55	12.27	14.75	17.51	18.17	13.69	10.36	4.24	0.42	8.28
1938	2.19	2.47	6.15	6.11	10.19	13.68	15.77	17.42	14.38	9.75	7.6	1.08	8.9
1939	1.44	3.31	2.2	6.78	10.43	14.55	16.64	17.75	14.14	6.41	4.56	0.68	8.24
1940	-4.02	-7.39	-0.06	4.06	11.31	16.43	15.02	14.71	11.52	7.52	5.38	0.62	6.26
1941	-5.18	-3.84	0.94	3.81	8.86	15.33	19.13	15.62	10.08	8.16	2.67	2.59	6.51
1942	-5.81	-6.99	-3.29	4.85	10.51	13.31	15.54	17.19	13.47	9.62	4.93	2.93	6.36
1943	-0.82	3.58	4.52	8.06	8.98	14.78	16.89	16.18	13.71	9.79	4.41	2.17	8.52
1944	3.16	0.91	1.65	6.03	9.86	13.43	16.7	18.03	10.03	9.26	4.37	2.15	7.97
1945	-1.01	1.67	4.9	7.4	11.09	14.72	17.67	17.34	13.89	10.4	3.68	2.63	8.7
1946	0.33	0.72	1.09	7.91	11.82	13.36	17.56	15.69	12.16	7.38	4.62	0.71	7.78
1947	-2.45	-6.49	-2.95	4.79	11.82	10.74	16.63	13.37	15.47	8.97	2.01	2.36	6.19
1948	0.93	-0.03	3.78	7.0	10.44	14.29	16.04	16.05	13.35	8.62	3.07	3.17	8.06
1949	1.86	2.75	2.04	7.72	11.01	13.84	17.17	15.05	15.96	10.95	5.57	3.61	8.96
1950	-0.26	1.31	4.26	6.42	11.95	15.07	16.02	16.91	12.69	8.65	4.31	0.46	8.15
1951	0.47	0.66	0.5	5.9	9.5	14.22	15.1	15.7	13.61	8.21	6.58	4.31	7.9
1952	0.84	1.17	0.91	8.0	11.17	12.51	15.16	15.61	10.69	6.95	2.64	0.82	7.21
1953	1.06	-0.29	4.18	7.3	12.05	16.45	17.29	16.43	13.66	11.48	7.61	3.89	9.26
1954	0.34	-3.04	1.64	5.35	12.17	15.3	15.18	15.0	13.48	9.68	4.76	3.87	7.81
1955	-0.77	-2.22	-0.51	5.36	9.17	13.15	18.71	18.66	14.94	9.08	5.16	1.97	7.72
1956	0.48	-6.21	0.93	4.08	11.09	13.26	16.02	13.3	12.77	8.43	3.6	3.24	6.75
1957	1.98	2.49	3.2	6.06	9.3	14.42	16.59	15.23	11.14	9.3	5.2	1.86	8.06
1958	-0.87	-0.95	-1.09	4.03	9.99	13.53	16.05	15.3	14.08	10.06	5.72	2.54	7.36
1959	0.62	0.27	4.12	7.25	11.66	15.08	18.18	17.67	13.91	9.79	5.26	1.28	8.76
1960	0.24	-0.64	1.95	5.86	11.37	15.28	15.19	15.87	13.26	8.54	5.3	2.67	7.91
1961	0.0	3.15	5.82	6.12	10.86	15.54	14.89	14.72	14.26	11.45	4.21	0.25	8.44
1962	1.78	1.31	0.11	6.27	9.15	13.26	13.94	13.76	12.14	9.46	4.17	-0.19	7.1
1963	-4.61	-4.49	-0.47	5.01	10.92	14.72	15.65	15.54	12.59	9.0	6.72	-0.23	6.7
1964	0.4	0.07	-0.43	7.41	11.41	13.99	14.98	14.96	12.69	7.68	5.14	1.92	7.52
1965	1.26	-0.88	1.2	5.8	9.18	14.1	13.38	14.57	13.59	9.01	2.12	0.53	6.99
1966	-1.74	-1.8	2.77	3.28	11.0	15.05	15.81	14.7	12.54	9.51	4.17	1.55	7.24
1967	0.03	1.82	4.93	5.28	11.21	13.59	16.16	16.04	13.74	10.39	5.36	1.04	8.3
1968	-0.33	0.01	3.4	7.57	9.38	15.41	15.05	16.44	13.86	9.21	5.11	-0.31	7.9
1969	0.2	-1.6	-0.33	5.47	9.81	14.92	16.85	17.18	14.48	10.2	4.59	-1.07	7.56
1970	-2.45	-3.55	0.42	3.51	10.7	16.58	15.16	16.03	12.38	9.09	4.92	2.84	7.13
1971	0.7	2.66	0.99	5.89	11.99	14.06	17.19	17.1	13.36	10.14	5.19	4.89	8.68
1972	-0.92	0.13	3.43	6.72	11.24	14.47	18.25	16.63	12.11	0.0	0.0	3.97	7.17
1973	1.52	2.87	5.06	5.29	10.53	14.69	17.65	16.39	13.79	7.58	4.23	1.3	8.41
1974	2.84	3.27	3.82	7.93	10.25	14.15	15.07	15.68	13.93	7.21	5.86	4.85	8.74
1975	4.73	1.81	3.0	5.39	10.84	13.95	17.45	19.15	15.16	9.35	5.1	4.1	9.17
1976	1.29	0.37	0.21	5.71	10.78	14.62	18.29	17.45	12.93	9.76	5.31	0.87	8.13
1977	-0.15	0.05	3.56	4.79	10.81	14.97	16.09	15.33	12.26	10.52	6.16	3.17	8.13
1978	1.55	-1.79	2.61	4.77	10.71	15.03	14.55	16.35	12.46	9.99	8.02	0.45	7.89
1979	-2.88	-3.69	1.1	4.92	10.03	14.93	14.3	15.13	13.25	8.69	4.8	2.98	6.96
1980	-1.34	-1.15	0.7	5.94	10.16	15.23	15.94	15.89	13.9	8.76	4.61	2.72	7.61
1981	-0.1	0.79	2.58	5.57	12.26	14.08	15.63	15.93	13.99	8.54	5.48	-2.49	7.69
1982	-2.91	-0.98	3.62	6.75	10.65	14.29	17.0	17.37	14.15	10.89	7.01	3.06	8.41
1983	4.38	-0.04	3.66	6.6	10.65	14.44	17.35	17.2	13.93	9.72	5.0	2.01	8.74
1984	1.64	0.51	1.23	6.35	11.03	14.01	15.66	17.18	12.75	11.16	6.5	3.31	8.44
1985	-3.82	-3.36	0.85	5.14	10.9	13.93	16.11	15.93	12.76	10.66	3.02	3.33	7.12
1986	-0.38	-4.29	1.35	4.31	11.68	14.54	16.44	15.19	11.8	9.93	7.58	3.0	7.6
1987	-4.12	-0.12	-1.65	6.58	9.98	11.68	15.32	14.75	13.18	9.99	6.45	3.79	7.15
1988	4.05	2.94	2.3	6.24	12.37	16.05	17.02	16.12	14.27	9.48	4.41	3.59	9.07
1989	4.61	4.83	5.68	6.66	11.95	14.81	17.51	16.29	14.47	10.99	5.44	3.16	9.7
1990	4.24	5.76	6.05	7.86	12.45	15.3	16.74	17.99	13.22	10.69	5.52	3.11	9.91
1991	2.97	-1.1	4.35	6.53	9.53	12.45	17.18	18.01	14.69	9.69	5.91	3.66	8.66
1992	3.17	3.69	4.4	5.99	12.35	16.95	18.48	16.82	13.98	7.52	5.58	3.67	9.38
1993	2.6	1.58	3.22	7.34	13.02	14.07	15.25	15.16	11.93	7.88	3.32	2.37	8.15
1994	3.26	-0.41	3.33	7.72	10.95	13.56	19.33	18.14	13.58	8.69	7.35	4.89	9.2
1995	0.94	3.5	3.37	6.57	10.04	13.86	17.82	19.59	14.46	11.81	4.82	-0.93	8.82
1996	-1.19	-2.48	0.57	6.87	9.15	13.81	15.36	18.93	13.09	10.37	5.81	0.45	7.56
1997	-0.91	3.27	4.1	5.82	10.06	15.11	17.96	21.02	14.65	9.1	5.16	3.17	9.04
1998	3.45	5.11	4.35	6.93	12.43	14.69	15.33	16.02	14.42	9.44	2.62	1.8	8.88
1999	2.71	1.46	3.8	7.88	11.14	13.94	17.78	17.45	17.17	10.24	6.25	2.87	9.39
2000	3.13	3.69	4.29	8.32	13.55	14.82	16.45	17.02	14.31	11.83	7.67	5.07	10.01
2001	2.44	1.37	1.77	5.82	10.83	13.19	18.31	17.75	13.68	12.45	6.86	2.35	8.9
2002	2.92	4.87	4.99	7.8	13.7	16.9	18.16	20.97	16.78	8.49	5.22	0.95	10.15
2003	0.96	-0.26	3.53	7.34	10.08	15.26	19.39	19.66	15.83	8.79	6.99	4.95	9.38
2004	0.15	2.45	3.85	8.59	12.24	14.51	16.14	19.26	15.39	8.27	6.83	4.61	9.36
2005	4.50	0.70	1.6	7.3	11.1	14.1	17.3	16.0	14.9	11.7	7.0	3.1	9.1
2006	-0.4	0.8	0.4	6.2	11.0	15.2	20.1	17.7	16.6	12.8	8.5	7.2	9.79
2007	5.2	2.5	5.9	9.2	12.1	16.1	16.2	17.2	13.5	9.7	5.7	4.1	9.78
2008	4.3	4.9	3.9	7.3	12.5	15.1	17.8	17.0	13.0	10.2	6.7	3.4	9.68
2009	1.5	1.2	4.1	8.9	11.6	13.9	17.7	17.8	14.4	8.4	7.7	2.1	9.11
2010	-1.7	-1.5	3.1	7.1	9.8	14.2	19.0	16.6	13.3	9.2	4.1	-2.3	7.57
2011	0.6	0.5	3.3	9.7	11.6	15.6	16.9	16.6	14.5	10.5	7.1	4.6	9.29
2012	2.7	0.4	5.9	6.3