1838	-8.03	-2.13	3.83	4.43	11.53	12.83	15.63	14.73	11.33	7.83	3.63	-2.33	6.11
1839	-1.93	-0.53	2.63	5.03	12.83	17.53	17.63	17.33	13.23	8.23	4.63	1.83	8.2
1840	-0.33	0.83	1.23	11.63	11.23	14.73	14.93	19.03	13.23	4.53	4.43	-3.33	7.68
1841	-3.4	-2.31	5.5	7.6	15.8	12.9	13.1	15	14.4	8	2.6	1.1	7.52
1842	-4.4	3.21	3.6	8.1	14.2	19.21	16.2	19.1	10.61	4.6	0.4	0	7.9
1843	-0.6	2.1	5.1	7.4	10.9	14.5	16.3	17.4	14.6	8.1	3.8	1.2	8.4
1844	-0.8	-0.91	3.3	13.01	10.8	17.5	16	14.21	11.91	8.8	2.8	-3.6	7.75
1845	-1.7	-4.5	-0.7	6.01	7.81	16	16.4	18.11	13.2	6.91	2.01	-0.41	6.6
1846	-1.5	-0.21	4.9	8.2	11.7	20.2	18.2	18.4	9.91	8.1	3.6	-4.2	8.11
1847	-1.13	-0.63	3.63	5.03	13.93	15.83	21.63	18.33	17.23	9.73	4.13	-0.93	8.9
1848	-5.73	2.33	3.13	7.63	15.73	16.03	17.33	15.33	12.63	9.13	3.73	-1.73	7.96
1849	-2.7	1.5	2.7	5.9	11.4	18.1	17.7	15.4	13.2	7.9	2.2	-3.51	7.48
1850	-7.63	1.43	2.03	7.23	10.53	17.63	18.33	15.63	12.03	6.33	4.93	-1.13	7.28
1851	-0.43	-0.93	3.33	5.73	7.13	17.33	17.43	16.73	12.43	9.43	0.53	-1.53	7.27
1852	-0.13	-0.33	2.33	4.03	11.23	18.93	21.93	17.33	13.13	7.23	6.33	2.73	8.73
1853	-0.53	-2.23	-0.53	5.03	11.33	13.73	18.23	16.93	12.93	8.13	3.63	0.53	7.27
1854	-0.43	-0.13	5.23	9.23	12.23	14.33	18.03	15.83	13.73	9.23	1.83	1.33	8.37
1855	-3.43	-2.73	2.83	7.83	10.93	15.63	16.83	17.33	13.33	10.53	1.93	-2.23	7.4
1856	0.23	2.13	2.03	7.83	9.23	15.53	14.53	17.73	11.13	8.03	-0.83	0.33	7.33
1857	-1.73	-0.53	2.63	6.53	12.13	14.93	18.03	18.53	13.53	9.23	2.63	0.13	8
1858	-3.43	-2.13	2.03	8.33	10.03	19.73	15.33	15.93	15.03	8.53	-1.93	-0.23	7.27
1859	-1.43	1.93	4.93	7.13	12.63	16.03	19.93	18.13	12.33	10.13	1.73	-2.33	8.43
1860	1.03	-1.93	1.63	5.43	13.53	14.23	14.93	14.23	12.53	8.03	0.73	-0.73	6.97
1861	-4.53	3.23	4.73	6.23	11.33	17.53	16.53	18.03	13.23	10.73	2.63	0.03	8.31
1862	-2.03	0.93	5.93	9.43	14.53	14.03	16.13	16.03	14.53	9.63	2.23	0.83	8.52
1863	0.43	1.03	3.83	7.83	12.43	15.13	16.43	18.63	11.23	9.83	3.13	1.53	8.46
1864	-5.03	-1.23	4.53	7.53	12.13	15.53	17.83	15.43	13.83	8.13	2.03	-3.63	7.26
1865	-0.83	-1.23	-0.63	12.23	16.03	16.13	19.23	15.93	17.33	9.83	4.63	-1.13	8.96
1866	1.83	2.63	2.83	8.93	9.53	17.83	16.23	14.33	13.23	8.33	3.23	1.23	8.35
1867	-2.43	3.93	2.83	7.63	13.23	15.73	15.13	17.53	14.53	7.33	2.03	-2.53	7.91
1868	-3.13	1.93	3.83	7.03	17.63	17.43	19.13	18.53	16.53	8.63	3.13	5.33	9.67
1869	0.03	5.73	2.13	11.63	13.03	13.73	20.13	16.53	15.33	7.93	3.93	0.13	9.19
1870	0.13	-1.43	2.93	8.93	13.33	15.63	19.53	14.33	11.83	10.83	6.13	-3.23	8.25
1871	-3.93	1.63	5.33	8.53	11.73	12.23	17.73	18.23	15.03	6.53	0.23	-4.33	7.41
1872	-0.23	1.83	3.83	5.93	12.53	15.23	18.53	15.73	13.33	8.83	4.93	3.03	8.63
1873	1.83	-0.53	5.93	6.63	9.63	15.73	19.03	17.53	12.13	9.13	3.63	0.23	8.41
1874	0.73	1.53	3.83	9.33	9.63	16.43	20.03	15.43	14.43	8.93	1.13	-2.33	8.26
1875	1.63	-2.13	2.33	8.43	14.43	15.43	16.33	18.23	14.33	6.83	1.73	-1.63	8
1876	-3.73	1.13	3.13	8.43	9.23	15.73	17.73	17.93	11.73	10.03	2.83	3.63	8.15
1877	2.33	3.03	2.93	6.53	9.23	17.33	15.33	16.53	10.33	7.23	5.23	0.53	8.05
1878	-0.53	2.73	3.13	8.43	12.53	14.93	16.13	15.73	12.43	8.63	2.33	-1.43	7.92
1879	-2.53	1.13	4.13	5.83	8.63	14.83	13.43	15.73	13.23	7.63	0.93	-9.04	6.16
1880	-4.43	1.83	5.83	7.93	11.03	13.53	16.93	16.83	13.43	7.33	2.43	3.63	8.03
1881	-4.93	1.63	4.33	5.83	11.13	14.33	17.73	14.83	11.33	4.73	5.53	0.23	7.23
1882	-1.13	1.63	6.03	7.03	11.23	13.03	14.63	13.83	12.93	9.03	3.33	1.23	7.73
1883	-0.33	3.23	-0.43	7.03	11.63	15.03	14.63	15.03	13.43	8.03	3.93	0.53	7.65
1884	1.83	3.13	5.13	6.03	12.03	12.43	17.53	16.83	12.33	7.03	2.03	1.33	8.14
1885	-2.13	4.53	3.33	8.43	9.23	15.93	16.23	12.93	12.13	7.13	3.63	-0.43	7.58
1886	-0.83	-1.23	2.53	8.53	12.33	13.33	16.03	16.83	14.33	10.33	5.03	0.23	8.12
1887	-2.43	0.33	2.03	6.43	9.43	15.33	17.23	15.03	11.53	5.23	2.93	-0.93	6.85
1888	-1.93	-2.03	2.03	5.93	11.53	15.43	14.73	17.53	14.43	6.13	4.13	0.73	7.39
1889	-1.73	-1.63	1.83	6.33	14.33	17.23	16.33	15.83	10.93	7.13	0.93	-3.33	7.02
1890	0.93	-2.23	2.93	4.63	10.63	12.63	14.53	16.13	13.23	5.23	1.53	-6.73	6.12
1891	-3.63	0.33	2.83	4.93	10.63	14.23	17.53	16.33	15.03	9.43	2.73	1.63	7.67
1892	-1.43	0.93	0.63	7.13	11.23	13.43	17.83	18.83	16.03	6.33	4.63	-2.53	7.75
1893	-4.23	2.63	5.13	10.23	12.03	15.53	19.43	20.03	14.03	8.93	2.63	0.53	8.91
1894	-1.13	1.73	4.93	10.53	10.33	13.63	18.03	18.93	12.33	7.73	5.83	1.83	8.73
1895	-2.13	-4.83	3.53	10.83	13.33	16.53	18.83	19.63	17.73	7.93	6.13	0.83	9.03
1896	1.03	1.63	6.13	8.03	11.43	16.93	17.83	15.23	13.73	7.63	1.93	0.33	8.49
1897	0.03	4.73	7.73	8.93	11.33	18.13	18.13	17.83	12.63	8.73	4.53	1.93	9.56
1898	3.53	3.13	4.33	10.13	11.03	15.23	16.23	11.13	15.93	10.83	5.63	2.93	9.17
1899	2.33	3.63	5.83	1.93	4.94	16.03	18.13	19.23	13.73	9.23	6.93	-1.63	8.36
1900	1.63	2.03	1.63	6.93	11.13	16.13	19.63	16.33	15.43	9.13	4.93	3.03	9
1901	-1.63	-4.03	2.23	8.43	10.03	16.13	19.23	17.23	13.63	9.03	2.33	0.33	7.75
1902	1.53	-0.93	4.93	8.73	8.23	14.53	16.83	15.43	13.03	7.43	2.33	-1.03	7.59
1903	0.43	2.83	5.73	3.83	12.13	14.33	16.03	15.23	13.83	9.83	4.13	-1.63	8.06
1904	-2.33	1.23	2.83	8.43	12.23	15.23	19.53	16.63	12.03	9.13	2.73	2.23	8.33
1905	-2.33	1.33	5.13	6.43	11.23	16.53	18.83	16.33	12.73	4.53	3.13	0.43	7.86
1906	-1.03	-2.23	3.63	6.73	11.63	13.73	14.53	15.73	14.33	10.43	4.43	1.63	7.8
1907	-0.63	-1.83	4.03	7.23	12.03	14.23	15.63	16.33	13.73	9.83	4.63	2.03	8.1
1908	-3.13	1.73	2.53	5.63	13.63	17.23	16.73	14.43	12.43	8.43	2.53	-0.23	7.66
1909	-1.43	-0.83	2.73	9.13	11.93	13.63	14.63	16.63	12.93	10.53	1.93	2.23	7.84
1910	1.33	2.83	4.83	7.33	12.03	16.03	15.73	15.53	12.83	10.53	2.93	3.33	8.77
1911	-1.23	2.23	4.83	7.33	13.43	14.73	19.93	20.93	15.33	13.93	4.93	4.43	10.07
1912	1.03	4.33	6.73	7.43	12.83	14.93	17.73	13.83	9.53	7.73	2.73	5.13	8.66
1913	1.63	2.93	7.23	8.53	13.63	15.53	14.33	15.93	13.43	10.73	7.43	1.43	9.4
1914	-3.13	4.73	5.53	10.83	11.13	14.93	16.93	17.83	13.03	8.63	4.33	4.03	9.07
1915	1.03	2.33	3.53	7.63	14.83	18.73	16.83	15.73	13.23	7.63	1.83	5.13	9.04
1916	5.83	3.13	5.33	9.03	13.73	13.43	16.83	16.93	12.93	10.13	5.33	2.83	9.62
1917	-1.13	-2.83	1.93	5.53	16.63	18.33	17.73	16.23	15.03	7.33	5.93	-1.03	8.31
1918	1.83	3.53	5.13	9.23	15.03	14.13	17.43	16.83	13.63	8.23	4.23	5.83	9.59
1919	2.63	0.83	4.23	6.63	13.23	16.33	14.63	17.03	14.73	6.33	2.63	3.53	8.56
1920	3.93	4.23	6.93	9.63	15.03	16.43	17.03	15.63	13.83	8.73	2.13	2.33	9.66
1921	5.83	2.83	6.23	9.33	14.53	16.63	20.93	17.53	14.83	12.43	0.03	1.83	10.25
1922	0.33	2.03	5.43	7.03	15.23	17.23	16.23	15.63	12.33	6.23	3.53	3.73	8.75
1923	2.93	4.63	6.83	8.93	11.93	12.53	19.83	16.93	13.63	11.13	3.53	1.43	9.52
1924	-0.23	0.03	4.43	8.23	14.83	16.53	17.93	14.63	13.83	10.33	4.43	2.73	8.98
1925	3.23	5.33	2.93	9.23	14.33	16.43	18.63	16.93	11.53	9.83	3.03	1.23	9.39
1926	2.33	7.23	6.03	10.83	10.93	13.93	14.13	16.53	14.83	8.43	6.13	-0.23	9.26
1927	2.03	2.33	5.83	8.23	12.73	14.53	16.73	16.03	13.23	9.23	3.33	-1.23	8.58
1928	2.53	3.53	4.23	8.23	10.63	14.63	18.83	16.33	13.03	8.73	6.13	0.93	8.98
1929	-3.13	-5.53	4.53	5.43	13.33	14.73	18.23	16.23	16.63	9.23	4.43	4.43	8.21
1930	3.43	1.13	3.13	9.03	11.33	18.03	15.53	15.93	13.13	9.23	6.13	1.23	8.94
1931	1.03	-0.63	2.13	6.33	14.43	16.53	16.43	15.03	10.23	6.83	5.73	-0.13	7.83
1932	2.63	-0.93	2.63	6.43	11.63	15.13	16.93	19.03	15.13	8.33	4.53	0.83	8.53
1933	-1.13	0.93	5.93	7.83	11.73	14.33	18.63	17.93	14.83	8.83	3.03	-2.83	8.34
1934	1.03	0.73	3.83	10.43	13.23	16.03	18.83	15.43	15.33	9.83	4.23	5.73	9.56
1935	0.43	2.53	4.33	7.13	10.03	16.43	17.73	16.83	13.23	8.23	5.43	1.03	8.61
1936	3.93	0.73	6.03	6.43	13.63	15.53	15.53	16.23	13.13	6.33	4.43	1.53	8.62
1937	2.23	3.63	3.03	8.13	14.43	15.93	16.83	17.73	13.23	9.13	3.73	0.43	9.04
1938	2.5	1.7	7.3	5.3	10.2	15.9	15.6	16.5	13.9	8.1	7.4	-0.6	8.65
1939	3.4	1.4	3.1	9.1	11	16.2	15.7	16.9	12.8	7.4	6.6	-0.4	8.6
1940	-6.5	-0.1	4.5	7.9	12.3	16.4	14.8	13.6	12.8	7.9	5.5	-0.2	7.41
1941	-2.8	0.8	5.9	6.3	8.9	16.4	17.2	14.4	12.7	8.1	3.1	2	7.75
1942	-5.8	-4.5	4.4	9	12	14.8	15.7	16.2	14.6	11.3	3.6	2.2	7.79
1943	1.8	3.4	6	9.4	12.9	13.8	17.6	17	12.9	10	3.2	0.5	9.04
1944	3.2	-0.5	1.7	9.6	11.6	13.9	16.5	19.2	12.1	8.2	4.2	1.1	8.4
1945	-4.5	5	6.3	9.8	14.1	16.6	18.1	16	14.1	9.4	4	2.3	9.27
1946	-1.9	3.6	4.6	9.6	13	15.3	19.11	17.4	14.9	8.9	5	-1.2	9.03
1947	-2.5	-3.2	4.6	10.8	15.81	17.8	20.5	21.2	17.5	9.51	5.8	2.4	10.02
1948	4.3	1.6	8.1	10	14.2	15.8	16.6	16.4	13.5	9.3	4.5	1.9	9.68
1949	1.6	2.6	4.1	11.5	11.6	14.8	19.3	17.7	17.7	11.1	3.8	3	9.9
1950	99	99	99	99	99	99	99	99	99	99	99	99	99
1951	1.6	2.2	2.6	6.3	11.5	14.7	16.9	16.3	14.5	7.8	5.9	1.3	8.47
1952	-0.8	-0.3	4.8	10.5	12.9	15.8	18.9	17.6	9.9	6.6	1.4	-0.4	8.08
1953	-2.3	-0.2	6.2	8.7	13.2	14.9	16.1	16.5	13.6	9.8	3.8	2.7	8.58
1954	-3.5	-1.4	5.3	6.1	11.8	15	13.9	15.2	12.5	9.2	4	2.8	7.58
1955	-1.5	-1	1.2	7.8	10.3	14.8	17.4	17	13.2	6.8	3.6	2.1	7.64
1956	-0.4	-8.6	4.4	5.8	12.7	12.1	15.9	13.6	14	7.2	2.1	2.3	6.76
1957	0.1	3.9	7.3	8	9.8	16.7	17.5	14.9	12.1	8.4	3.7	0.1	8.54
1958	-0.8	2.2	0.9	5	12.5	14.3	16.8	16.6	14.7	8.3	3.4	2.2	8.01
1959	-0.7	1.21	6.6	8.9	13	16.1	20	17.3	15.5	9	2.9	2.3	9.34
1960	-0.6	1.7	5.7	7.8	12.8	16	14.3	15.5	11.9	8.5	5.4	0.2	8.27
1961	-0.8	4.3	6.3	10.2	10.4	15.2	14.6	16.1	16.8	9.9	2.9	0.6	8.88
1962	0.9	0.4	0.5	7.2	9.2	14.9	15.3	16.4	12.2	8.6	1.8	-2.3	7.09
1963	-7	-4.4	3.3	8.6	11.2	15	17.8	14.9	13.4	7.6	6.7	-3.4	6.98
1964	-2.9	2.4	2.1	8.1	14.2	16.2	18.7	16.5	13.9	6.6	4.4	-0.1	8.34
1965	0.1	-1.8	4.1	6.2	11.7	15	14.3	15.4	11.7	8.2	1.7	2.4	7.42
1966	-2.7	5.5	3.7	8.5	12.6	16.2	14.9	15.2	14	10.5	1.2	1.7	8.44
1967	-0.1	2.6	4.9	6.4	11.9	14.5	19.1	16.3	12.9	10.2	2.7	-0.3	8.43
1968	-1.2	1.2	4.7	8.6	10.1	14.3	15.9	15.5	12.7	9.9	2.4	-1.5	7.72
1969	1.2	-1.7	3.3	6.8	12.4	14.2	18.6	16.4	14.1	10	4	-3.1	8.02
1970	-1	-0.2	1.4	4.7	11.6	17.2	15.2	17.3	14.1	8.6	5.3	-0.2	7.83
1971	-1.4	1.3	1.3	9.2	14.4	13.6	18.6	17.3	13.2	10	2.5	2.1	8.51
1972	0.3	3.8	6.7	6.5	11.5	14.1	17.9	15.9	99	99	99	99	99
1973	0.1	0.4	4.1	5.4	12.3	16.5	16.9	18.9	15	8.1	3.4	0.2	8.44
1974	3.7	3.1	5.8	9.2	11.1	14.4	15.1	16.5	12	4.2	4	4.1	8.6
1975	4.1	2.4	2.9	6.9	11.3	14.8	18.3	19.4	15.1	7.1	3.5	0	8.82
1976	1.6	1.2	2.6	7.7	13.3	19.3	20	17.7	12.9	9.8	4.5	-1.3	9.11
1977	1	3.4	6.2	5.2	11.2	14.4	16.6	15.6	11.9	9.9	4.4	2.1	8.49
1978	0.4	-0.8	5	6.6	11.2	13.6	15.2	14.6	11.9	8.9	2.2	1.4	7.52
1979	-5.2	-0.3	3.8	6.3	11	15.8	16.2	14.8	13.4	9.7	3.4	3.4	7.69
1980	-1.5	3.7	3.9	6.6	11	13.4	14.3	16.2	13.9	7.5	2.2	0	7.6
1981	-0.5	-0.5	7.2	8.2	12.2	14.3	15.9	16.7	13.9	7.4	4.4	-0.6	8.22
1982	-1.3	1	4.2	6.9	12.4	15.8	18.6	16.3	16.5	8.9	5.7	1.8	8.9
1983	3	-0.9	4.4	7.5	9.4	16.3	21.6	19	13.4	9	3.5	1.3	8.96
1984	1	0.4	2.8	7.3	9.4	13.9	16.5	17.4	12.2	9.7	5.8	1.4	8.15
1985	-4.8	-1.1	2.7	7.6	12.6	12.8	17.4	15.1	14.1	8.9	0.6	3.1	7.42
1986	0.4	-5.2	3.2	5.1	13	16.4	16.8	15.5	11.6	10.4	5.6	2.1	7.91
1987	-4.8	0.3	0.9	9.8	9.3	13.3	16.4	15.8	15	9.51	4.4	2	7.66
1988	3.8	1.9	3.5	8.8	13.6	14.7	15.5	17.1	12.7	9.9	3.3	4.4	9.1