1853	0.33	-0.37	3.23	6.93	16.13	19.53	20.93	19.63	15.83	11.43	2.03	-4.33	9.3	
1854	-1.23	-2.73	2.83	8.83	16.93	18.23	21.13	19.63	15.23	11.13	2.63	1.33	9.5	
1855	-3.53	-2.93	3.93	11.33	14.63	21.53	20.93	19.93	14.33	12.53	4.13	-6.03	9.2	
1856	0.23	-0.73	-0.27	13.73	14.63	19.53	18.43	20.03	14.33	10.33	-0.83	-0.47	9.1	
1857	-0.57	-3.03	1.73	12.43	14.73	17.53	21.43	20.33	14.93	14.13	2.03	-1.03	9.6	
1858	-8.33	-10.73	0.23	8.73	15.33	20.23	21.43	19.83	16.83	13.23	-0.07	-0.83	8.0	
1859	-3.63	1.43	4.43	11.73	16.73	18.63	23.63	23.03	15.43	12.43	3.03	-1.33	10.5	
1860	0.43	-1.33	3.23	13.23	16.33	21.03	18.43	21.23	18.43	8.33	3.13	-0.47	10.2	
1861	-6.13	3.63	4.63	9.13	13.73	21.03	22.13	20.03	16.43	10.73	5.33	-3.03	9.8	
1862	-5.93	-3.43	5.23	13.13	17.53	20.33	22.03	21.13	17.33	11.53	4.03	-5.73	9.8	
1863	1.73	-0.47	6.53	9.73	18.33	19.83	20.83	22.13	18.43	12.43	5.33	-1.83	11.1	
1864	-11.73	-1.53	5.83	8.03	12.03	20.73	18.43	18.53	17.13	9.23	4.73	-3.83	8.1	
1865	-0.57	-4.73	0.53	12.13	18.13	17.03	23.93	19.83	14.53	11.33	5.73	-2.03	9.7	
1866	-1.53	1.93	6.53	13.53	13.93	22.73	21.53	19.03	18.63	8.23	2.13	-0.93	10.5	
1867	0.53	1.83	1.43	11.63	16.03	18.43	19.63	19.23	15.63	10.03	-0.27	-3.33	9.2	
1868	-2.53	-0.27	3.43	10.73	17.73	21.83	21.43	20.43	18.63	11.93	3.83	3.23	10.9	
1869	-3.83	2.43	3.23	12.83	18.83	18.33	21.53	19.53	15.33	9.53	3.33	2.23	10.3	
1870	-1.33	-7.33	1.43	10.03	16.43	18.33	22.23	19.53	13.03	8.53	6.83	-3.53	8.7	
1871	-2.63	-2.93	4.93	9.43	12.03	17.43	22.23	20.03	15.83	7.63	4.43	-8.63	8.3	
1872	-2.03	-0.47	5.33	12.43	18.23	17.73	21.23	19.23	17.43	12.53	8.23	3.33	11.1	
1873	0.63	0.73	7.33	9.13	13.03	17.93	21.33	21.33	14.83	13.33	4.23	-2.53	10.1	
1874	-3.63	-2.93	1.63	11.63	10.63	19.73	23.53	20.13	17.43	10.53	0.63	1.53	9.2	
1875	-2.43	-7.03	-1.23	6.93	14.83	23.13	21.23	20.53	13.53	8.33	3.03	-4.23	8.1	
1876	-7.53	-1.93	6.43	13.63	11.33	20.03	21.43	20.53	14.43	10.53	-1.33	2.73	9.2	
1877	1.03	0.43	3.83	7.33	13.33	20.83	21.03	21.73	13.13	7.43	4.23	-2.23	9.3	
1878	-4.93	-1.33	2.63	10.33	15.73	19.83	19.23	19.73	17.83	12.13	6.63	-1.43	9.7	
1879	-3.33	3.13	2.43	10.53	14.33	20.83	19.83	20.33	17.33	8.83	-0.07	-10.63	8.6	
1880	-8.93	-5.03	0.83	12.63	14.23	19.23	23.73	18.53	16.23	10.63	5.23	1.43	9.1	
1881	-6.63	-3.83	2.23	7.03	15.23	18.63	21.73	21.23	15.23	7.43	1.63	-2.13	8.1	
1882	-1.33	-1.03	8.03	10.53	14.53	17.63	22.43	17.93	16.93	10.43	4.13	0.83	10.1	
1883	-3.43	-1.33	-1.03	7.03	15.33	20.23	22.23	19.83	17.03	10.83	4.03	-2.53	9.0	
1884	-2.63	1.03	5.23	8.43	15.53	16.53	19.93	17.53	15.03	8.33	-0.57	-0.17	8.7	
1885	-2.63	1.23	5.23	11.93	13.93	20.03	20.23	17.43	16.93	11.03	4.93	-4.13	9.7	
1886	0.33	-1.33	0.83	11.23	15.33	17.73	19.33	19.53	16.53	11.13	4.83	2.23	9.8	
1887	-2.23	-4.13	1.73	9.63	14.53	16.53	21.73	19.03	16.83	7.53	4.93	-2.83	8.6	
1888	-8.63	-4.93	3.83	8.93	15.43	18.53	19.03	18.83	17.13	9.23	0.53	-1.03	8.1	
1889	-4.53	-2.53	1.23	9.53	17.93	21.43	21.23	20.03	12.43	12.03	3.43	-6.53	8.8	
1890	-2.33	-3.03	5.43	10.83	16.53	17.03	22.13	23.43	13.73	8.53	5.73	-2.73	9.6	
1891	-6.63	-6.53	2.63	6.63	17.63	17.93	20.73	19.13	15.33	11.13	4.43	0.23	8.6	
1892	-3.73	-0.37	2.83	10.43	15.63	19.43	20.03	22.43	18.63	11.03	1.53	-5.53	9.4	
1893	-11.63	-2.23	3.13	7.83	14.33	18.33	20.23	18.53	14.43	11.13	3.63	0.53	8.2	
1894	-4.83	-0.93	5.03	11.83	15.13	16.93	22.43	19.93	13.53	11.13	3.83	-1.53	9.4	
1895	-1.53	-6.03	1.53	9.53	15.13	18.43	21.43	18.83	14.93	10.53	5.23	-1.83	8.8	
1896	-9.43	-3.03	5.03	7.23	14.03	19.93	21.53	20.03	16.13	14.33	2.13	-0.37	9.0	
1897	-0.93	-1.03	6.43	9.83	14.73	19.13	20.43	20.53	16.53	8.73	-0.57	-3.43	9.2	
1898	-2.23	-0.83	5.83	11.03	15.53	18.43	19.23	20.63	15.33	11.63	6.03	0.53	10.1	
1899	1.63	0.63	2.83	10.53	14.43	16.33	20.43	18.63	15.73	8.33	3.93	-2.73	9.2	
1900	-0.17	3.63	1.23	8.73	14.33	19.03	22.93	20.23	15.93	10.93	6.13	0.13	10.3	
1901	-7.73	-4.63	5.23	9.53	15.63	20.33	22.23	19.93	15.23	11.73	2.93	3.63	9.5	
1902	0.63	2.33	3.23	7.93	11.13	18.33	19.73	20.43	15.03	9.83	-0.83	-7.33	8.4	
1903	-2.13	1.93	6.93	8.23	15.03	17.83	20.33	19.13	16.33	10.73	5.23	1.43	10.1	
1904	-3.23	2.33	4.63	10.13	14.53	18.83	22.23	20.43	14.73	10.43	1.83	-0.47	9.7	
1905	-7.43	-0.73	5.23	8.33	15.63	20.33	22.33	21.73	16.73	6.33	6.53	-1.03	9.5	
1906	-2.93	0.73	4.63	11.63	17.33	19.33	21.33	19.33	13.93	9.03	7.13	-2.13	9.9	
1907	-5.13	-5.23	-0.17	8.03	18.13	19.33	19.73	19.53	14.73	13.43	3.23	0.83	8.9	
1908	-4.03	-0.37	4.23	8.93	17.93	20.13	20.73	17.93	14.03	7.83	-2.13	-2.63	8.5	
1909	-3.83	-5.53	4.73	10.23	14.93	18.33	19.83	21.33	16.43	11.63	3.13	3.43	9.6	
1910	0.03	4.33	4.43	10.03	16.03	20.43	20.23	19.93	14.93	9.33	3.43	3.13	10.5	
1911	-0.57	-4.13	4.43	9.23	16.33	18.63	21.93	21.03	15.43	10.13	7.13	2.03	10.1	
1912	-5.93	1.53	6.43	7.83	13.93	19.93	20.73	18.03	11.53	7.53	1.93	0.63	8.7	
1913	-3.13	-2.13	6.53	10.23	14.13	18.13	17.73	17.13	15.13	8.83	4.53	0.43	9.0	
1914	-7.33	-2.93	5.43	11.23	15.13	18.13	20.13	19.03	13.13	8.63	2.33	2.53	8.8	
1915	0.93	0.13	1.43	9.03	15.63	19.73	19.83	17.43	12.03	9.03	1.53	4.03	9.2	
1916	0.23	-0.73	7.83	9.83	15.13	18.43	19.73	19.13	14.53	9.63	6.13	3.63	10.3	
1917	-0.93	-6.53	2.73	8.93	15.33	20.63	21.03	21.23	16.33	11.13	5.53	-2.03	9.4	
1918	0.93	-0.57	4.53	13.33	15.53	16.73	19.93	19.53	17.03	11.23	2.23	-0.27	10.0	
1919	-3.33	0.53	5.13	9.83	10.53	17.93	18.83	18.53	17.23	9.33	3.33	-0.73	8.9	
1920	0.23	-1.33	6.33	14.73	16.63	16.83	20.93	18.63	15.43	5.83	-0.07	1.63	9.7	
1921	2.53	-0.73	5.83	10.63	16.93	16.93	21.13	21.03	13.93	8.73	1.23	-1.33	9.7	
1922	-4.93	-6.03	4.73	9.03	15.63	18.93	20.83	19.83	14.23	8.23	0.53	-1.33	8.3	
1923	-0.37	0.13	5.43	9.23	17.93	16.43	20.83	19.63	16.13	12.83	7.23	-0.47	10.4	
1924	-7.03	-1.93	3.23	8.73	18.53	19.83	20.23	18.83	17.43	9.83	1.23	-0.93	9.0	
1925	-0.93	4.63	3.83	10.33	17.03	16.83	20.33	19.43	14.33	9.63	5.33	-3.83	9.7	
1926	-0.73	3.23	3.73	12.03	15.73	18.23	20.73	17.83	15.53	11.03	10.13	-0.07	10.6	
1927	0.53	-1.23	7.53	9.93	14.13	19.93	21.23	20.73	17.13	9.23	5.13	-4.33	10.0	
1928	-2.83	-1.03	2.53	10.83	13.23	17.43	22.53	20.13	16.23	9.53	6.23	0.33	9.6	
1929	-5.23	-8.53	0.23	6.53	17.63	17.93	20.03	21.73	14.93	12.43	6.83	1.63	8.8	
1930	-1.03	0.13	6.23	11.63	14.63	20.13	20.83	20.03	17.63	10.53	6.73	0.43	10.7	
1931	-1.13	1.23	0.83	7.93	18.43	20.83	23.03	20.73	12.33	9.03	3.43	-2.53	9.5	
1932	-4.03	-7.83	-0.37	10.13	16.83	18.13	23.23	21.03	19.03	12.53	3.23	-0.17	9.3	
1933	-3.83	0.13	4.83	6.63	14.23	16.03	20.63	18.93	14.03	10.63	5.43	-6.63	8.4	
1934	-3.63	-1.13	8.43	13.93	18.23	18.83	20.73	21.03	16.63	10.53	6.83	3.83	11.2	
1935	-4.53	-2.53	3.33	10.43	14.33	20.93	21.03	20.73	16.43	13.63	3.63	1.83	9.9	
1936	3.73	0.73	7.93	10.43	17.43	18.13	23.53	18.13	14.03	6.23	4.03	-0.83	10.3	
1937	-4.83	1.03	7.83	9.73	18.83	21.23	20.63	19.43	17.83	9.93	4.73	0.43	10.6	
1938	-3.33	-0.07	5.43	7.83	14.73	21.33	21.73	19.93	15.03	11.13	6.13	-1.13	9.9	
1939	0.53	1.33	1.73	12.83	15.63	20.23	22.53	20.23	14.73	9.63	4.43	-0.93	10.2	
1940	-10.23	-8.13	-0.37	10.43	14.23	18.33	20.23	17.03	15.13	9.33	6.83	-6.43	7.2	
1941	-4.33	1.63	4.03	9.13	13.23	18.13	19.93	18.63	11.73	7.83	1.13	-1.13	8.3	
1942	-10.83	-3.93	1.33	8.23	15.63	19.33	20.83	20.73	18.83	10.23	2.23	0.83	8.6	
1943	-6.83	0.93	4.73	11.53	14.03	18.13	20.93	23.23	17.63	10.93	3.93	-0.37	9.9	
1944	-1.03	-1.13	1.63	10.33	14.23	19.63	20.33	21.53	16.63	13.03	4.43	-0.37	9.9	
1945	-4.00	-0.20	4.20	10.70	17.10	19.40	20.80	19.80	14.90	8.80	4.00	0.20	9.58
1946	-5.60	-0.20	5.70	13.00	18.40	21.00	22.70	22.50	17.60	5.20	5.40	-1.30	10.49
1947	-9.30	-3.10	6.50	12.80	17.40	20.50	22.50	20.30	18.00	7.60	4.90	0.50	9.73
1948	2.70	-0.70	5.20	13.50	17.50	18.10	19.30	20.60	16.00	10.40	1.50	-5.30	10.38
1949	-0.80	-1.00	1.80	11.40	17.20	16.80	19.60	18.70	16.10	10.00	7.00	1.60	9.29
1950	-5.80	-0.10	5.20	12.10	17.90	20.50	22.70	21.10	16.30	7.70	5.10	3.00	10.36
1951	1.10	3.10	5.50	10.80	15.50	19.50	20.40	21.00	17.30	7.60	6.90	-0.50	10.98
1952	-0.60	-1.20	0.10	12.90	14.10	19.10	22.30	22.90	14.90	9.30	3.90	0.80	9.77
1953	-0.70	-0.80	3.40	11.50	14.40	19.90	21.90	18.30	16.20	10.50	2.00	-1.90	9.78
1954	-8.90	-7.10	6.00	6.90	15.50	20.30	19.40	20.10	17.10	8.90	3.40	2.30	8.31
1955	-2.90	0.60	2.90	7.00	14.60	17.80	19.70	18.50	15.20	10.30	3.60	1.30	9.13
1956	0.10	-9.00	0.60	10.20	14.70	18.30	20.50	20.50	15.10	8.50	-0.10	-1.10	8.39
1957	-3.90	2.50	5.10	11.20	12.40	20.20	21.00	19.40	14.90	8.70	4.80	-0.90	9.60
1958	-2.80	2.30	0.60	7.20	19.70	17.60	21.00	19.50	15.00	9.50	5.20	2.40	9.49
1959	-1.20	-2.80	6.10	10.30	15.00	18.10	21.90	19.30	12.80	7.80	3.90	3.50	9.47
1960	-3.10	-1.40	5.20	9.80	14.50	18.90	19.30	19.00	13.50	11.60	6.80	3.90	9.80
1961	-3.50	0.10	6.20	13.10	13.70	19.40	19.30	19.20	16.70	11.90	5.80	-1.70	10.48
1962	-1.20	-1.90	0.70	12.10	14.50	16.50	18.30	21.20	14.70	9.50	6.20	-3.70	9.08
1963	-8.40	-4.60	1.60	11.30	17.00	19.10	21.80	20.80	16.60	9.10	8.50	-5.20	9.09
1964	-10.50	-3.50	1.60	10.60	14.20	22.10	20.80	18.20	14.90	10.20	5.40	-0.60	8.23
1965	-1.10	-5.30	4.30	8.60	13.50	17.90	19.30	17.00	16.00	8.10	1.90	0.90	8.30
1966	-5.10	4.30	4.20	12.10	17.20	17.70	19.60	18.80	14.30	14.00	4.50	0.30	10.21
1967	-4.70	-0.90	5.90	10.00	15.70	18.30	22.00	19.80	17.40	11.70	4.70	-1.20	10.02
1968	-4.20	2.20	4.80	12.50	16.80	20.40	19.90	18.50	15.70	9.80	6.50	-2.40	10.14
1969	-5.10	-0.20	2.70	9.20	17.60	17.70	20.10	18.70	15.30	9.60	7.10	-2.60	9.19
1970	-1.50	-1.20	3.70	9.80	13.50	18.50	20.00	19.30	14.20	8.20	6.50	0.20	9.03
1971	-1.60	1.50	2.40	10.50	17.80	17.90	19.90	21.10	13.20	8.00	3.50	1.40	9.53
1972	-2.60	3.30	7.10	11.90	15.60	19.30	22.30	19.00	12.80	7.90	4.10	0.30	10.18
1973	-1.50	1.50	4.60	9.40	15.90	18.20	19.70	19.90	16.90	9.10	1.30	-2.00	9.61
1974	-1.30	4.70	7.90	9.60	13.70	16.30	18.70	21.20	16.50	7.60	4.20	1.30	9.76
1975	0.60	-0.80	7.90	9.90	17.10	19.00	20.40	19.40	17.90	10.10	2.20	-1.10	10.42
1976	-2.10	-2.60	1.60	10.80	15.00	18.00	20.80	17.20	14.80	10.80	6.20	0.10	9.12
1977	-1.10	3.90	7.60	8.80	16.00	19.10	19.60	18.40	13.40	10.60	4.40	-3.40	10.07
1978	-1.40	-0.60	5.90	9.60	13.40	17.60	18.20	17.40	13.60	10.20	1.40	0.50	8.49
1979	-3.40	1.20	6.60	9.10	16.90	21.50	17.70	18.20	16.40	8.40	5.00	2.80	9.84
1980	-4.50	0.40	3.90	8.50	13.00	17.40	18.30	18.70	14.30	10.80	2.90	-1.30	8.88
1981	-4.40	-0.80	7.20	9.10	15.50	19.90	19.70	18.90	16.40	11.40	3.30	-0.10	9.58
1982	-6.50	-3.10	4.80	7.70	16.70	19.10	20.30	20.20	18.60	11.30	4.40	3.10	9.45
1983	1.60	-0.50	6.40	12.10	17.50	18.60	22.10	20.20	15.80	9.20	0.70	-0.70	10.57
1984	-0.60	-0.10	4.30	10.80	15.30	17.20	18.20	19.30	16.00	11.70	4.80	-1.90	9.68
1985	-6.60	-8.30	4.10	10.40	16.50	15.90	20.10	20.40	14.70	9.40	3.60	2.70	8.19
1986	-0.60	-2.60	4.50	12.70	17.90	19.00	19.90	21.30	15.80	9.50	4.20	-2.40	10.36
1987	-5.60	0.30	0.30	10.60	14.60	19.80	23.10	17.80	17.70	10.70	5.30	0.50	9.35
1988	2.20	2.30	4.10	10.00	16.20	17.80	21.80	19.90	15.30	9.40	-1.40	0.30	9.84
1989	-2.00	2.80	7.20	12.80	15.40	17.00	20.70	19.60	15.70	10.50	3.40	0.20	10.28
1990	0.20	4.10	8.40	10.60	15.60	18.30	20.00	20.30	13.70	9.70	5.60	0.30	10.56
1991	-0.50	-2.40	7.20	9.50	12.70	18.90	22.20	19.30	16.40	9.50	5.60	-4.20	9.89
1992	-2.20	0.80	5.30	11.50	15.80	20.00	21.80	24.90	15.50	9.80	4.90	-1.10	10.33
1993	-1.60	-3.30	3.00	10.10	18.80	19.30	19.30	20.30	14.60	11.80	1.90	2.70	9.43
1994	2.40	1.60	7.30	11.40	15.70	19.30	21.60	21.60	19.30	9.30	4.30	99	11.38
1995	-1.80	4.60	5.50	10.00	15.20	18.80	23.40	20.80	15.40	11.80	2.20	-0.20	10.70
1996	-2.50	-3.70	0.80	11.80	17.80	20.10	19.50	20.30	12.70	10.80	7.30	-1.70	9.56
1997	-2.60	0.50	4.20	7.10	16.50	19.40	19.40	20.50	15.30	7.80	6.10	1.70	9.38
1998	2.00	3.20	3.20	12.20	15.10	19.50	20.60	20.40	15.10	10.90	2.60	-5.50	10.54
1999	-1.20	-1.60	6.40	11.90	15.40	20.50	22.50	20.00	18.50	10.50	3.50	0.30	10.08
2000	-3.50	2.20	4.90	14.00	17.90	20.60	19.90	22.50	15.00	13.10	8.50	2.20	11.28
2001	0.70	2.30	7.60	10.80	17.70	17.60	21.30	22.00	14.40	12.70	2.00	-5.30	10.94
2002	-1.30	4.20	7.20	11.30	18.90	20.40	23.00	21.10	15.30	9.90	6.60	-1.80	10.94
2003	-3.30	-5.80	3.60	10.00	19.70	21.70	21.70	22.90	15.70	8.20	6.80	-0.10	9.95
2004	-3.00	0.30	5.60	11.90	14.80	19.00	20.90	20.50	15.10	11.80	5.10	1.00	10.16
2005	-0.90	-3.70	2.70	11.30	16.70	18.80	21.00	19.80	16.90	10.70	3.70	0.10	9.83
2006	-3.30	-1.30	3.40	12.10	15.60	19.40	23.10	19.00	17.50	12.00	6.30	2.00	10.32
2007	3.60	4.80	8.40	12.10	17.30	22.1	23.00	22.5	14.6	10.4	3.7	-0.4	12.04
2008	1.1	3.2	6.6	11.6	17.0	20.7	20.9	21.5	15.5	11.9	6.6	2.8	11.35
2009	-1.6	0.5	5.5	14.7	17.2	19.4	22.8