1814	1.71	0.21	7.13	15.11	15.98	22.19	24.71	23.42	17.13	13.13	9.82	5.4	13.0
1815	0.6	5.56	11.03	14.35	20.07	21.53	23.56	22.3	20.77	16.45	6.74	1.07	13.67
1816	2.07	1.77	6.57	12.92	18.09	21.29	23.88	21.74	20.16	15.65	8.67	1.17	12.83
1817	4.21	6.63	9.58	9.69	18.11	23.86	25.82	25.79	21.78	12.15	8.98	3.33	14.16
1818	2.62	6.37	10.73	14.53	19.16	23.33	25.46	23.9	21.1	15.15	9.12	2.35	14.49
1819	1.1	5.72	10.45	15.95	19.16	23.34	26.05	24.57	21.13	16.15	9.7	3.45	14.73
1820	0.34	5.09	8.31	16.08	21.01	23.23	26.39	28.47	20.62	15.21	7.44	3.27	14.62
1821	2.76	3.96	8.45	15.5	20.09	20.9	25.04	25.94	22.84	14.49	9.37	4.68	14.5
1822	3.07	6.41	13.92	13.95	19.74	27.21	26.74	25.07	22.07	15.77	9.69	3.0	15.55
1823	-0.74	4.76	7.46	13.45	20.16	21.95	25.31	25.94	21.34	15.64	6.7	3.61	13.8
1824	2.09	6.56	8.03	12.09	19.21	20.85	25.82	25.75	21.53	15.14	10.01	4.84	14.33
1825	2.65	4.89	6.63	14.66	19.49	22.53	25.01	24.75	21.12	13.39	9.47	8.19	14.4
1826	0.16	5.79	9.98	14.25	15.81	21.55	25.32	26.0	21.0	15.67	7.01	4.82	13.95
1827	2.87	1.87	9.61	13.44	19.59	22.02	26.55	23.66	18.2	15.95	6.36	3.46	13.63
1828	2.04	3.32	10.81	14.74	20.05	24.53	27.66	24.88	21.21	15.6	6.98	3.91	14.64
1829	0.65	1.35	8.32	15.49	18.16	21.66	26.11	23.42	20.24	13.88	5.72	0.29	12.94
1830	-3.26	-0.21	9.7	16.87	19.82	22.79	26.85	26.25	18.85	13.13	9.02	3.84	13.64
1831	1.21	4.75	9.85	14.53	18.09	23.08	25.4	23.88	18.84	16.9	8.16	3.85	14.05
1832	1.54	4.13	7.96	11.88	17.04	21.46	25.11	25.66	19.93	14.37	7.32	1.31	13.14
1833	-0.27	4.79	8.0	12.67	20.73	23.27	22.34	22.07	17.75	13.74	7.89	5.19	13.18
1834	4.46	3.81	8.94	11.67	21.14	24.13	26.18	24.82	23.33	15.72	8.64	3.2	14.67
1835	3.19	5.06	7.68	11.87	18.21	21.32	25.61	22.86	18.88	12.64	1.66	-0.37	12.38
1836	-1.23	3.46	11.34	12.84	14.87	22.71	25.74	24.44	18.92	15.55	5.92	3.95	13.21
1837	1.49	3.99	5.5	11.69	16.39	24.14	23.95	25.99	18.65	13.54	6.22	3.06	12.88
1838	-0.54	2.26	8.77	10.55	18.25	23.82	24.52	23.45	19.97	13.1	8.95	2.42	12.96
1839	1.65	3.21	6.47	10.18	17.56	25.68	26.81	24.21	21.15	16.36	10.04	6.22	14.13
1840	2.16	4.29	4.23	12.38	18.05	23.53	24.5	24.56	20.14	13.79	10.93	1.07	13.3
1841	0.61	3.37	10.04	14.0	21.97	22.09	25.3	23.62	21.79	17.08	8.34	6.11	14.53
1842	0.28	1.84	9.73	12.21	17.06	23.32	25.33	24.17	18.48	12.48	5.47	4.77	12.93
1843	3.42	6.51	7.98	13.23	17.51	20.38	22.8	23.6	20.0	14.82	8.63	3.35	13.52
1844	1.31	3.47	7.11	14.5	16.64	23.47	24.76	23.22	21.53	16.35	9.38	1.28	13.59
1845	4.84	0.67	5.84	13.16	16.16	22.93	24.97	22.21	19.74	15.46	9.37	4.44	13.31
1846	3.62	5.54	10.28	14.35	18.57	25.06	27.51	24.44	19.87	14.55	7.41	0.8	14.33
1847	2.55	3.27	6.89	13.33	21.91	20.45	24.66	23.4	18.33	14.65	7.32	2.59	13.28
1848	-0.37	4.4	9.67	14.67	17.58	24.08	24.68	25.38	19.56	14.99	6.46	3.24	13.7
1849	1.26	7.11	7.72	11.61	18.35	25.73	24.86	24.48	19.92	15.64	8.01	2.54	13.94
1850	-1.15	5.24	7.4	12.57	16.3	22.15	24.24	24.05	17.67	12.94	8.25	4.9	12.88
1851	4.23	5.6	8.76	15.47	17.66	22.87	23.48	22.85	18.52	14.91	4.48	1.94	13.4
1852	1.64	4.53	5.75	11.17	17.81	22.25	24.24	23.05	18.18	12.2	8.91	3.95	12.81
1853	2.31	2.11	4.17	10.79	16.87	20.95	26.98	25.36	18.86	13.5	7.49	-0.13	12.44
1854	0.86	1.8	7.23	12.72	17.22	21.52	25.25	23.55	18.94	14.31	5.29	3.05	12.65
1855	-1.03	0.15	7.25	11.99	15.97	20.89	23.78	23.35	17.7	16.06	8.89	0.32	12.11
1856	3.79	8.34	7.6	15.09	17.53	23.25	22.79	24.67	18.0	14.0	4.04	1.58	13.39
1857	0.45	1.38	6.25	13.04	16.54	20.17	24.43	23.16	19.4	15.97	6.85	2.76	12.53
1858	-3.04	-1.77	5.41	13.1	15.47	22.26	23.15	21.47	19.11	15.37	3.96	3.4	11.49
1859	0.97	5.29	10.75	13.67	16.47	20.68	25.46	24.84	18.76	16.57	6.95	-0.01	13.37
1860	1.07	0.61	6.09	10.93	18.16	22.39	22.43	23.16	18.91	13.67	5.9	2.18	12.13
1861	-1.22	3.89	8.37	12.19	16.58	22.85	24.73	26.97	20.97	14.51	7.3	0.39	13.13
1862	-0.08	3.14	9.67	15.41	19.41	21.26	24.86	22.94	18.83	15.46	8.79	2.26	13.5
1863	4.26	4.57	9.55	14.32	18.98	22.57	23.86	25.11	20.26	14.62	8.85	3.25	14.18
1864	-3.08	1.09	8.35	10.97	16.55	21.38	23.71	23.24	19.47	12.48	6.94	2.87	12.0
1865	2.17	2.13	4.1	15.15	19.53	22.22	26.01	24.49	21.58	14.1	8.66	3.79	13.66
1866	2.82	5.09	7.52	13.57	15.25	24.51	27.05	24.11	21.28	13.7	9.02	5.39	14.11
1867	2.86	8.27	9.55	16.2	20.31	23.89	25.98	25.53	23.59	14.31	8.26	3.18	15.16
1868	0.71	4.33	9.08	13.94	22.77	24.43	25.52	25.22	22.27	16.62	7.63	6.06	14.88
1869	2.13	7.57	7.3	16.05	22.07	21.89	27.32	24.27	21.32	13.61	7.58	4.46	14.63
1870	1.55	3.54	8.01	13.55	20.87	23.32	26.35	23.18	19.8	14.82	9.29	1.9	13.85
1871	0.25	4.2	9.89	15.64	18.17	20.96	27.38	24.76	23.04	13.63	6.96	-0.12	13.73
1872	2.76	6.64	9.97	15.58	18.97	22.52	26.27	24.12	22.49	16.37	9.22	7.7	15.22
1873	5.21	5.22	11.31	12.27	16.42	21.22	27.07	26.27	20.92	17.32	8.87	4.31	14.7
1874	1.66	4.13	8.99	16.05	15.44	24.67	27.81	24.25	22.69	16.32	6.99	4.01	14.42
1875	3.03	1.94	5.07	13.67	21.25	24.48	25.2	26.37	21.44	15.56	7.86	2.99	14.07
1876	1.25	5.26	10.56	14.85	16.09	23.04	25.69	25.64	20.89	17.69	6.61	6.06	14.47
1877	5.08	5.13	7.64	12.88	16.15	24.77	26.92	27.59	21.24	12.54	9.31	3.74	14.41
1878	0.85	6.72	9.28	13.28	20.11	22.42	25.63	25.45	20.88	16.2	7.62	1.23	14.14
1879	2.13	8.21	10.23	13.41	15.45	24.73	25.0	27.87	22.01	14.38	6.32	-2.33	13.95
1880	-1.82	4.58	8.7	14.27	17.03	20.47	26.46	22.84	20.56	16.31	9.75	5.69	13.74
1881	0.76	4.0	9.3	13.12	16.87	21.64	26.41	25.61	19.0	11.49	8.11	5.55	13.49
1882	4.47	5.29	11.07	12.49	17.39	20.93	24.28	23.52	18.96	14.81	9.06	4.43	13.89
1883	2.91	6.61	5.3	11.23	17.62	21.53	24.52	23.65	19.68	14.4	8.51	2.11	13.17
1884	3.37	5.52	9.71	13.16	18.93	18.38	25.12	23.45	19.88	13.55	6.39	3.65	13.42
1885	2.2	6.05	8.89	12.41	16.34	21.75	25.06	23.5	21.03	13.73	8.44	1.83	13.43
1886	0.62	3.51	6.61	13.25	17.73	20.4	24.06	23.02	21.58	15.76	9.73	4.48	13.4
1887	2.01	3.07	8.74	11.62	15.9	22.27	25.74	24.92	21.77	11.69	7.52	2.6	13.15
1888	-1.32	1.62	8.4	12.65	18.45	23.55	24.29	23.94	20.63	13.34	7.42	4.14	13.09
1889	2.85	2.35	7.33	12.05	18.23	22.18	23.7	24.89	19.2	15.54	7.84	1.6	13.15
1890	3.17	2.09	8.39	12.25	17.37	20.52	24.04	25.81	19.7	14.43	6.85	0.62	12.94
1891	-1.52	1.69	8.65	10.58	17.28	20.7	25.15	23.64	20.24	15.73	6.79	4.53	12.79
1892	0.82	5.33	5.74	13.47	17.8	23.39	24.17	24.0	21.31	15.01	8.03	1.34	13.37
1893	-2.49	3.58	9.61	13.5	17.12	21.53	23.84	23.9	20.1	15.59	7.42	4.51	13.18
1894	-0.03	5.0	8.87	14.56	17.14	21.34	25.46	23.52	19.8	14.72	8.44	2.84	13.47
1895	0.56	-1.37	6.83	12.57	15.88	20.49	24.79	23.23	22.51	13.9	8.09	2.96	12.54
1896	0.44	3.95	9.31	10.44	15.13	20.75	23.64	20.24	19.33	14.55	7.17	3.16	12.34
1897	3.1	6.55	11.07	13.26	16.0	22.15	24.49	23.01	19.62	12.68	5.88	1.94	13.31
1898	3.7	5.3	8.82	13.1	16.92	21.3	21.66	23.38	19.98	14.96	11.38	4.04	13.71
1899	4.97	5.26	7.53	12.07	16.44	19.99	23.75	24.4	20.86	13.59	8.87	0.33	13.17
1900	2.42	5.95	6.46	11.12	16.88	22.1	24.54	22.68	20.67	15.8	10.32	6.06	13.75
1901	2.17	-0.38	7.39	12.96	16.65	22.67	23.43	23.38	19.28	14.73	6.88	3.79	12.75
1902	3.42	4.33	9.61	14.32	14.05	19.66	24.5	23.55	19.9	13.62	5.54	3.72	13.02
1903	2.27	5.38	9.52	10.99	17.5	19.5	24.07	24.81	20.43	16.08	9.15	4.94	13.72
1904	4.04	6.63	8.6	13.0	19.81	22.91	26.31	24.79	17.69	14.01	7.8	4.24	14.15
1905	-0.07	2.35	9.43	13.29	16.04	21.11	25.39	24.24	21.24	10.55	8.49	4.01	13.01
1906	2.14	3.28	8.89	12.66	17.77	21.65	23.69	24.89	19.07	14.95	10.32	3.24	13.55
1907	-0.45	2.28	7.99	11.12	18.97	22.65	23.59	24.63	20.15	17.05	8.74	6.11	13.57
1908	2.87	5.87	7.46	11.48	19.62	22.95	23.65	23.34	19.26	14.87	6.45	3.73	13.46
1909	0.79	1.84	6.55	14.56	16.84	20.99	23.59	24.05	19.42	15.73	8.26	5.6	13.18
1910	2.9	6.09	9.76	12.52	16.24	22.09	23.32	24.02	17.8	14.29	7.57	6.57	13.6
1911	1.83	3.01	8.48	12.62	16.53	21.27	24.94	25.85	21.77	14.61	10.93	6.19	14.0
1912	3.26	6.99	12.2	11.9	18.62	22.26	24.54	23.57	16.6	12.88	6.87	5.13	13.73
1913	3.29	3.03	9.95	12.92	18.25	22.48	22.22	22.83	19.6	15.67	10.19	4.19	13.72
1914	0.29	5.87	10.38	14.57	17.06	20.69	23.74	24.03	20.16	13.98	8.18	4.94	13.66
1915	3.44	4.18	9.55	12.5	19.07	21.67	24.64	22.58	18.09	12.17	6.99	6.15	13.42
1916	3.29	5.92	10.59	13.85	18.55	22.16	24.51	23.92	17.92	14.17	9.48	6.08	14.2
1917	0.94	0.76	6.81	11.67	18.64	23.81	24.65	25.3	21.84	14.07	7.15	2.6	13.19
1918	2.11	5.54	8.81	12.35	18.23	19.82	24.68	23.75	21.92	12.73	6.76	4.64	13.44
1919	5.31	4.14	9.41	12.6	16.28	22.45	22.26	24.6	21.38	12.14	6.33	4.22	13.43
1920	6.55	7.56	12.16	14.53	20.89	21.77	25.94	23.05	20.93	12.95	4.92	5.09	14.69
1921	5.83	5.47	10.34	12.07	18.73	21.72	26.51	24.89	20.73	17.45	7.7	3.48	14.58
1922	1.95	4.09	11.81	12.09	20.05	22.94	25.23	25.86	18.71	13.11	6.51	4.72	13.92
1923	3.41	4.71	9.69	13.39	19.76	19.38	25.85	26.04	19.94	18.12	10.46	4.65	14.62
1924	1.45	4.56	8.6	13.88	20.23	22.47	24.86	21.98	21.25	14.69	7.71	6.75	14.04
1925	4.9	7.7	7.61	13.61	17.98	22.2	24.38	24.95	19.28	15.53	8.75	2.15	14.09
1926	1.42	5.74	9.11	14.35	16.88	21.44	24.32	24.23	22.6	15.36	12.3	3.82	14.3
1927	3.68	3.77	10.6	15.21	18.38	23.86	26.19	26.1	21.39	15.04	10.97	4.16	14.95
1928	3.97	6.32	7.59	14.45	16.35	23.01	28.46	27.43	19.59	14.45	9.27	3.48	14.53
1929	-0.5	-2.56	8.29	11.95	19.51	24.49	26.37	24.73	22.43	16.03	9.07	5.15	13.75
1930	2.86	3.76	9.97	14.04	17.35	24.03	25.14	24.79	21.44	14.64	10.32	4.65	14.42
1931	3.7	4.46	7.2	12.13	19.42	26.33	27.15	25.57	17.9	14.94	9.17	2.47	14.2
1932	4.7	0.84	5.61	13.06	18.8	21.05	23.85	26.75	23.74	15.43	9.04	5.29	14.02
1933	2.2	3.85	8.75	13.85	17.37	20.31	25.75	25.9	20.86	16.16	7.45	0.48	13.58
1934	2.52	4.14	10.1	15.45	20.5	22.64	26.14	24.18	21.23	14.97	8.87	6.15	14.74
1935	0.32	3.82	8.84	13.88	16.68	25.59	27.09	24.4	21.68	16.28	10.71	3.11	14.37
1936	6.25	5.57	10.99	13.79	19.01	23.04	26.48	24.92	20.84	11.22	7.35	4.79	14.52
1937	2.44	7.47	9.94	13.64	19.97	24.03	26.14	24.01	20.13	14.64	8.76	3.35	14.54
1938	1.26	4.33	12.06	11.35	16.54	24.77	26.12	24.22	19.41	15.69	9.52	3.31	14.05
1939	3.64	6.84	6.67	15.02	15.43	22.46	25.94	24.94	19.62	13.37	8.81	3.39	13.84
1940	-0.48	1.74	9.19	13.61	18.61	21.47	24.75	23.14	21.92	14.02	9.6	0.52	13.17
1941	0.11	4.49	10.1	13.4	16.43	22.8	24.8	23.56	18.74	13.25	6.24	3.57	13.13
1942	-1.37	0.73	8.55	12.32	18.9	22.16	24.6	24.13	23.19	17.35	8.14	4.47	13.6
1943	1.65	6.14	9.47	15.22	18.72	22.03	25.39	26.9	22.06	15.67	7.26	5.26	14.65
1944	3.0	3.92	7.53	14.19	17.45	21.45	24.31	25.23	19.6	13.85	7.51	3.51	13.46
1945	-1.07	4.14	11.26	15.32	21.03	24.76	26.96	24.68	21.29	15.22	7.91	4.72	14.68
1946	1.28	6.5	9.98	15.24	18.79	22.87	25.84	25.95	23.12	13.05	6.8	1.42	14.24
1947	-2.72	1.1	8.99	15.96	18.67	23.98	26.47	25.8	21.58	13.29	7.43	2.87	13.62
1948	3.68	3.47	11.11	13.55	17.96	21.66	21.86	24.3	20.21	14.16	7.91	2.09	13.5
1949	3.56	5.59	6.1	15.91	17.38	21.59	24.97	24.31	22.27	15.98	8.27	3.37	14.11
1950	1.54	7.06	10.9	13.03	19.51	24.85	28.05	25.72	20.48	14.47	7.48	3.02	14.68
1951	4.28	6.89	8.33	14.11	17.34	22.82	23.77	25.23	22.06	12.52	11.03	3.72	14.34
1952	2.37	3.07	8.6	15.97	19.06	24.63	26.95	26.51	19.87	14.04	7.44	3.29	14.32
1953	1.36	3.81	10.59	15.04	19.18	21.28	25.6	23.96	21.63	15.82	7.51	5.87	14.3
1954	-0.29	1.12	10.05	12.2	16.58	22.32	23.06	22.86	22.16	14.21	8.06	5.74	13.17
1955	4.48	5.79	6.62	12.88	17.93	21.88	24.61	22.64	20.05	14.75	7.81	4.67	13.67
1956	3.44	-2.97	6.97	12.12	18.73	20.72	25.19	25.54	21.09	14.97	6.84	3.11	12.98
1957	2.88	7.2	11.02	12.66	15.07	22.4	25.35	23.95	20.62	14.23	10.12	3.42	14.08
1958	2.31	7.64	5.92	10.71	20.69	21.58	25.6	26.06	21.88	15.66	9.78	4.35	14.35
1959	3.74	5.91	11.07	14.26	17.52	22.34	26.01	23.69	19.22	13.97	8.24	5.58	14.3
1960	1.79	4.05	8.74	13.34	17.84	22.7	22.28	24.0	18.89	14.84	9.66	5.56	13.64
1961	1.18	8.35	12.24	16.13	17.78	22.93	23.38	24.47	23.05	16.09	8.84	3.85	14.86
1962	3.87	4.96	5.23	13.03	17.35	20.87	23.69	26.86	21.35	15.04	7.81	2.52	13.55
1963	-0.71	0.74	8.17	13.92	17.74	21.76	25.11	24.19	20.69	14.85	12.13	1.83	13.37
1964	-0.85	4.62	7.36	14.31	18.71	23.42	24.29	23.33	20.35	13.98	8.09	5.19	13.57
1965	3.21	3.51	8.56	11.59	17.03	21.5	24.33	22.36	18.93	13.9	7.04	3.47	12.95
1966	-0.6	7.55	9.34	14.88	18.5	23.24	23.25	22.64	20.74	17.25	6.75	3.27	13.9
1967	1.43	4.42	11.39	12.13	19.05	20.79	25.65	24.15	20.58	16.9	9.4	2.52	14.03
1968	1.37	5.04	10.72	15.05	16.44	19.82	23.93	21.9	19.5	15.23	8.52	1.99	13.29
1969	2.08	1.65	7.69	12.42	19.07	20.34	24.01	22.8	19.58	15.91	9.86	1.55	13.08
1970	3.23	4.09	6.9	12.75	15.48	22.16	23.93	23.22	21.61	14.87	10.13	2.27	13.39
1971	2.78	5.71	6.24	14.32	18.28	21.17	25.02	26.33	18.84	14.63	8.47	3.79	13.8
1972	3.65	6.79	11.32	12.89	17.21	21.68	23.65	22.89	16.25	13.11	8.32	3.94	13.47
1973	3.35	5.52	7.94	11.46	18.07	22.32	24.36	24.63	20.95	14.08	7.67	3.26	13.63
1974	5.34	8.46	9.42	12.47	17.42	20.57	24.91	25.72	20.52	10.83	8.15	5.36	14.1
1975	5.02	5.94	9.44	13.84	18.09	20.96	24.96	23.28	21.85	14.55	8.17	4.28	14.2
1976	1.96	5.68	6.75	13.51	18.05	22.16	24.46	20.43	18.54	15.19	9.3	4.54	13.38
1977	4.45	7.39	11.5	12.38	16.58	21.53	24.21	22.12	18.04	15.83	8.4	3.36	13.81
1978	4.68	3.68	10.22	11.74	16.13	20.93	23.1	23.09	20.65	14.26	7.25	2.65	13.2
1979	0.83	5.21	10.65	11.83	18.77	23.44	23.45	22.57	19.49	14.31	7.77	5.38	13.64
1980	2.35	5.6	9.2	11.45	14.88	20.79	23.34	24.88	21.39	14.61	5.91	3.59	13.17
1981	2.13	4.21	10.94	13.93	17.73	21.91	23.37	23.73	20.57	15.12	7.93	3.45	13.75
1982	2.81	3.31	8.16	12.41	18.47	23.77	25.11	23.8	22.11	14.37	8.95	5.89	14.1
1983	4.86	3.42	10.25	14.46	18.39	21.71	27.4	23.95	21.21	15.49	8.09	4.23	14.46
1984	3.63	4.1	7.9	11.96	14.24	21.12	24.18	22.64	19.61	15.45	8.29	4.5	13.13
1985	-0.89	2.94	8.14	13.48	17.67	21.47	26.52	26.33	23.94	16.85	7.09	5.06	14.05
1986	3.79	1.63	8.12	13.43	20.99	21.22	23.62	25.93	21.19	16.33	8.77	4.79	14.15
1987	1.0	4.41	6.23	13.76	16.39	21.04	25.61	24.03	23.59	14.87	8.96	4.6	13.71
1988	5.78	7.01	10.08	13.34	17.82	20.91	26.97	25.97	21.55	17.99	7.12	5.42	15.0
1989	2.87	8.59	12.73	14.13	18.98	21.69	24.7	25.21	20.22	14.8	8.69	5.06	14.81
1990	3.54	9.2	12.35	13.06	19.91	22.5	25.38	25.4	20.87	16.17	9.22	3.22	15.07
1991	3.19	2.27	11.48	11.95	15.06	22.31	26.77	26.29	22.8	13.99	7.9	2.89	13.91
1992	2.06	5.31	9.67	13.66	19.21	21.09	25.23	27.78	22.01	14.41	10.05	5.26	14.65
1993	4.37	5.6	9.22	14.06	20.65	24.36	24.73	26.91	20.75	15.51	7.59	6.36	15.01
1994	6.57	4.76	13.67	12.74	19.07	22.78	27.22	28.05	21.06	14.25	10.59	5.27	15.5
1995	4.04	7.62	9.15	13.35	18.11	20.51	27.02	23.96	19.04	16.37	8.74	3.93	14.32
1996	3.8	4.16	7.63	14.4	18.8	23.3	24.26	24.16	16.87	14.23	9.45	3.73	13.73
1997	4.59	7.87	13.07	13.52	20.26	23.16	25.34	26.34	23.0	15.9	9.53	5.5	15.67
1998	4.81	9.28	10.65	15.23	19.6	25.48	28.15	27.75	21.12	16.34	8.49	3.93	15.9
1999	5.99	5.92	11.15	15.11	21.53	24.49	27.13	26.85	23.82	17.01	8.79	4.61	16.03
2000	4.01	8.27	12.46	16.81	22.4	25.62	26.27	28.32	22.86	16.65	12.72	7.06	16.95
2001	5.45	8.29	12.88	14.03	20.93	24.06	26.58	27.87	19.6	18.88	7.96	3.45	15.83
2002	4.19	7.56	12.83	13.92	19.14	24.83	24.37	24.02	19.4	15.8	12.57	6.35	15.41
2003	4.42	4.42	11.11	13.48	21.18	27.38	26.99	29.29	20.43	13.58	10.41	6.5	15.76
2004	99	99	99	99	99	99	99	99	99	99	99	99	99
2005	99	99	99	99	18.95	23.26	25.73	23.04	20.55	14.36	7.21	2.64	99
2006	0.99	4.83	8.18	13.91	18.47	22.24	26.59	22.67	21.55	16.96	10.53	6.15	14.42
2007	6.55	8.01	10.74	16.57	20.42	23.07	26.67	24.43	19.92	14.74	8.56	4.6	15.36
2008	5.93	6.95	10.39	13.79	18.13	22.83	25.38	25.89	19.5	16.62	9.87	4.5	14.98
2009	2.44	5.71	10.09	14.81	20.92	23.05	25.76	26.86	21.37	14.74	99	99	99