1836	-2.28	0.22	5.62	7.02	11.02	16.32	18.72	17.72	12.12	8.02	3.52	1.52	8.3	
1837	-1.38	0.22	-0.18	5.63	9.82	18.32	18.43	20.02	11.62	8.22	2.72	0.92	7.86	
1838	-6.41	-0.61	3.85	5.25	13.15	16.05	17.05	16.35	13.85	8.65	4.15	0.35	7.64	
1839	0.05	1.05	2.65	5.55	12.25	19.25	16.45	15.95	13.75	10.35	5.45	3.45	8.85	
1840	0.75	0.15	-0.05	10.15	13.45	16.65	16.12	17.72	13.62	6.12	5.52	-5.08	7.93	
1841	-1.61	-1.21	5.35	8.65	16.85	14.85	16.42	16.52	13.82	9.92	4.22	3.12	8.91	
1842	-3.78	-3.28	4.52	8.12	14.12	18.82	17.82	19.42	12.92	5.32	1.22	-0.88	7.86	
1843	-0.18	2.32	2.72	8.42	11.52	14.32	16.92	17.52	13.72	7.22	2.62	-0.78	8.03	
1844	-3.48	-1.48	2.62	9.82	12.43	19.03	20.13	15.42	14.32	8.32	3.82	-3.48	8.12	
1845	-1.48	-4.78	-0.08	9.02	10.93	18.23	19.63	15.22	13.72	8.32	4.32	-3.29	7.48	
1846	-1.58	3.62	5.42	11.03	15.33	20.43	19.22	17.92	13.72	7.72	2.02	-4.78	9.17	
1847	-2.28	-2.08	2.12	5.62	15.72	15.13	20.13	18.63	12.33	8.42	3.32	-1.48	7.97	
1848	-6.28	2.22	4.92	10.63	15.13	18.03	19.13	18.73	13.52	8.92	2.02	-0.28	8.89	
1849	99.0	99.0	99.0	99.0	99.0	99.0	99.0	99.0	99.0	99.0	99.0	99.0	99.0	
1850	99.0	99.0	99.0	99.0	99.0	99.0	99.0	99.0	99.0	99.0	99.0	99.0	99.0	
1851	99.0	99.0	99.0	99.0	99.0	99.0	99.0	99.0	99.0	99.0	99.0	99.0	99.0	
1852	99.0	99.0	99.0	99.0	99.0	99.0	99.0	99.0	99.0	99.0	99.0	99.0	99.0	
1853	99.0	99.0	99.0	99.0	99.0	99.0	99.0	99.0	99.0	99.0	99.0	99.0	99.0	
1854	99.0	99.0	99.0	99.0	99.0	99.0	99.0	99.0	99.0	99.0	99.0	99.0	99.0	
1855	99.0	99.0	99.0	99.0	99.0	99.0	99.0	99.0	99.0	99.0	99.0	99.0	99.0	
1856	99.0	99.0	99.0	99.0	99.0	99.0	99.0	99.0	99.0	99.0	99.0	99.0	99.0	
1857	99.0	99.0	99.0	99.0	99.0	99.0	99.0	99.0	99.0	99.0	99.0	99.0	99.0	
1858	99.0	99.0	99.0	99.0	99.0	99.0	99.0	99.0	99.0	99.0	99.0	99.0	99.0	
1859	99.0	99.0	99.0	99.0	99.0	99.0	99.0	99.0	99.0	99.0	99.0	99.0	99.0	
1860	99.0	99.0	99.0	99.0	99.0	99.0	99.0	99.0	99.0	99.0	99.0	99.0	99.0	
1861	99.0	99.0	99.0	99.0	99.0	99.0	99.0	99.0	99.0	99.0	99.0	99.0	99.0	
1862	99.0	99.0	99.0	99.0	99.0	99.0	99.0	99.0	99.0	99.0	99.0	99.0	99.0	
1863	99.0	99.0	99.0	99.0	99.0	99.0	99.0	99.0	99.0	99.0	99.0	99.0	99.0	
1864	-6.48	-1.18	4.52	7.22	12.72	15.02	17.22	15.52	12.92	6.52	2.32	-4.18	6.85	
1865	0.12	-2.58	-1.18	12.32	15.62	16.22	19.32	16.02	15.42	9.02	4.02	-2.18	8.51	
1866	1.82	4.02	3.72	9.52	10.12	17.82	17.72	14.92	14.32	7.82	3.42	1.72	8.91	
1867	-1.08	5.02	3.72	8.62	13.22	16.02	16.62	17.82	14.22	6.52	0.72	-2.58	8.24	
1868	-2.38	2.62	2.62	7.72	18.02	17.62	18.42	17.62	15.52	8.62	0.42	5.12	9.33	
1869	-1.48	5.12	0.52	10.52	14.32	13.72	19.92	15.72	14.42	5.82	3.62	-1.78	8.37	
1870	-2.28	-2.68	1.72	8.02	14.42	17.22	20.12	15.32	11.92	7.82	2.72	-4.28	7.5	
1871	-4.98	1.22	4.12	9.02	12.02	12.92	18.42	17.72	15.32	6.02	-0.38	-7.18	7.02	
1872	-0.38	0.62	5.22	9.42	11.72	15.42	18.72	15.72	14.12	9.12	5.42	2.22	8.95	
1873	0.42	0.22	6.02	6.92	10.22	16.52	20.02	18.72	12.82	8.92	3.32	-0.98	8.6	
1874	-0.68	-0.08	3.52	10.12	9.32	16.72	20.52	15.52	14.92	7.42	-0.08	-2.28	7.91	
1875	1.02	-3.58	1.62	8.72	15.02	16.82	16.62	18.72	14.72	6.92	2.92	-3.38	8.01	
1876	-3.28	1.62	3.82	8.32	9.42	15.82	19.02	18.12	12.32	10.02	1.52	3.12	8.32	
1877	1.92	3.12	2.12	7.62	10.22	19.22	17.12	18.12	10.82	5.82	4.82	0.32	8.44	
1878	-2.88	0.32	2.52	8.32	13.82	15.42	16.92	16.82	13.22	8.82	1.12	-3.18	7.6	
1879	-1.68	1.32	3.82	6.22	8.42	16.42	15.12	18.42	13.32	6.42	-0.68	-9.2	6.49	
1880	-5.78	0.02	6.22	8.62	11.42	15.02	18.92	16.22	13.82	8.02	3.82	4.42	8.4	
1881	-3.80	1.60	5.10	7.50	12.10	15.90	20.80	17.50	12.20	5.20	4.80	-0.20	8.63
1882	-1.30	0.50	6.50	8.40	13.50	15.40	16.30	15.50	12.30	9.60	4.80	0.80	8.44
1883	-0.20	2.40	-0.30	7.50	13.10	15.40	16.30	16.20	12.90	7.20	3.90	-0.50	7.93
1884	1.40	1.80	5.20	7.20	13.90	12.90	18.70	17.80	13.40	7.80	1.30	0.20	8.41
1885	-4.50	3.30	3.10	9.30	10.10	18.00	18.70	16.50	12.60	6.80	3.80	-0.70	8.16
1886	-2.10	-2.80	2.10	9.50	13.10	14.10	17.90	17.00	15.50	9.40	3.90	0.50	8.08
1887	-4.30	-2.10	0.50	7.90	9.80	17.50	19.60	16.50	11.70	4.60	1.80	-1.80	7.00
1888	-3.50	-1.50	2.40	6.10	14.00	16.30	15.20	15.50	13.40	5.40	3.80	-1.80	7.11
1889	-3.00	-1.90	0.70	6.70	14.20	17.20	17.00	15.60	11.60	7.40	2.40	-2.90	7.18
1890	0.30	-3.90	3.40	7.30	13.90	14.80	15.80	16.00	12.30	5.90	2.60	-6.10	7.13
1891	-5.90	-2.70	3.20	5.90	12.30	15.80	16.20	15.60	13.90	9.30	2.40	0.80	6.66
1892	-1.70	1.40	0.90	8.20	13.10	16.10	17.20	18.50	14.20	8.00	5.30	-2.00	8.50
1893	-6.40	1.90	5.40	11.80	12.60	16.10	17.50	18.30	14.00	9.70	2.40	-1.10	8.44
1894	-2.60	0.90	4.90	10.60	11.60	15.20	18.00	16.30	12.10	8.90	4.00	-1.00	8.23
1895	-5.10	-7.50	1.80	9.30	12.10	15.70	18.10	16.90	16.80	7.70	6.00	1.20	7.57
1896	-2.20	-2.00	6.40	5.80	10.70	15.90	17.40	14.30	13.20	7.40	1.50	-0.40	7.47
1897	-2.40	3.90	6.40	8.00	10.30	17.70	17.80	16.80	12.40	6.90	2.80	-0.70	8.35
1898	0.40	0.60	3.10	8.30	11.50	14.50	16.20	18.40	15.20	10.20	4.80	0.50	8.54
1899	1.70	2.80	4.50	7.60	11.50	15.70	17.50	18.80	13.30	8.70	3.70	-2.80	8.86
1900	1.00	2.70	0.30	7.10	11.00	16.80	18.60	15.80	15.10	8.90	4.30	1.80	8.23
1901	-2.50	-4.80	2.40	8.40	13.30	16.20	18.00	15.90	13.60	8.00	1.10	0.50	7.62
1902	0.60	-0.60	4.30	10.10	8.20	14.70	17.60	16.00	13.10	7.80	2.10	-1.50	7.87
1903	-1.30	2.10	5.50	4.60	12.50	14.20	15.90	16.40	13.50	9.40	3.60	-1.70	7.91
1904	-2.40	1.20	3.70	9.70	13.40	16.30	19.80	18.00	11.60	8.40	2.10	0.70	8.34
1905	-3.30	0.70	4.70	7.90	10.90	16.40	19.80	16.60	13.40	3.80	2.90	-0.50	7.88
1906	-0.20	-0.60	2.80	7.70	12.80	14.40	17.40	17.30	12.90	10.40	4.70	-2.50	8.26
1907	-1.90	-2.50	2.70	6.30	13.10	15.10	15.20	17.10	13.70	9.40	4.10	2.00	7.48
1908	-3.80	0.20	2.60	5.50	13.90	17.70	16.90	15.10	12.30	7.90	1.50	-0.80	7.65
1909	-3.20	-2.20	1.70	9.20	11.50	13.80	14.90	16.00	12.70	9.90	2.00	1.40	7.13
1910	0.10	1.30	3.90	7.00	10.70	15.50	15.20	15.90	10.90	9.10	2.70	1.90	7.81
1911	-4.50	0.40	4.10	7.10	12.50	14.80	20.00	20.10	15.40	8.50	5.10	2.20	8.78
1912	-0.20	3.60	6.60	7.10	13.00	15.40	16.30	13.50	8.40	6.80	1.30	0.60	7.83
1913	0.20	0.30	6.30	7.50	11.90	14.70	14.10	15.30	12.40	9.30	6.50	0.70	8.26
1914	-4.60	1.30	4.80	10.20	10.10	14.00	15.80	16.30	12.60	7.80	2.40	2.40	7.62
1915	-0.10	0.10	2.40	6.50	14.30	17.50	15.90	15.20	11.30	6.00	1.00	4.20	7.71
1916	3.00	1.70	4.40	7.80	13.20	12.80	16.10	15.90	11.20	8.40	3.50	1.50	8.52
1917	-2.50	-2.70	1.40	4.40	15.30	17.70	16.70	15.90	15.40	7.00	3.70	-4.60	7.82
1918	-0.70	0.30	4.00	7.80	13.70	12.80	13.70	16.30	13.30	6.60	2.80	3.10	7.17
1919	0.00	-0.90	3.70	4.60	12.00	15.70	14.10	18.20	15.20	5.30	1.70	1.10	7.73
1920	2.30	2.30	5.90	8.60	14.70	15.00	16.80	14.80	13.30	7.80	1.40	0.00	8.67
1921	3.40	0.40	5.50	7.00	13.50	15.50	19.30	16.60	14.80	10.80	0.20	0.30	8.92
1922	-1.00	-0.50	4.40	5.80	14.30	16.00	15.70	16.10	11.00	6.10	1.90	0.30	7.51
1923	-0.60	3.00	4.50	7.60	12.10	11.70	19.10	17.10	13.00	10.50	3.10	-0.20	8.45
1924	-2.40	-2.40	3.40	7.80	13.30	14.70	16.60	13.50	13.30	9.10	3.10	-0.10	7.48
1925	1.20	3.10	1.00	7.70	12.60	15.90	16.70	15.90	10.90	8.90	1.80	0.30	7.97
1926	-0.30	4.70	4.50	9.70	10.50	12.90	16.40	16.40	15.40	9.00	4.90	-1.10	8.70
1927	0.40	0.00	5.00	8.50	13.00	15.30	17.30	15.90	13.50	8.20	3.80	-1.10	8.32
1928	2.00	2.70	4.40	8.10	10.00	15.70	20.50	17.80	13.00	8.40	5.40	0.00	8.91
1929	-5.10	-7.30	3.70	5.60	13.10	16.40	18.20	16.80	16.50	9.70	4.00	3.20	7.63
1930	1.20	-0.20	5.00	8.90	11.40	18.70	16.20	16.50	14.20	8.80	6.60	1.00	9.21
1931	-0.20	-1.00	0.90	7.20	14.90	17.80	16.60	15.10	9.50	7.60	4.80	-0.90	7.85
1932	-0.10	-3.40	1.80	7.00	11.60	14.80	16.50	19.00	16.50	9.10	4.50	-0.20	8.03
1933	-3.20	0.40	5.30	8.70	10.90	13.20	18.50	18.40	14.30	9.30	2.80	-4.40	8.20
1934	-0.80	-0.30	4.10	11.30	14.70	16.10	18.50	15.90	15.40	9.00	2.50	3.90	8.50
1935	-2.20	1.80	3.20	7.20	11.10	17.90	19.20	16.20	14.40	8.70	4.90	-1.00	8.86
1936	3.60	1.10	6.20	7.60	13.00	15.40	16.30	16.40	13.60	5.90	4.00	1.40	8.51
1937	0.70	3.40	3.40	8.10	14.60	17.00	17.80	17.10	13.00	8.80	3.40	-0.50	9.06
1938	0.90	0.20	7.40	5.60	10.80	17.00	16.60	16.70	14.20	8.90	5.90	-2.20	8.64
1939	1.60	1.00	1.80	9.80	9.40	16.00	16.50	17.20	12.80	7.40	5.80	-1.30	8.09
1940	-6.10	-0.40	4.30	8.70	12.10	15.60	16.00	15.50	13.60	8.10	4.90	-3.90	7.58
1941	-3.40	1.20	5.40	6.50	9.20	16.60	19.00	15.60	13.10	7.90	2.50	0.30	7.48
1942	-5.30	-3.80	4.90	8.80	12.80	16.30	17.50	17.20	16.10	11.60	2.40	0.60	8.23
1943	-0.30	2.50	6.80	10.20	14.10	14.80	18.20	19.20	14.80	10.80	2.90	0.70	9.55
1944	1.70	-2.10	1.40	10.50	12.80	14.80	17.50	20.60	13.40	8.40	4.00	-0.60	8.64
1945	-5.20	3.90	6.40	10.40	15.10	18.50	19.20	16.70	14.70	9.10	2.30	1.10	9.21
1946	-2.30	3.60	5.80	11.50	14.20	15.10	18.30	16.70	14.40	7.70	3.50	-1.40	9.13
1947	-3.60	-2.40	5.10	11.60	14.90	18.30	19.80	20.40	16.80	9.10	5.90	1.50	9.54
1948	3.30	1.50	8.10	9.50	14.40	15.40	15.00	16.80	13.90	9.80	4.00	-0.20	9.43
1949	0.30	1.20	3.10	11.80	11.40	16.40	19.80	18.70	17.50	11.70	3.60	2.90	9.61
1950	-0.50	3.60	5.80	7.10	14.90	18.80	20.40	17.90	13.70	8.90	4.70	-1.40	9.85
1951	1.20	1.60	3.40	8.10	11.50	15.20	17.80	16.80	14.60	7.40	5.80	0.20	8.50
1952	-1.40	-1.90	4.80	10.20	13.10	16.60	20.10	18.10	10.60	8.00	2.30	-0.50	8.39
1953	-3.40	-1.30	5.10	9.00	13.80	14.20	17.30	16.90	14.10	9.70	2.40	1.20	8.11
1954	-3.30	-1.90	5.60	5.80	11.30	15.60	14.90	15.40	13.90	9.00	4.30	2.40	7.65
1955	-0.90	-0.10	1.60	8.20	11.30	15.30	16.70	16.00	13.00	7.30	2.10	3.20	7.74
1956	1.50	-9.10	4.10	6.50	12.70	12.90	16.60	14.10	14.30	7.20	1.40	0.70	7.12
1957	-0.40	3.90	8.10	8.20	9.40	16.10	17.10	15.50	12.60	8.50	3.20	-0.20	8.58
1958	-0.50	3.30	0.50	5.30	14.30	14.90	17.50	17.40	15.10	7.90	3.20	2.20	8.23
1959	-0.40	1.20	6.90	9.40	13.00	16.00	19.10	16.60	14.70	8.40	1.80	2.20	9.08
1960	-0.60	1.80	5.80	7.80	13.60	16.40	14.90	15.20	11.90	8.30	5.90	-0.20	8.60
1961	-0.60	4.80	6.50	11.00	10.70	15.90	16.10	16.20	17.30	10.00	3.40	0.60	9.26
1962	1.00	-0.30	0.80	8.40	10.20	14.70	16.60	18.30	13.30	9.10	1.50	-3.80	7.85
1963	-6.60	-4.60	2.80	8.80	11.30	15.30	18.30	15.40	14.00	8.50	7.00	-3.40	7.20
1964	-1.50	1.60	2.00	9.30	13.80	16.80	19.10	16.10	14.10	7.00	4.60	-0.90	8.29
1965	0.40	-3.60	3.40	6.20	11.10	15.80	15.20	15.40	11.80	8.00	2.70	2.40	7.13
1966	-2.70	5.40	3.30	9.60	12.80	16.40	15.10	14.80	14.60	11.40	1.60	1.10	8.73
1967	-0.30	2.00	5.20	6.90	12.10	14.20	19.20	16.40	13.10	11.50	3.70	-1.50	8.76
1968	-1.30	1.20	4.50	9.20	11.30	15.30	16.50	15.10	12.60	10.60	3.40	-1.70	8.08
1969	-0.10	-1.30	3.30	7.20	13.60	13.30	18.00	15.80	14.30	9.60	4.50	-4.20	8.04
1970	-0.90	0.30	1.40	5.50	11.00	16.60	16.80	16.90	14.10	8.30	5.60	-1.10	7.62
1971	-2.00	-0.90	0.40	10.60	13.90	13.70	18.50	17.80	12.80	9.80	2.70	1.00	8.02
1972	-0.50	2.90	6.40	7.20	11.30	14.00	16.70	15.70	10.60	6.80	4.10	-0.90	8.02
1973	-1.40	-1.10	2.80	5.00	13.40	16.00	16.90	18.40	14.70	7.30	3.30	0.00	7.87
1974	3.00	2.60	6.80	8.30	11.30	14.20	16.80	17.80	13.40	4.50	4.00	3.80	8.56
1975	3.30	1.60	3.30	7.50	12.40	13.90	17.50	17.30	15.90	7.20	4.10	-0.90	8.98
1976	1.00	0.80	3.40	7.80	13.10	17.90	18.70	15.40	12.30	10.20	4.20	-1.90	8.66
1977	0.40	4.50	7.30	6.10	11.40	14.90	16.80	15.60	12.30	10.50	4.90	1.30	8.57
1978	-0.20	-0.70	4.60	7.00	10.60	14.00	16.00	15.30	13.00	8.00	3.00	1.50	7.66
1979	-3.20	1.70	4.80	5.80	12.10	15.80	16.90	15.30	13.50	9.40	3.40	3.50	8.08
1980	-1.50	3.00	4.50	5.60	10.50	13.70	14.70	17.50	14.60	8.00	2.60	-0.80	8.06
1981	-2.20	-1.20	7.20	9.30	11.80	15.40	16.00	17.30	13.70	8.90	4.40	0.30	8.32
1982	0.00	0.40	3.80	7.00	12.60	16.40	18.80	16.40	15.70	9.00	5.60	2.50	8.83
1983	2.60	-1.80	5.30	8.80	10.30	16.60	21.80	17.90	14.20	9.50	2.80	0.70	9.21
1984	0.60	-0.80	2.20	6.90	9.60	14.90	17.80	16.80	12.60	10.10	5.70	1.80	8.09
1985	-5.30	-0.50	3.10	8.30	12.40	13.90	18.90	17.00	15.20	9.30	1.00	3.40	7.93
1986	0.70	-5.40	3.30	5.80	13.90	15.60	17.20	16.70	13.40	10.50	5.20	1.40	8.36
1987	-4.40	0.50	0.90	9.80	9.70	13.90	17.90	16.80	16.60	9.90	4.90	2.20	8.16
1988	3.30	1.60	3.30	9.20	14.10	15.30	17.60	17.60	13.80	10.60	2.80	2.60	9.28
1989	0.90	2.90	8.20	7.20	14.30	15.20	18.30	17.50	14.00	10.40	2.50	2.40	9.50
1990	0.70	6.60	7.50	7.10	14.70	15.10	18.30	18.90	13.30	11.10	4.30	0.00	10.00
1991	0.70	-1.20	7.00	7.50	9.50	14.50	19.60	19.70	16.30	8.40	3.80	-0.60	8.82
1992	-0.90	1.60	6.00	8.10	14.60	15.60	18.70	20.60	14.30	7.60	6.30	0.50	9.33
1993	3.40	-0.50	4.20	10.50	14.40	16.70	16.60	17.40	12.90	7.80	0.90	3.80	8.73
1994	2.40	2.00	9.00	7.10	12.80	16.70	21.30	19.10	13.60	9.20	7.70	3.50	10.39
1995	-0.10	5.00	3.60	8.80	12.80	14.20	20.40	17.40	11.80	12.60	3.50	-0.30	9.46
1996	-0.70	-0.90	2.90	9.30	12.10	17.10	17.10	16.60	10.80	9.30	4.70	-0.80	8.17
1997	-1.90	4.30	7.60	7.70	13.30	15.50	16.80	19.30	14.90	8.90	4.50	2.40	9.18
1998	1.80	3.60	5.40	8.50	14.60	17.20	18.30	18.40	13.20	9.90	1.90	1.20	9.60
1999	2.10	-0.40	6.10	9.00	15.00	15.10	18.70	17.90	16.70	9.50	2.10	2.00	9.42
2000	0.10	4.20	6.20	10.40	15.20	18.00	15.90	19.00	15.10	10.40	6.00	3.00	10.21
2001	1.70	3.60	6.90	7.00	15.50	15.20	18.70	19.20	11.70	13.30	2.90	-0.10	9.89
2002	0.80	5.70	7.20	9.10	13.00	19.30	18.20	17.70	13.00	10.10	6.70	3.90	10.06
2003	0.20	-1.80	7.60	9.40	14.80	22.50	19.80	22.70	14.60	6.40	5.40	1.20	10.46
2004	0.90	2.10	4.60	9.60	11.90	16.40	17.80	18.70	15.20	11.40	4.30	0.70	9.51
2005	0.50	-1.10	5.60	9.30	13.70	18.30	18.30	16.30	15.60	11.00	3.90	-0.40	9.34
2006	-2.20	0.00	3.10	8.80	13.30	17.70	22.50	14.70	16.90	12.70	7.00	2.50	9.51
2007	4.50	4.80	5.70	13.90	14.60	17.20	17.60	17.0	13.0	9.3	2.9	0.6	10.25
2008	3.1	3.9	4.7	7.9	15.4	17.3	18.4	17.7	12.3	10.0	4.3	0.5	9.63
2009	-1.9	0.4	4.2	12.0	15.4	16.5	18.6