1951	25.90	26.80	27.90	29.50	28.80	28.20	28.40	27.40	28.20	28.50	27.60	26.60	27.81
1952	26.70	27.10	28.70	29.30	29.80	28.60	28.40	27.40	27.90	28.60	27.40	26.80	28.04
1953	25.40	27.10	28.80	29.90	29.30	28.70	28.10	27.70	28.10	28.80	27.20	27.20	27.99
1954	26.90	27.20	28.30	29.80	30.30	29.20	28.60	27.60	27.40	27.80	26.60	26.20	28.07
1955	25.80	26.20	27.80	29.10	29.80	28.60	27.80	27.80	28.40	28.20	27.30	25.00	27.75
1956	26.00	26.40	28.10	28.90	29.20	28.90	28.20	27.40	26.70	28.20	27.30	26.20	27.52
1957	26.20	26.10	28.20	29.30	29.80	28.30	27.90	27.90	27.80	28.10	26.60	27.10	27.70
1958	26.50	26.60	29.00	29.60	30.60	28.20	27.90	28.00	27.60	28.30	26.80	26.20	28.02
1959	25.40	27.30	28.20	29.60	29.50	29.80	28.00	27.40	28.10	28.00	27.50	27.00	27.92
1960	26.60	27.00	28.30	28.80	29.50	28.60	28.70	27.20	27.80	27.60	27.80	26.50	27.91
1961	24.80	26.50	28.50	29.80	29.30	28.30	27.20	27.40	27.50	27.40	27.10	26.80	27.52
1962	25.30	25.60	28.10	29.20	30.00	28.80	27.70	28.10	27.80	28.60	27.70	26.70	27.81
1963	24.60	25.30	26.80	28.80	30.00	27.30	27.60	28.20	27.70	28.50	27.90	27.00	27.45
1964	27.20	27.00	28.40	30.30	29.70	28.90	28.40	27.70	28.10	28.10	26.90	25.90	28.14
1965	25.10	26.80	27.60	29.00	28.70	28.30	27.60	28.40	28.50	28.80	28.50	27.50	27.77
1966	26.90	28.00	28.40	30.30	28.40	29.70	29.10	28.50	27.20	28.80	27.70	27.60	28.37
1967	25.90	26.20	27.50	29.20	30.00	28.00	28.30	27.00	27.70	27.40	27.10	25.60	27.66
1968	25.90	25.30	28.10	28.80	29.40	29.40	28.50	27.10	28.00	28.30	26.90	26.60	27.61
1969	26.70	25.70	28.30	29.70	30.20	29.40	28.10	28.10	27.80	28.40	27.30	27.20	28.02
1970	26.60	26.60	28.70	30.10	29.80	28.50	28.20	27.30	27.70	27.80	27.90	26.90	28.03
1971	24.70	26.30	26.80	28.60	28.60	28.10	27.70	28.00	27.90	27.60	27.00	26.40	27.35
1972	25.90	26.30	26.30	28.60	29.00	28.60	26.10	26.50	28.40	28.70	28.40	26.80	27.43
1973	26.20	27.40	27.80	30.00	30.00	28.70	28.00	27.50	28.10	27.60	27.60	26.30	27.97
1974	26.00	27.00	27.90	29.60	29.30	28.50	28.60	27.30	28.50	27.70	27.10	27.00	27.82
1975	26.90	27.10	28.40	29.70	29.80	28.90	28.30	27.50	28.30	27.90	27.50	26.00	28.11
1976	25.80	26.60	28.20	29.70	28.30	28.20	28.50	27.10	27.50	28.80	27.90	26.70	27.72
1977	27.30	26.20	27.60	30.00	29.90	29.50	28.50	28.30	27.30	29.10	27.80	26.90	28.18
1978	25.90	26.30	28.70	29.80	29.50	28.50	28.10	27.20	27.60	27.60	26.90	26.70	27.75
1979	25.60	26.80	28.60	29.70	28.50	28.70	28.60	27.50	28.70	27.50	27.40	25.60	27.86
1980	25.90	26.60	28.00	29.80	29.80	29.70	28.40	28.70	28.10	28.30	27.60	26.10	28.04
1981	24.90	26.80	28.10	99	99	27.90	28.30	27.80	29.10	27.90	27.70	25.70	27.78
1982	25.30	26.00	28.40	28.70	99	29.50	28.00	27.70	28.20	28.20	27.80	99	27.73
1983	26.60	26.70	29.00	30.50	99	99	29.40	28.20	28.60	99	27.30	99	28.46
1984	25.40	27.20	28.50	29.90	28.90	28.70	99	99	99	27.10	27.30	99	27.69
1985	25.20	26.60	28.50	29.70	30.00	27.50	99	27.10	27.90	28.10	27.90	26.30	27.65
1986	25.40	99	28.00	30.10	29.20	28.80	27.70	99	29.30	27.60	27.70	25.80	27.83
1987	25.50	25.50	28.60	30.40	99	29.60	29.10	29.20	28.90	28.90	28.50	27.40	28.35
1988	28.00	27.90	30.10	99	30.00	29.00	29.00	29.00	29.10	28.30	27.70	25.10	28.86
1989	26.40	27.00	27.50	29.80	29.70	99	28.60	28.00	28.00	28.40	26.80	25.10	27.87
1990	26.10	27.10	28.10	30.30	30.10	28.30	28.60	28.40	27.90	28.20	27.90	27.10	28.01
1991	99	27.20	28.20	29.50	30.10	99	28.90	27.90	27.80	27.60	26.70	24.80	28.06
1992	99	26.10	28.40	29.60	30.00	29.40	28.40	27.70	27.80	29.20	26.50	99	27.73
1993	25.40	26.20	27.50	29.70	29.90	99	28.70	28.20	27.80	27.70	27.60	25.90	27.82
1994	26.30	27.30	28.20	29.70	29.80	99	27.20	28.30	28.40	28.10	27.40	26.80	27.93
1995	26.20	26.60	99	30.20	29.30	29.00	28.30	28.10	27.90	99	28.20	26.80	28.11
1996	26.30	26.20	29.00	29.50	99	99	27.80	99	99	28.70	27.70	99	28.18
1997	25.30	26.80	27.30	29.60	29.40	29.10	28.60	27.20	99	28.40	28.40	27.70	27.90
1998	26.70	27.90	99	99	30.20	30.00	29.50	29.00	99	28.10	99	27.80	99
1999	99	29.00	27.90	28.90	29.10	99	27.60	99	99	99	26.50	26.40	99
2000	26.20	99	27.40	29.30	99	99	99	99	27.10	27.70	99	99	27.54
2001	99	27.60	27.40	28.70	99	28.60	27.50	99	27.50	28.30	26.20	24.40	27.31
2002	24.80	25.40	26.80	29.50	99	28.80	26.80	27.80	27.70	99	99	99	27.01
2003	24.90	99	99	29.00	28.80	99	28.40	26.70	26.90	27.30	99	99	27.21
2004	99	25.30	26.40	29.10	28.60	99	99	99	99	99	99	99	99
2005	27.70	99	27.70	28.40	30.10	28.60	99	27.60	27.50	28.10	27.80	26.50	27.31
2006	26.10	26.70	27.40	29.40	29.00	29.00	27.00	27.00	27.90	27.60	27.80	99	27.42
2007	26.00	26.30	27.50	29.20	28.60	29.00	28.80	99	27.6	27.7	26.8	25.5	27.51
2008	25.8	26.0	27.1	29.5	28.0	28.8	99	27.5	99	28.4	99	99	27.25
2009	24.8	27.3	28.4	28.3	28.2	27.5	27.9	27.9	99	26.9	27.3	25.3	27.32
2010	26.0	26.5	99	29.2	99	29.1	28.6	99	27.9	27.8	27.6	25.9	27.82