1956	8.61	0.14	10.05	11.19	14.43	15.37	18.59	18.34	18.73	14.05	8.27	8.3	12.17
1957	6.21	11.72	13.89	11.14	13.25	17.93	20.04	19.1	17.91	14.11	9.34	7.43	13.51
1958	8.36	10.93	10.03	10.4	15.89	17.39	18.74	19.81	20.7	13.94	9.38	9.82	13.78
1959	8.89	8.12	11.9	12.6	14.82	17.99	20.5	20.0	19.23	15.61	10.53	10.12	14.19
1960	7.76	9.87	12.03	12.07	16.02	18.83	18.26	19.16	17.18	14.32	12.4	6.84	13.73
1961	7.83	12.15	10.73	14.06	15.52	17.59	19.19	19.06	20.66	15.87	10.24	10.54	14.45
1962	9.08	6.93	8.62	11.35	14.22	16.7	18.97	20.23	19.17	16.26	8.09	5.8	12.95
1963	4.73	5.64	11.35	12.03	13.37	17.75	19.67	17.95	17.18	15.28	13.43	6.2	12.88
1964	5.65	9.1	9.97	11.73	16.15	17.85	20.05	19.96	20.76	13.1	9.97	6.81	13.43
1965	7.52	4.36	10.72	11.1	14.23	16.38	18.02	18.6	16.28	16.73	11.33	10.13	12.95
1966	9.34	12.86	8.75	13.42	14.57	17.46	18.02	19.22	19.52	15.53	8.8	9.34	13.9
1967	7.55	8.91	10.81	10.22	14.86	16.41	19.8	19.21	18.0	17.09	11.14	5.7	13.31
1968	8.36	9.35	8.84	12.47	13.17	16.75	19.54	19.31	18.03	17.43	12.08	8.82	13.68
1969	8.9	6.47	10.08	11.32	15.6	15.7	20.46	19.68	17.13	16.11	10.53	6.77	13.23
1970	9.9	8.54	7.35	9.99	14.78	18.84	19.63	20.23	19.22	13.59	13.79	5.65	13.46
1971	8.65	6.97	6.09	13.14	14.71	15.63	21.67	20.29	18.18	16.87	8.0	7.51	13.14
1972	7.53	9.22	10.57	10.82	12.67	15.18	18.68	18.12	15.28	14.16	11.14	9.17	12.71
1973	7.14	6.44	8.33	10.38	16.5	17.55	19.04	21.65	19.27	14.01	10.64	7.59	13.21
1974	10.53	8.85	9.99	11.22	14.22	17.71	19.06	19.64	17.25	11.33	12.01	10.01	13.48
1975	10.14	10.46	8.66	10.92	13.52	17.38	20.81	21.19	18.48	15.05	10.16	5.53	13.53
1976	6.99	9.72	9.87	10.82	14.74	19.85	20.9	20.51	17.64	14.63	9.7	8.27	13.64
1977	7.91	11.82	12.58	11.57	13.3	16.0	18.44	18.37	17.5	16.53	10.73	10.7	13.79
1978	7.47	10.59	10.23	10.19	13.91	16.51	18.4	19.11	17.85	14.45	10.5	11.5	13.39
1979	7.66	8.94	10.12	11.25	14.22	17.3	19.44	19.36	18.73	16.36	10.07	9.99	13.62
1980	7.45	10.32	9.87	11.14	13.58	16.51	17.82	20.31	19.53	15.0	10.73	7.03	13.27
1981	7.45	7.15	13.41	12.41	14.94	17.53	18.47	20.51	19.04	15.98	11.17	10.0	14.01
1982	11.13	10.01	9.5	11.69	15.21	19.03	21.03	19.35	20.04	15.15	12.55	9.51	14.52
1983	8.73	7.34	10.47	13.12	14.12	18.57	22.33	20.43	19.66	16.13	13.82	9.06	14.48
1984	8.82	7.01	8.18	13.55	12.28	17.26	20.6	20.02	17.65	15.41	13.28	8.74	13.57
1985	4.14	11.19	8.75	13.08	14.17	17.97	21.27	19.61	20.38	16.52	8.69	9.93	13.81
1986	8.82	7.7	10.7	9.18	15.81	17.63	19.9	19.6	18.56	16.49	11.4	9.85	13.8
1987	5.07	8.37	10.33	14.52	14.16	17.1	20.01	21.0	21.55	16.49	11.18	10.88	14.22
1988	10.93	8.88	9.83	13.03	15.47	17.48	19.01	20.48	17.94	16.7	11.63	7.28	14.05
1989	7.25	9.59	12.06	10.75	17.13	18.38	21.61	21.36	18.13	16.39	13.07	12.59	14.86
1990	9.1	13.83	12.27	11.54	17.66	17.88	20.88	21.9	19.82	16.49	10.62	5.53	14.79
1991	7.6	7.61	12.22	10.81	13.48	16.85	20.36	22.41	20.99	13.39	11.06	7.6	13.7
1992	5.73	8.85	10.11	11.82	17.52	16.29	20.8	21.59	18.25	13.33	13.77	9.83	13.99
1993	9.95	7.49	10.39	12.61	15.93	18.32	18.53	20.57	17.23	13.78	9.44	10.85	13.76
1994	8.41	9.82	12.21	10.92	15.55	17.69	21.0	21.45	17.22	15.66	13.38	10.61	14.49
1995	8.57	10.71	10.08	11.34	16.19	17.41	21.54	20.85	16.82	18.69	12.12	9.34	14.47
1996	11.44	7.1	10.39	12.57	15.11	18.88	19.98	19.39	16.53	15.33	11.22	8.76	13.89
1997	8.3	11.85	12.21	12.6	17.28	18.22	19.35	22.32	19.91	17.53	12.83	9.94	15.19
1998	9.35	10.28	11.63	11.91	15.93	18.11	19.77	21.14	19.39	14.7	9.92	8.63	14.23
1999	9.62	7.45	11.24	12.94	17.08	18.14	20.97	21.58	20.59	16.12	8.68	8.88	14.44
2000	5.97	10.51	9.8	12.92	16.75	19.09	19.69	20.82	19.39	15.0	11.87	12.8	14.55
2001	10.59	9.22	13.99	11.89	15.62	18.31	19.79	21.91	17.36	18.8	8.64	5.56	14.31
2002	10.0	10.73	12.44	12.17	14.79	17.86	19.1	19.31	18.35	16.65	12.96	11.86	14.69
2003	7.63	7.25	13.29	14.11	15.47	21.7	20.96	23.99	19.79	14.47	12.73	9.49	15.08
2004	9.36	8.11	9.14	11.64	14.91	19.83	19.97	21.79	19.43	17.43	9.34	8.25	14.1
2005	7.77	5.68	10.97	13.01	17.12	20.9	21.24	20.59	18.44	17.82	9.98	5.52	14.09
2006	6.75	6.24	12.62	12.96	16.78	20.22	23.75	20.04	20.5	19.09	14.08	7.81	15.07
2007	8.84	11.39	10.23	14.01	16.03	18.96	19.98	20.04	17.24	14.46	9.02	7.81	14.0
2008	9.94	11.06	10.84	12.75	16.96	18.38	19.74	20.09	17.74	14.63	10.33	7.81	14.19
2009	7.6	7.85	10.22	12.29	16.19	19.4	