1949	4.00	3.90	6.10	12.40	12.30	17.30	99	20.10	19.10	13.20	5.50	4.20	11.51
1950	1.90	6.30	7.50	8.40	14.60	19.70	20.70	18.60	13.90	10.50	7.40	0.20	11.14
1951	4.20	4.50	5.60	9.50	11.60	16.00	18.70	16.90	16.10	9.60	8.20	4.00	10.09
1952	2.10	1.60	8.20	11.70	14.90	18.70	21.20	19.00	12.10	10.30	4.80	2.90	10.72
1953	-0.40	1.70	8.00	10.50	15.20	15.40	17.80	19.30	16.20	11.60	4.50	6.90	10.22
1954	1.10	1.20	7.30	9.10	12.80	16.30	16.80	16.50	15.30	11.70	7.40	5.80	10.20
1955	4.60	3.40	4.50	10.90	12.80	17.30	20.00	20.10	15.60	9.80	5.90	6.40	10.89
1956	3.80	-5.60	7.00	8.40	14.80	14.40	17.70	16.10	16.60	9.80	4.00	4.90	9.45
1957	1.70	6.80	9.90	10.10	11.30	17.70	18.60	17.60	14.90	11.30	5.70	2.40	10.87
1958	3.40	6.00	4.70	8.10	14.20	15.50	17.90	19.10	17.10	10.30	5.50	4.70	10.35
1959	2.80	4.40	8.20	10.40	15.10	17.90	21.40	19.60	18.20	11.90	6.60	5.90	11.77
1960	2.80	4.50	8.30	9.70	15.20	18.10	16.80	17.30	13.90	10.50	8.10	2.40	10.92
1961	3.40	7.60	8.40	12.20	12.90	17.50	18.20	17.90	19.20	12.10	5.60	4.60	11.45
1962	4.80	3.40	3.70	9.50	11.90	16.80	18.10	19.30	15.40	12.00	5.00	0.60	10.37
1963	-2.00	-1.10	6.60	10.20	12.60	16.30	19.10	16.30	14.80	11.10	9.00	0.50	9.46
1964	0.20	5.60	5.80	10.10	15.00	17.60	21.10	19.10	17.40	9.10	6.80	2.50	10.69
1965	3.60	1.50	6.70	8.90	12.90	16.40	16.80	17.10	13.50	12.30	6.40	5.90	9.88
1966	2.10	8.30	6.20	11.20	13.40	17.50	16.90	17.20	16.80	12.70	4.80	5.30	11.08
1967	2.60	5.40	7.70	9.20	12.40	15.80	20.70	18.00	14.60	12.90	6.40	2.00	10.92
1968	3.10	4.10	6.60	9.80	11.40	15.70	17.70	17.00	14.60	13.20	5.60	2.90	10.07
1969	4.50	2.00	6.80	9.60	13.10	15.00	19.70	18.40	15.90	12.40	6.60	0.30	10.57
1970	3.60	4.50	4.00	7.20	13.30	17.80	17.90	18.20	16.50	10.20	7.80	1.50	10.11
1971	2.80	3.40	3.40	11.60	14.40	14.90	20.20	18.20	15.50	11.50	4.50	3.70	10.16
1972	3.00	5.70	8.40	8.70	11.80	14.00	18.40	16.80	12.90	10.40	6.60	3.70	10.03
1973	1.80	2.20	5.70	7.10	13.70	17.20	18.10	20.80	17.30	9.80	6.00	2.90	10.28
1974	6.30	5.00	7.40	9.70	12.30	16.30	17.90	19.10	14.10	7.20	7.50	6.60	10.47
1975	5.80	5.40	4.90	9.10	11.80	15.70	18.80	20.50	15.70	9.00	6.10	1.20	10.78
1976	3.10	4.40	5.90	9.20	14.00	20.70	20.70	20.00	14.50	11.40	5.50	2.50	10.88
1977	3.50	6.80	8.20	8.10	12.40	15.10	17.70	16.60	14.20	12.70	6.80	4.70	10.38
1978	2.90	4.60	7.40	7.80	12.40	15.10	17.50	16.90	15.40	11.10	5.30	5.80	10.09
1979	0.00	4.40	6.60	8.40	12.30	16.60	18.80	17.00	15.60	12.20	6.20	5.60	10.32
1980	1.40	6.10	6.10	8.50	11.90	14.80	16.40	19.10	16.70	10.00	4.50	2.10	10.09
1981	2.90	2.10	9.40	10.50	12.60	15.40	17.50	18.90	16.00	11.20	6.30	4.60	10.41
1982	5.90	5.40	6.40	9.70	14.00	18.10	21.40	18.20	18.40	11.30	8.50	5.10	11.82
1983	5.10	2.50	6.80	8.90	11.30	18.30	23.50	19.40	15.90	11.30	6.90	3.70	11.25
1984	4.20	3.60	5.40	10.00	10.20	16.00	19.10	18.10	13.90	11.20	9.40	3.90	10.40
1985	-3.10	3.80	4.90	10.40	12.70	15.60	20.10	17.60	17.90	12.00	3.30	4.30	9.92
1986	4.10	-1.30	6.00	6.80	13.50	18.20	19.70	17.40	14.60	13.50	7.20	4.40	10.33
1987	-2.80	3.40	4.60	11.00	11.10	14.90	19.00	18.20	17.60	12.40	6.30	4.30	10.01
1988	6.70	4.60	6.30	11.10	14.40	16.20	17.10	18.40	15.70	12.60	5.70	5.50	11.09
1989	3.30	5.10	9.70	8.40	16.90	17.40	20.70	19.70	16.30	13.20	6.20	4.80	11.87
1990	4.30	9.00	8.60	9.30	16.50	16.50	20.80	21.90	15.70	13.60	7.20	2.90	12.35
1991	99	99	99	9.10	12.30	15.20	20.20	21.80	18.30	10.30	6.40	2.80	10.93
1992	1.70	4.30	7.80	9.90	16.40	16.90	19.80	20.40	15.40	9.30	9.00	99	11.14
1993	6.20	99	7.40	10.80	14.60	18.00	18.50	19.20	14.50	10.00	3.60	6.40	10.58
1994	5.20	5.40	10.00	8.90	14.50	17.80	22.40	20.30	14.80	12.60	10.40	6.60	12.39
1995	4.50	7.70	6.60	10.00	14.50	16.80	21.90	20.80	14.10	15.10	6.50	3.80	12.09
1996	5.30	2.80	6.60	10.60	12.80	18.70	19.60	18.40	14.10	11.20	6.50	2.50	10.87
1997	0.80	6.90	9.40	10.30	14.60	16.60	19.50	22.60	17.10	17.10	8.50	5.30	12.16
1998	4.40	5.00	8.40	9.00	15.60	17.90	19.00	20.50	15.90	11.30	4.40	4.40	11.39
1999	5.30	4.10	8.50	10.50	16.10	17.00	21.00	19.80	18.00	12.30	5.40	5.20	11.87
2000	3.70	6.40	7.40	10.10	15.90	19.00	17.90	20.30	17.00	12.10	8.50	7.60	11.96
2001	5.60	5.30	9.40	8.70	15.70	17.60	19.90	20.40	13.70	14.90	5.20	2.10	12.00
2002	5.10	7.60	9.10	11.00	13.50	19.10	18.90	18.80	15.10	12.20	8.90	7.40	11.78
2003	2.40	3.40	10.20	12.00	14.90	22.10	21.30	25.20	16.80	9.90	8.20	4.50	12.82
2004	4.70	4.50	6.50	10.30	13.80	18.90	19.60	19.60	17.10	13.30	6.90	3.30	11.64
2005	4.20	2.10	7.60	10.90	14.90	20.30	20.50	19.20	17.00	14.90	5.60	2.50	11.71
2006	2.50	2.80	6.90	10.60	14.40	19.90	24.80	17.30	18.80	14.70	9.20	4.20	12.03
2007	6.50	7.70	7.60	15.10	15.20	18.00	18.30	18.1	14.8	11.3	5.9	3.9	11.89
2008	5.7	6.5	6.9	9.4	16.1	17.8	19.6	18.9	14.6	11.1	7.1	3.2	11.47
2009	1.4	3.8	7.7	11.8	15.8	18.4