1851	6.93	5.13	8.13	10.53	12.33	18.33	17.53	19.63	14.53	11.93	3.93	2.93	11
1852	6.43	5.53	7.23	11.13	14.13	16.23	21.43	17.63	15.03	10.93	11.93	10.13	12.3
1853	8.13	2.13	4.93	10.23	13.53	15.43	18.13	18.33	15.23	12.83	7.33	1.93	10.7
1854	6.13	5.03	7.83	12.83	13.13	15.03	18.73	18.23	18.03	13.03	6.93	6.53	11.8
1855	1.73	2.13	6.93	10.53	11.43	15.23	18.93	19.43	16.33	12.33	5.03	3.93	10.3
1856	7.03	6.93	7.33	10.83	12.43	17.43	18.93	20.93	14.63	12.83	6.53	5.83	11.8
1857	4.53	5.03	7.53	10.33	14.23	18.73	20.53	20.13	17.23	13.43	9.33	6.33	12.3
1858	1.93	4.83	8.13	13.33	13.03	19.83	16.83	17.53	17.93	11.83	5.83	6.03	11.4
1859	5.03	7.33	9.03	11.03	13.43	18.23	23.23	20.03	15.83	13.43	7.53	3.93	12.3
1860	7.03	2.53	6.13	7.63	14.83	15.23	17.13	16.13	13.63	12.33	5.93	4.23	10.2
1861	0.43	6.83	8.73	10.23	13.73	17.83	16.93	19.33	16.03	14.03	7.63	4.43	11.3
1862	4.93	6.43	9.73	11.63	15.43	15.73	17.93	17.33	15.93	13.33	5.83	6.83	11.8
1863	6.33	5.63	8.13	10.63	13.23	16.43	19.93	19.43	13.93	11.43	8.53	6.73	11.7
1864	3.83	3.33	8.33	11.93	15.83	16.13	19.23	17.73	14.53	10.13	6.03	2.63	10.8
1865	4.93	4.43	3.73	15.44	15.83	18.33	19.23	18.03	18.83	13.13	7.73	2.93	11.9
1866	6.73	6.33	6.63	11.63	12.43	19.03	19.03	17.33	15.13	13.13	9.13	7.93	12
1867	4.03	9.83	7.63	11.93	15.53	17.73	18.33	18.73	16.13	10.73	5.63	3.33	11.6
1868	2.83	5.73	7.83	10.73	17.43	18.63	21.13	18.33	17.43	10.83	5.83	10.43	12.3
1869	5.83	9.43	4.63	12.23	14.33	16.03	20.63	17.53	15.53	10.83	8.13	4.63	11.6
1870	4.83	2.93	5.63	11.53	14.63	18.63	20.13	17.23	14.23	12.83	5.93	0.23	10.7
1871	0.83	7.23	8.63	12.23	13.53	14.53	17.73	20.03	15.83	11.13	4.33	1.73	10.6
1872	5.53	8.13	8.83	10.33	11.93	16.73	19.43	17.83	15.93	10.23	9.23	7.43	11.8
1873	6.53	3.83	8.93	9.13	12.93	16.83	18.93	18.33	14.83	11.53	7.53	4.43	11.1
1874	5.83	5.33	7.63	11.73	12.33	16.93	20.43	18.13	16.33	12.73	8.33	3.33	11.6
1875	7.73	3.53	5.83	10.33	14.93	16.23	16.63	19.13	17.93	11.03	7.93	2.83	11.2
1876	2.83	6.93	6.93	10.03	11.93	15.93	20.03	19.33	15.73	13.23	8.13	8.53	11.6
1877	8.33	7.83	6.53	10.33	11.13	18.53	17.83	18.43	13.73	11.03	9.33	5.83	11.6
1878	4.53	5.53	7.43	11.33	14.23	17.03	18.43	17.63	14.73	12.23	5.63	2.13	10.9
1879	2.43	6.33	8.03	8.33	10.13	15.33	15.83	18.23	15.23	10.93	4.53	-4.04	9.3
1880	0.93	6.73	10.83	9.73	13.83	15.13	17.63	18.93	16.73	11.03	6.33	8.33	11.3
1881	0.60	7.60	9.30	10.40	13.90	16.10	20.60	17.40	15.50	9.90	11.20	3.80	11.75
1882	4.40	6.00	9.80	11.80	14.60	15.80	17.60	17.90	14.40	12.80	10.40	7.30	11.61
1883	6.70	7.80	4.70	10.20	14.30	16.60	16.90	19.30	15.60	11.30	8.70	5.00	11.62
1884	6.80	7.70	8.50	8.80	14.70	15.60	19.00	20.80	16.30	11.00	6.30	6.30	11.71
1885	2.50	8.20	7.20	9.80	11.40	17.70	19.40	17.90	15.20	10.00	8.50	4.00	11.17
1886	4.20	3.60	7.20	10.80	13.30	15.80	18.50	18.40	17.40	13.20	8.00	5.20	11.20
1887	2.60	3.60	5.30	8.90	11.80	19.30	20.10	18.70	14.20	7.90	5.90	3.80	10.29
1888	3.60	2.30	5.40	8.60	14.70	16.50	16.20	16.70	15.60	9.00	10.10	6.20	10.21
1889	3.60	5.00	6.10	9.00	13.90	17.80	17.80	16.80	15.20	10.80	7.70	2.50	10.82
1890	7.70	3.70	7.60	9.70	13.50	16.10	16.70	17.00	15.60	10.90	7.60	-1.50	10.72
1891	2.00	3.90	6.60	9.30	12.30	16.90	17.60	16.40	15.50	12.20	6.40	7.00	9.80
1892	4.20	6.70	5.40	10.90	14.30	17.00	18.50	19.00	16.20	10.20	9.50	3.40	11.57
1893	2.30	7.80	10.20	14.60	15.60	18.80	18.90	20.50	16.20	12.30	6.20	4.50	12.23
1894	4.90	7.00	9.10	11.80	11.80	15.60	17.70	17.30	15.10	11.60	8.80	6.10	11.27
1895	2.30	-2.00	6.90	11.40	14.50	17.20	18.10	18.00	19.10	10.40	11.40	8.00	11.12
1896	4.30	3.90	9.70	10.50	14.10	17.20	19.70	16.90	15.40	9.40	4.90	5.70	11.17
1897	4.20	8.70	9.40	11.00	12.70	17.80	19.60	17.90	14.90	11.50	8.70	5.70	11.84
1898	5.70	6.30	5.80	10.60	12.90	16.20	18.80	20.40	18.50	13.40	8.60	7.20	11.91
1899	7.70	7.40	7.00	10.80	13.30	18.10	19.70	21.70	16.90	12.70	7.80	2.20	12.53
1900	6.40	6.70	5.40	10.50	13.10	16.70	21.10	18.50	17.20	12.30	8.70	8.00	11.57
1901	4.30	2.20	6.00	11.20	14.90	17.80	20.20	19.30	16.50	11.00	5.10	5.10	11.38
1902	5.10	4.00	8.90	11.10	11.20	15.80	19.30	17.90	15.50	10.90	7.70	5.30	11.04
1903	6.00	7.30	8.90	8.50	13.80	15.40	18.10	17.20	15.80	13.40	8.50	4.20	11.52
1904	5.20	6.10	6.00	10.70	14.40	16.40	20.50	18.60	14.40	12.10	5.70	6.50	11.19
1905	3.40	5.40	8.70	10.30	12.90	16.60	20.40	17.30	14.40	8.80	6.30	5.00	10.92
1906	7.20	5.40	6.90	9.40	13.50	17.40	19.10	19.80	16.90	13.30	8.30	4.40	11.85
1907	4.00	3.60	8.00	9.70	13.60	15.00	16.90	17.60	17.20	11.90	8.80	7.80	10.89
1908	3.00	6.80	6.30	9.10	14.80	17.20	18.30	17.90	15.10	13.60	7.90	5.80	11.48
1909	4.10	3.40	6.10	11.50	14.30	14.90	16.60	18.60	14.20	13.20	5.70	6.10	10.70
1910	6.30	7.50	7.70	9.10	12.50	16.60	16.70	17.40	14.60	12.30	8.40	8.20	11.27
1911	2.60	5.50	7.40	9.00	14.70	17.50	22.20	21.40	19.50	12.20	7.80	8.90	12.33
1912	6.60	8.20	9.40	10.90	15.00	15.50	17.40	15.10	13.10	10.90	7.60	8.10	11.55
1913	7.80	5.80	9.00	10.10	13.60	16.00	17.80	18.50	16.40	13.00	11.00	5.60	12.26
1914	2.10	8.40	9.00	12.30	13.50	16.30	17.60	19.30	16.30	11.10	7.50	7.30	11.58
1915	5.40	6.20	6.60	9.30	15.30	17.70	16.70	17.70	15.60	10.20	5.20	9.20	11.10
1916	8.70	6.20	6.30	10.20	14.50	13.70	17.60	19.40	15.10	12.50	8.10	5.80	11.79
1917	2.10	2.50	5.80	7.80	16.10	18.20	18.50	16.80	16.30	10.50	9.20	1.90	10.80
1918	5.40	7.20	8.00	8.80	15.20	16.10	18.20	18.70	15.20	10.40	7.10	9.40	11.02
1919	4.80	5.60	7.50	8.80	15.10	16.60	16.60	19.60	16.60	8.80	6.00	7.80	11.28
1920	5.80	7.60	9.40	10.40	14.40	16.30	16.90	16.50	15.20	12.80	7.10	5.40	11.68
1921	8.70	5.40	8.00	10.00	14.20	18.70	21.30	17.60	18.00	15.90	6.80	7.50	12.50
1922	6.70	6.80	8.20	9.60	99	99	99	99	14.00	9.60	7.20	6.20	11.37
1923	5.90	8.60	9.10	10.70	13.20	15.40	20.10	18.60	15.50	12.70	5.70	6.50	11.81
1924	7.20	4.10	8.10	10.10	14.50	16.30	17.80	16.20	15.80	12.60	8.10	5.80	11.44
1925	6.60	6.80	5.30	9.80	13.10	18.50	17.90	17.80	14.00	12.60	5.70	6.20	11.16
1926	6.90	10.00	7.80	11.40	12.70	15.00	19.40	19.60	17.80	12.70	9.00	3.60	12.38
1927	6.50	5.90	9.30	10.90	14.70	15.80	17.30	17.40	15.00	12.30	7.50	4.30	11.35
1928	7.60	8.70	8.70	10.20	12.70	16.50	20.40	19.30	16.50	13.00	9.80	5.80	12.31
1929	2.20	2.60	8.10	9.20	13.70	16.60	19.50	18.00	19.70	12.10	9.10	8.50	11.38
1930	8.10	4.40	8.40	11.00	12.80	17.40	17.30	18.40	16.40	13.60	10.50	7.00	12.23
1931	6.00	5.90	7.60	10.20	13.80	18.00	17.30	17.20	13.20	11.60	9.20	5.00	11.42
1932	7.00	2.30	7.30	9.00	12.60	17.00	17.30	21.30	17.40	12.20	8.50	6.40	11.41
1933	3.60	6.30	9.60	11.40	14.90	17.00	20.50	21.30	17.30	12.90	6.60	0.10	12.32
1934	5.00	3.50	7.80	11.10	14.50	18.10	20.50	17.90	17.60	12.90	6.30	10.10	11.27
1935	5.20	7.00	7.60	10.60	12.70	17.00	19.70	18.60	16.80	11.40	6.00	6.30	11.89
1936	9.00	6.30	9.60	9.70	14.40	16.90	17.00	18.70	16.90	10.30	7.80	5.60	11.91
1937	7.60	9.30	7.10	11.50	15.00	16.40	19.10	20.40	16.40	12.30	7.40	5.60	12.34
1938	7.00	5.50	10.20	9.40	13.10	17.70	17.80	18.80	16.20	12.80	11.20	4.80	12.11
1939	7.50	6.60	7.90	11.40	13.40	17.20	17.00	18.30	16.20	11.10	10.60	4.50	11.83
1940	1.70	7.60	8.70	11.10	14.70	18.80	17.30	18.20	16.50	11.60	9.10	4.00	11.65
1941	3.10	7.00	9.00	9.30	11.20	17.70	19.60	17.00	16.60	12.40	8.40	6.10	11.27
1942	2.60	1.80	9.50	12.40	14.10	17.40	18.00	19.00	16.50	13.70	6.20	6.80	11.44
1943	8.50	6.40	8.90	13.00	15.00	17.30	19.90	18.70	15.40	12.80	7.80	5.00	12.54
1944	7.20	3.70	6.80	12.20	13.90	16.40	18.70	21.10	15.40	11.30	9.70	5.20	11.78
1945	1.50	9.20	9.20	13.50	15.40	18.10	19.90	18.60	17.20	13.80	8.20	6.70	12.48
1946	2.40	8.50	7.90	12.10	13.30	14.90	18.70	17.10	16.20	12.00	9.10	3.60	11.57
1947	3.20	2.90	9.00	12.20	15.60	18.00	20.10	22.00	17.90	12.60	10.60	6.50	12.31
1948	8.40	6.10	11.40	11.40	14.60	15.80	17.70	17.70	15.60	11.80	8.40	6.00	12.12
1949	6.40	6.70	8.10	12.60	12.80	18.90	22.00	20.50	19.80	14.90	8.00	6.20	13.06
1950	4.30	8.40	9.40	10.00	15.00	19.10	19.70	18.20	15.30	11.70	9.60	2.90	12.24
1951	6.50	6.00	7.20	10.70	11.80	17.10	19.70	17.40	16.90	11.50	10.20	6.90	11.49
1952	4.80	4.70	9.80	11.80	16.10	18.70	19.90	18.70	13.20	12.50	6.90	5.30	12.00
1953	1.90	4.10	9.40	11.20	16.00	16.20	18.00	19.50	16.70	12.90	7.10	9.20	11.52
1954	4.70	4.10	9.20	10.30	13.40	15.60	16.50	17.20	15.80	14.20	9.30	8.40	11.62
1955	6.20	5.40	5.40	11.70	13.10	17.20	20.70	21.20	17.00	11.50	7.90	8.70	12.14
1956	6.10	-1.20	8.60	9.50	14.80	15.30	18.30	16.10	16.90	12.00	6.80	7.80	10.99
1957	4.90	8.80	11.70	11.10	13.00	18.50	19.20	18.10	16.00	13.30	7.30	5.00	12.47
1958	6.10	8.00	6.90	9.60	14.30	16.00	17.80	17.80	17.70	12.40	7.50	6.60	11.59
1959	5.20	6.40	9.90	11.30	15.10	17.90	20.90	19.90	18.90	13.80	8.90	8.20	12.90
1960	5.70	6.20	10.00	11.20	15.80	19.10	17.40	17.80	15.30	12.20	10.40	5.10	12.44
1961	6.10	9.30	9.70	12.60	14.20	17.40	19.10	18.30	19.00	13.20	8.10	6.10	12.67
1962	6.80	5.70	5.50	10.50	12.60	17.30	18.70	18.70	16.20	13.00	7.70	3.10	11.57
1963	-0.70	1.50	8.70	10.30	12.60	16.10	18.40	16.50	15.90	12.80	10.80	2.70	10.50
1964	2.40	6.40	7.30	10.20	14.90	17.00	19.50	18.90	17.80	11.00	7.70	5.10	11.32
1965	5.80	3.10	8.30	10.10	13.50	16.00	16.60	17.10	13.90	13.40	8.20	8.40	10.92
1966	5.30	10.10	8.10	11.90	13.40	17.10	17.20	17.50	17.70	13.50	6.60	8.10	12.23
1967	5.90	6.90	8.30	10.00	12.70	16.60	19.70	18.10	15.40	13.80	7.90	5.20	11.95
1968	6.30	5.70	8.10	10.30	12.40	16.70	18.50	18.40	15.50	14.40	8.50	5.40	11.67
1969	7.10	4.10	8.20	10.90	13.50	16.40	20.30	19.10	16.60	14.90	8.80	4.80	12.11
1970	6.10	6.90	6.40	8.90	14.30	18.60	18.00	18.70	17.30	11.90	10.70	3.80	11.88
1971	5.80	5.70	5.50	11.90	14.20	14.80	21.20	18.30	17.30	13.30	7.30	5.90	11.59
1972	5.10	7.10	9.20	10.00	12.00	14.10	18.60	17.40	14.60	12.20	8.70	7.10	11.24
1973	4.50	5.00	7.30	8.90	14.20	17.90	18.60	20.60	17.70	11.70	8.20	5.80	11.81
1974	8.20	7.30	8.60	10.40	13.00	17.00	18.10	18.80	14.90	9.10	9.50	8.90	11.72
1975	8.00	7.70	6.70	9.90	12.70	17.70	19.80	20.70	16.30	10.50	8.30	3.30	12.27
1976	5.90	6.40	7.50	10.50	14.80	21.60	20.90	21.10	15.90	12.60	7.80	4.70	12.36
1977	4.90	8.50	9.40	9.10	12.70	14.90	18.20	17.10	15.30	13.70	8.60	7.10	11.42
1978	5.00	6.30	8.80	8.70	13.90	15.50	17.40	17.10	16.20	13.00	8.80	7.10	11.48
1979	2.00	5.90	7.60	9.40	12.40	16.30	19.00	16.90	16.40	13.10	7.80	7.40	11.16
1980	3.40	7.50	7.00	9.90	12.70	15.40	16.50	18.30	16.60	11.60	6.40	4.80	11.06
1981	6.30	4.70	10.60	10.90	13.30	16.40	17.90	20.10	17.00	12.60	9.00	6.70	11.97
1982	7.80	7.40	8.20	10.90	14.70	18.20	20.60	17.80	18.00	12.30	9.90	7.00	12.71
1983	7.30	4.50	8.30	9.80	12.30	18.10	22.50	19.80	16.90	12.70	9.10	5.90	12.36
1984	6.70	5.40	7.00	12.10	11.00	17.70	20.00	19.60	15.80	13.00	10.70	6.50	12.07
1985	0.80	5.80	6.90	11.20	13.50	16.30	20.10	17.30	18.10	13.00	6.40	6.70	11.32
1986	6.60	-0.50	7.60	8.00	13.50	17.80	18.50	16.90	15.00	14.60	9.40	7.30	11.17
1987	-0.40	5.30	6.80	12.50	12.90	15.50	19.30	19.10	18.00	12.90	8.30	6.70	11.46
1988	8.50	6.60	8.40	11.70	14.70	17.70	16.90	18.00	16.10	14.00	7.60	7.70	12.24
1989	5.90	7.60	10.70	9.30	17.90	18.70	21.40	20.00	17.70	14.80	8.80	7.10	13.38
1990	7.40	10.50	9.60	10.50	17.50	16.40	20.80	21.50	17.30	14.20	8.50	4.60	13.44
1991	99	99	99	9.90	13.70	14.90	19.00	21.20	18.60	11.50	8.30	5.00	11.87
1992	3.90	5.90	8.60	10.10	16.30	17.40	19.10	19.40	15.30	10.40	11.00	99	11.87
1993	8.30	99	8.30	10.90	14.10	17.80	17.30	18.70	14.90	10.40	5.30	8.20	11.07
1994	7.20	7.70	9.90	9.90	14.00	17.60	20.80	19.70	14.80	13.30	11.40	8.90	12.88
1995	6.70	9.50	8.10	10.80	14.70	17.20	21.60	21.20	15.00	15.60	8.40	5.40	13.14
1996	7.00	4.80	7.90	10.80	12.30	18.20	19.40	18.80	15.70	13.10	8.30	3.60	11.81
1997	2.70	8.30	10.70	11.60	15.30	16.10	19.10	21.60	18.30	18.30	10.00	7.10	12.97
1998	6.40	7.00	9.60	9.50	16.10	16.50	17.60	19.80	16.60	13.00	6.70	6.50	12.16
1999	7.40	6.70	9.40	11.00	15.40	16.90	20.90	19.20	17.60	13.00	7.60	7.30	12.63
2000	4.90	8.10	8.40	10.10	15.10	17.40	17.90	19.40	17.20	12.20	9.10	8.90	12.26
2001	6.90	6.70	9.90	9.90	15.00	17.40	18.90	19.50	14.80	15.30	7.40	3.70	12.55
2002	7.90	8.70	9.30	11.00	13.50	16.80	18.00	18.10	16.40	13.40	10.30	8.70	12.26
2003	4.20	5.40	10.80	12.20	14.40	19.90	20.00	23.20	17.30	10.90	10.10	6.50	13.09
2004	6.80	5.90	7.30	10.60	14.30	18.60	18.50	19.30	17.80	12.90	9.10	5.20	12.30
2005	7.10	4.30	8.60	10.70	13.90	19.80	20.20	19.30	17.30	15.80	7.70	4.40	12.49
2006	4.30	4.00	7.90	11.00	13.90	19.20	22.80	17.70	18.30	15.10	10.30	6.00	12.41
2007	8.40	9.20	8.40	14.50	14.50	17.00	17.30	17.6	15.0	12.3	8.0	5.4	12.35
2008	7.6	7.9	8.3	10.1	15.9	17.0	17.9	17.6	14.5	11.5	8.8	4.9	11.88
2009	3.9	5.7	8.5	10.8	14.8	18.4