1956	4.4	-7.32	6.63	8.29	14.12	14.55	17.55	16.35	17.16	10.05	4.1	5.11	9.25
1957	1.95	7.57	9.99	8.8	10.35	17.14	19.04	17.79	15.24	11.0	5.9	1.95	10.56
1958	3.59	6.8	4.99	7.45	14.63	15.97	18.4	19.21	17.58	10.54	5.5	4.52	10.77
1959	3.32	4.74	8.97	10.65	13.7	17.27	20.89	18.47	17.63	11.99	6.89	6.15	11.72
1960	2.35	5.63	8.37	8.93	14.55	17.4	16.91	17.89	14.21	11.28	8.45	2.29	10.69
1961	3.43	8.19	7.14	12.84	12.09	17.3	17.85	17.6	19.88	12.61	6.54	3.9	11.62
1962	4.74	2.43	3.62	9.07	11.87	15.01	17.71	19.39	15.34	11.08	4.58	-0.01	9.57
1963	-4.07	-2.24	7.28	9.52	11.64	16.34	18.88	16.93	15.05	10.86	9.49	-0.21	9.12
1964	-0.35	5.43	6.1	10.08	14.46	17.25	19.87	18.24	17.73	9.0	6.44	1.7	10.5
1965	3.38	0.14	6.58	8.49	12.19	17.18	17.77	17.06	13.95	12.72	7.06	5.92	10.2
1966	2.41	8.5	4.85	11.15	13.48	17.07	16.73	17.03	16.8	13.06	4.45	4.94	10.87
1967	2.73	5.25	7.84	8.18	12.5	15.17	20.18	17.86	15.3	14.19	6.98	0.85	10.58
1968	2.74	4.39	6.37	10.07	11.71	15.6	17.61	16.65	14.75	13.72	6.67	2.54	10.24
1969	4.5	2.12	6.92	9.15	13.63	14.75	19.26	17.79	15.97	12.17	6.63	-0.49	10.2
1970	3.76	4.66	4.15	7.77	12.6	18.25	17.71	18.7	16.3	10.68	8.74	0.45	10.32
1971	1.77	2.73	2.38	10.35	14.16	15.71	19.66	18.92	14.38	11.91	4.27	3.12	9.95
1972	3.57	6.29	7.58	8.46	11.78	14.65	18.02	17.09	11.83	9.92	7.61	3.36	10.01
1973	2.07	2.58	4.87	6.97	14.37	17.0	18.29	20.77	16.68	9.46	6.29	2.81	10.18
1974	6.32	4.89	7.76	8.97	12.05	15.72	17.71	19.05	14.83	7.07	7.76	6.39	10.71
1975	6.24	4.24	5.07	8.72	11.93	15.43	18.37	20.21	16.25	9.75	6.35	0.62	10.26
1976	2.96	5.41	5.47	8.48	13.71	18.75	20.47	18.31	14.59	11.69	5.56	2.79	10.68
1977	4.43	7.33	8.86	8.29	12.33	15.47	17.93	16.59	13.59	13.47	6.8	4.72	10.82
1978	3.0	4.78	7.08	7.7	11.95	15.6	17.86	16.93	14.97	10.96	5.5	6.46	10.23
1979	-0.09	4.51	7.52	8.52	12.74	17.07	18.31	17.15	15.5	13.04	5.77	4.98	10.42
1980	1.98	6.94	6.01	7.68	11.5	15.01	16.82	18.92	16.76	10.49	4.25	1.19	9.8
1981	2.0	1.65	10.21	10.33	12.97	15.35	17.81	17.78	15.87	11.88	6.07	4.85	10.56
1982	5.98	5.53	5.7	8.18	13.53	18.28	20.67	18.02	17.97	11.56	8.81	4.75	11.58
1983	4.75	1.96	6.79	9.25	12.13	17.64	22.92	19.08	16.71	11.34	6.26	3.44	11.02
1984	4.2	2.72	4.63	8.31	10.54	15.59	18.95	17.87	14.71	11.79	10.41	3.88	10.3
1985	-2.54	3.96	5.15	10.65	12.24	15.82	20.17	18.49	17.73	11.94	3.2	4.91	10.14
1986	4.25	-0.05	6.63	6.95	14.51	17.41	19.42	18.26	15.84	13.65	8.05	4.76	10.81
1987	-2.87	3.73	5.18	10.99	11.62	16.06	19.64	19.49	19.35	13.54	6.94	5.12	10.73
1988	7.39	4.73	7.05	11.29	14.57	16.31	18.41	19.35	15.44	13.02	5.09	4.67	11.44
1989	3.26	5.6	9.48	8.57	15.03	15.68	19.86	18.84	15.35	12.91	5.91	5.02	11.29
1990	4.24	9.51	8.18	8.13	15.58	16.34	19.2	20.05	14.92	13.27	7.21	1.79	11.54
1991	3.64	1.74	9.89	8.08	10.65	16.35	20.46	20.68	18.04	10.0	6.38	1.42	10.61
1992	0.68	3.72	7.21	9.56	15.39	16.17	19.52	20.91	15.82	9.72	9.53	4.89	11.09
1993	5.44	2.31	6.66	11.05	14.69	18.0	18.47	19.1	14.96	10.9	4.18	6.53	11.03
1994	4.86	5.64	10.04	8.92	14.58	17.61	22.11	20.87	15.71	12.65	10.26	6.47	12.48
1995	4.74	7.96	6.45	9.72	13.98	15.94	21.38	19.6	13.96	15.84	6.53	3.47	11.63
1996	5.58	2.7	5.75	9.87	13.15	17.51	18.76	18.27	12.78	11.58	6.49	3.18	10.47
1997	1.42	7.53	8.82	8.91	14.79	16.84	18.86	22.28	16.65	11.48	8.88	5.73	11.85
1998	4.51	5.33	7.38	9.73	14.51	17.53	19.59	19.36	15.44	11.62	4.04	4.21	11.1
1999	5.12	3.64	8.47	10.38	16.31	16.08	20.19	20.04	18.5	12.29	4.9	4.54	11.71
2000	2.73	6.48	7.15	10.35	15.69	18.32	17.65	20.26	17.05	12.37	9.0	8.06	12.09
2001	5.92	5.32	10.26	8.81	15.13	16.47	19.81	20.54	13.65	15.25	4.05	0.81	11.34
2002	4.44	7.61	8.87	9.79	13.28	18.89	18.87	18.81	14.67	12.29	9.12	7.35	12.0
2003	1.71	3.25	8.65	10.69	15.04	23.26	21.34	24.2	16.05	10.56	8.06	3.93	12.23
2004	4.37	4.02	6.14	9.32	12.45	18.15	18.94	19.87	16.64	14.31	6.21	3.55	11.16
2005	3.3	1.52	7.34	11.19	14.68	19.73	20.37	18.19	17.01	15.87	5.87	1.84	11.41
2006	2.5	2.39	7.73	10.27	15.18	19.25	23.73	17.62	19.15	15.69	9.13	4.11	12.23
2007	5.64	7.83	7.45	13.85	16.01	18.82	19.32	18.32	14.49	11.43	5.51	2.8	11.79
2008	5.92	6.38	7.02	10.08	16.23	18.13	19.51	19.42	14.21	11.66	7.34	2.79	11.56
2009	1.4	3.49	6.7	11.87	16.17	18.02	