1873	23.33	20.43	17.83	14.13	12.93	10.33	7.63	11.13	15.53	16.53	19.43	21.33	15.9	
1874	20.53	20.93	17.93	14.33	9.73	8.13	8.03	11.83	14.43	15.23	19.03	21.63	15.1	
1875	22.83	23.63	18.53	15.93	13.63	6.13	9.83	11.93	14.83	16.83	19.63	21.63	16.3	
1876	21.03	21.53	20.33	15.83	13.73	9.33	10.83	10.53	15.93	16.53	17.13	20.33	16.1	
1877	23.83	21.53	22.23	16.53	10.73	9.53	10.63	11.03	14.33	19.23	20.43	21.13	16.8	
1878	20.73	21.33	20.23	15.63	11.53	8.93	9.13	11.13	14.43	16.93	21.03	21.13	16.0	
1879	21.83	22.23	19.23	15.33	11.93	9.13	10.13	11.83	14.03	16.33	20.73	22.63	16.3	
1880	22.93	21.73	19.83	15.43	12.73	11.43	9.73	13.43	11.53	15.53	20.23	22.63	16.4	
1881	20.53	22.73	19.73	15.83	12.53	8.33	7.63	11.33	15.43	17.23	20.23	23.23	16.2	
1882	23.03	22.23	19.43	15.23	13.13	9.33	8.83	12.43	15.03	19.83	20.03	20.83	16.6	
1883	23.23	22.43	21.23	15.13	12.73	10.53	9.53	11.63	14.03	16.93	19.83	21.73	16.6	
1884	24.53	22.53	20.63	15.13	10.53	7.83	9.63	15.73	14.53	17.13	19.43	22.03	16.6	
1885	23.53	20.93	18.83	14.73	10.83	8.33	7.33	11.53	15.13	17.33	21.63	21.63	16.0	
1886	23.53	22.13	20.23	15.73	12.83	8.33	9.93	12.03	13.63	16.93	19.73	23.43	16.5	
1887	22.93	22.03	20.63	15.83	12.33	12.23	10.23	15.53	15.03	17.23	19.23	21.13	17.0	
1888	25.53	23.03	19.93	17.63	11.83	6.53	12.43	13.53	15.53	17.13	20.23	22.93	17.2	
1889	21.53	20.33	19.83	14.13	12.03	9.33	8.93	10.13	13.53	16.93	18.53	20.63	15.5	
1890	21.43	21.13	18.13	18.13	11.63	8.33	10.73	10.53	12.63	17.13	22.53	22.53	16.2	
1891	21.43	22.43	20.03	15.63	12.03	10.43	8.43	11.93	14.03	16.83	19.13	19.63	16.0	
1892	21.83	23.23	18.83	15.63	11.23	7.73	9.93	9.63	13.33	16.53	19.33	21.33	15.7	
1893	21.53	20.23	20.23	15.43	11.73	7.53	10.83	10.03	11.53	14.73	18.53	22.73	15.4	
1894	22.63	22.53	18.13	15.23	13.73	8.53	9.33	11.23	13.13	15.53	20.33	21.73	16.0	
1895	20.53	22.53	21.03	17.43	13.13	12.53	11.63	13.33	14.43	16.43	18.73	22.43	17.0	
1896	22.03	21.83	20.23	17.03	14.23	9.03	13.13	15.93	16.73	18.03	20.23	21.43	17.5	
1897	21.73	22.43	22.23	17.73	13.33	9.93	7.73	10.13	13.43	18.13	19.53	22.63	16.6	
1898	23.03	23.43	18.73	14.73	13.43	11.63	8.13	9.83	13.23	14.73	17.83	21.73	15.9	
1899	22.63	21.13	20.03	17.63	16.13	7.93	13.93	12.53	13.73	16.33	20.13	24.53	17.2	
1900	25.83	24.33	20.13	16.93	13.23	11.53	12.13	11.03	15.13	16.93	21.23	21.73	17.5	
1901	22.13	20.63	21.13	15.23	14.93	13.23	10.23	11.63	17.23	19.93	21.13	24.03	17.6	
1902	22.83	24.83	21.33	18.63	14.93	12.13	8.83	8.63	15.33	17.23	20.33	21.73	17.2	
1903	22.03	22.23	22.23	14.73	12.83	9.73	9.73	10.83	16.43	16.13	18.43	19.63	16.2	
1904	21.03	18.73	18.03	17.43	12.93	10.33	11.53	11.13	16.03	16.83	17.83	19.63	16.0	
1905	21.43	20.33	19.63	15.63	11.73	11.13	8.03	12.23	14.73	16.53	18.73	20.53	15.9	
1906	22.13	23.33	21.23	18.03	14.73	6.73	9.83	11.13	13.53	18.23	20.43	21.53	16.7	
1907	23.93	22.43	19.03	15.83	10.53	8.33	9.13	9.63	12.63	16.43	19.13	21.93	15.7	
1908	22.43	20.53	20.43	15.23	12.13	11.13	10.13	10.43	13.33	17.13	19.43	21.73	16.2	
1909	24.63	21.43	20.03	16.53	10.93	8.13	9.03	12.83	14.63	16.23	17.53	19.83	16.0	
1910	22.63	20.63	18.13	15.73	11.53	11.03	8.93	11.73	13.73	17.63	20.13	21.33	16.1	
1911	23.93	22.53	18.53	15.63	13.83	8.63	9.73	9.13	11.33	15.93	19.43	21.23	15.8	
1912	23.43	22.13	21.43	16.83	11.73	10.13	8.43	9.53	14.73	17.63	18.83	22.63	16.5	
1913	22.13	23.53	19.83	18.63	14.33	11.53	13.13	12.03	14.53	17.83	20.53	22.03	17.5	
1914	24.53	23.23	18.63	15.63	13.33	11.63	11.43	10.83	13.23	16.53	17.43	20.43	16.4	
1915	21.73	22.13	18.13	17.13	13.53	7.03	10.93	13.03	13.53	17.83	20.73	23.03	16.6	
1916	24.63	21.23	19.33	18.43	14.23	5.43	7.13	11.93	16.23	19.43	22.53	22.23	16.9	
1917	26.13	22.03	19.03	16.33	10.03	10.53	8.73	11.13	14.93	16.93	19.83	24.13	16.6	
1918	23.53	21.73	20.13	17.43	11.63	8.63	10.43	12.23	13.33	16.43	19.73	22.13	16.4	
1919	23.33	20.33	20.23	17.43	16.33	8.93	9.43	10.83	13.13	16.93	19.13	22.63	16.6	
1920	23.33	21.73	20.43	17.63	15.03	8.83	7.63	11.23	16.03	16.63	20.13	22.73	16.8	
1921	23.13	22.83	19.13	17.33	15.43	6.83	8.13	11.03	13.93	16.83	19.53	23.73	16.5	
1922	22.43	20.93	19.33	15.13	12.93	7.43	12.13	9.73	14.23	15.23	20.43	21.33	15.9	
1923	22.53	23.63	21.73	17.03	10.53	11.53	7.13	10.93	14.73	15.33	20.53	21.13	16.4	
1924	22.53	23.13	20.43	16.33	11.83	9.73	9.13	10.13	13.13	17.33	19.73	23.83	16.4	
1925	23.83	23.33	22.53	17.33	12.03	8.33	8.43	13.03	14.73	16.13	20.43	22.63	16.9	
1926	23.73	23.23	22.13	15.93	11.63	9.83	9.03	12.13	14.43	17.93	20.33	22.43	16.9	
1927	23.73	24.43	20.43	16.73	12.63	8.93	10.33	12.53	13.73	17.53	21.73	21.83	17.0	
1928	22.83	20.93	19.83	17.63	12.33	8.73	10.23	10.33	13.23	16.33	21.03	22.13	16.3	
1929	23.83	23.63	21.23	19.73	11.83	9.03	11.23	11.93	16.03	17.43	20.53	24.13	17.5	
1930	25.53	24.13	21.43	18.03	13.03	14.23	8.53	9.23	15.43	15.13	19.93	22.33	17.2	
1931	22.4	22.3	20.0	15.7	8.6	7.9	8.4	10.1	11.8	18.3	18.3	22.1	15.5	
1932	24.3	22.5	21.8	17.0	11.0	10.4	12.0	10.7	15.4	16.8	21.5	22.5	17.2	
1933	24.0	22.1	19.8	17.7	13.1	10.1	7.3	13.6	14.3	19.2	21.7	22.0	17.1	
1934	24.6	21.7	19.8	14.4	12.6	10.8	10.3	11.9	13.0	16.1	18.5	21.4	16.3	
1935	23.5	25.1	22.7	16.6	17.4	11.2	10.2	15.71	13.8	14.7	21.1	22.0	17.8	
1936	23.8	22.3	21.6	16.3	12.9	10.3	10.6	11.0	15.4	18.5	18.5	22.6	17.0	
1937	24.6	24.5	20.7	18.2	12.7	12.7	10.1	12.7	13.8	17.4	21.9	24.2	17.8	
1938	24.6	23.3	19.1	15.2	13.5	10.6	10.1	10.5	15.8	19.2	21.2	26.5	17.5	
1939	25.1	22.2	20.7	15.1	14.1	12.3	12.3	14.8	13.1	16.6	18.3	20.3	17.1	
1940	22.7	21.3	19.4	16.4	14.4	11.7	11.7	10.0	13.8	14.7	19.1	21.6	16.4	
1941	23.7	21.0	18.5	15.6	12.2	10.4	11.2	12.8	12.1	19.2	19.4	23.8	16.7	
1942	23.8	22.1	19.1	16.3	11.4	7.0	7.4	11.3	14.6	17.8	21.3	23.2	16.3	
1943	24.1	23.8	19.0	16.0	13.9	10.3	11.1	8.5	14.4	18.2	19.4	22.2	16.7	
1944	22.0	23.2	19.6	16.8	13.3	11.9	11.81	13.4	18.5	18.6	19.7	24.8	17.8	
1945	25.3	22.7	20.5	19.4	15.5	11.3	10.3	14.7	15.8	20.0	20.5	22.9	18.2	
1946	22.4	25.0	19.6	17.8	13.0	8.5	10.1	12.0	16.1	17.0	22.3	23.0	17.2	
1947	24.3	23.5	20.6	15.9	14.0	12.6	8.5	10.2	13.7	17.1	21.4	22.3	17.0	
1948	24.5	22.4	19.0	16.3	14.1	11.8	9.9	10.8	16.1	17.9	20.7	25.2	17.4	
1949	23.8	23.1	20.2	17.7	14.2	10.7	8.8	12.0	14.1	15.2	21.8	23.8	17.1	
1950	24.80	23.00	21.50	18.70	15.10	11.60	11.50	13.90	13.50	16.80	19.20	24.20	17.82
1951	24.60	21.00	20.50	14.70	16.10	13.20	12.60	12.20	15.50	18.40	22.00	21.50	17.92
1952	24.40	22.00	23.50	17.10	15.20	7.80	11.80	11.80	14.40	16.70	18.60	21.40	17.07
1953	22.90	24.70	21.10	16.40	14.10	10.80	7.70	12.40	17.40	16.40	21.20	21.70	17.21
1954	24.20	24.30	22.00	16.30	12.30	9.90	8.80	11.60	13.40	16.90	21.60	23.80	16.92
1955	25.70	21.80	18.70	16.40	11.90	10.50	7.80	11.30	14.40	15.80	21.20	22.60	16.61
1956	22.20	21.30	20.50	15.00	9.70	9.10	10.50	11.70	14.50	16.10	18.90	20.70	16.01
1957	23.50	21.10	21.40	14.70	16.30	9.20	7.90	12.30	13.10	19.30	20.50	23.30	16.67
1958	22.30	22.50	19.70	17.30	13.10	12.30	15.30	9.90	14.70	18.90	20.40	19.50	17.48
1959	21.00	22.80	19.00	13.80	12.00	10.30	10.50	10.40	14.20	17.70	19.80	21.80	15.92
1960	23.70	23.10	19.40	16.90	13.70	10.50	8.90	12.80	15.60	17.40	19.80	23.00	16.97
1961	23.10	21.80	19.70	15.70	15.40	9.50	10.40	14.90	14.70	18.10	20.70	21.90	17.25
1962	22.00	22.20	21.90	16.00	12.60	9.20	6.50	12.60	15.50	17.70	22.80	23.00	16.74
1963	23.10	22.30	19.40	19.20	14.20	11.50	12.30	12.80	13.70	16.80	18.10	21.10	17.20
1964	22.70	22.60	18.80	16.60	16.30	8.80	9.50	11.90	15.00	16.00	19.60	20.90	16.58
1965	23.80	23.70	20.00	16.20	13.30	14.20	9.90	12.60	14.10	19.10	20.80	21.60	17.38
1966	23.00	21.00	19.90	17.00	14.40	12.70	10.50	11.30	14.10	18.00	21.20	20.50	17.06
1967	23.60	22.50	19.70	18.60	17.50	6.50	10.50	12.10	14.50	17.80	19.60	24.70	16.95
1968	23.30	23.50	19.70	15.50	13.20	11.10	13.00	13.20	15.20	16.80	23.10	21.70	17.69
1969	24.20	23.50	21.10	18.40	15.60	10.50	11.50	10.70	16.30	18.00	21.40	24.10	17.74
1970	23.30	24.00	20.70	20.90	13.90	10.40	10.50	12.10	17.50	17.10	20.00	23.70	17.88
1971	21.20	20.70	19.60	14.50	13.10	6.70	12.80	13.00	16.60	18.90	23.30	25.40	17.01
1972	24.80	23.40	19.10	16.00	15.10	12.00	9.90	11.90	15.40	16.60	19.00	22.60	17.38
1973	23.70	21.40	20.70	16.40	11.90	11.20	7.30	11.20	12.80	18.30	19.70	21.20	16.43
1974	23.70	20.90	19.80	18.20	14.40	10.00	11.10	11.70	13.20	18.00	20.90	20.40	16.93
1975	22.80	22.10	19.50	17.10	14.20	13.10	8.20	9.80	14.30	18.10	20.00	25.30	16.63
1976	23.50	22.00	18.50	15.60	12.90	9.90	9.90	11.50	14.30	17.80	20.30	21.90	16.79
1977	23.20	22.10	20.10	17.30	12.60	11.50	10.40	12.10	16.70	19.70	21.10	22.10	17.39
1978	21.80	21.10	20.10	17.20	13.90	9.70	11.90	9.80	15.30	17.10	20.10	22.30	16.68
1979	23.00	22.00	19.60	15.40	13.50	9.80	11.70	14.00	13.20	18.10	17.90	21.30	16.71
1980	24.60	22.60	22.80	17.60	15.00	8.90	9.70	12.50	15.10	17.60	19.90	23.20	17.30
1981	21.40	21.90	20.60	16.60	16.00	9.00	9.30	13.50	13.60	17.60	19.20	21.80	16.83
1982	22.60	21.10	20.10	17.30	14.90	10.20	10.40	12.80	15.70	18.50	19.60	22.10	17.08
1983	22.90	20.70	19.60	17.20	11.30	7.40	8.00	10.50	13.50	19.70	20.40	24.80	16.11
1984	23.60	22.60	20.00	15.60	13.80	8.10	8.90	10.50	14.40	19.20	19.50	19.70	16.75
1985	22.30	21.90	20.50	16.30	15.60	10.10	9.90	11.60	14.10	17.40	21.10	22.40	16.71
1986	24.40	22.40	19.70	18.20	14.20	12.20	11.90	12.20	13.60	18.40	20.40	24.30	17.50
1987	23.50	22.90	20.20	17.30	10.50	11.70	11.70	10.60	14.50	18.90	21.10	20.30	17.27
1988	22.40	21.60	21.90	16.30	10.30	8.90	8.10	12.10	10.50	18.30	22.70	24.60	16.12
1989	25.50	21.20	99	17.30	13.60	12.20	9.60	13.30	13.70	18.00	21.50	23.90	17.58
1990	23.50	21.40	19.20	17.00	12.50	9.50	9.30	15.00	99	18.90	21.70	99	17.31
1991	22.90	22.20	22.50	18.20	15.30	11.10	10.80	99	15.60	99	20.70	99	17.74
1992	99	99	99	99	13.50	13.80	8.30	99	99	18.00	18.40	99	99
1993	24.00	22.00	22.50	17.50	13.40	10.90	8.60	99	13.50	18.30	99	22.20	17.10
1994	22.90	21.10	20.40	17.20	15.60	13.30	10.60	12.70	16.80	17.70	20.80	25.70	17.61
1995	22.70	21.00	20.70	17.60	14.20	10.90	99	11.80	17.10	17.90	21.70	25.20	17.62
1996	22.60	99	99	16.70	15.00	9.50	9.10	14.70	99	19.20	21.70	22.50	17.81
1997	23.90	21.30	20.60	18.90	15.80	10.20	12.30	13.10	15.70	17.40	19.60	22.20	17.61
1998	22.10	19.70	18.70	16.10	13.80	11.00	12.10	12.00	99	19.00	99	22.90	16.62
1999	21.30	23.70	20.20	15.10	13.60	10.10	8.80	12.80	16.30	17.40	19.40	21.60	16.80
2000	22.90	21.00	20.00	17.20	12.60	10.30	7.80	99	99	18.30	19.00	22.60	16.31
2001	24.10	24.40	21.20	16.80	12.50	10.80	10.00	99	13.80	18.10	19.80	22.60	17.19
2002	22.50	21.60	21.20	16.10	14.70	8.70	99	99	15.10	19.60	21.80	22.90	17.42
2003	24.10	22.50	99	16.40	14.60	12.30	9.60	11.50	15.60	20.00	22.20	21.60	17.59
2004	24.80	21.80	21.60	17.60	11.00	11.40	10.70	12.40	16.80	18.70	20.60	22.70	17.32
2005	24.00	21.90	99	15.60	13.70	11.80	11.30	12.30	13.30	17.30	99	22.20	16.82
2006	24.30	21.90	19.90	18.20	12.10	12.30	12.70	11.80	16.50	20.50	20.90	23.20	17.78
2007	22.60	21.90	20.20	18.00	10.8	9.4	8.2	8.8	99	19.0	21.3	23.6	16.59
2008	23.9	22.2	20.5	17.3	13.8	9.5	13.2	13.0	14.8	19.0	22.6	23.0	17.78
2009	22.7	22.9	22.8	20.7	15.1	11.1	9.4	15.3	13.7	19.9	22.9	22.1	18.29
2010	24.4