1941	22.50	21.50	18.80	16.10	12.60	10.90	11.60	12.10	11.20	17.00	18.80	21.80	16.20
1942	23.80	22.70	19.70	16.40	11.30	8.10	7.50	11.80	13.40	16.70	21.60	23.90	16.23
1943	25.70	26.10	20.60	15.90	14.50	11.20	12.40	8.30	13.80	18.50	18.10	23.00	17.42
1944	22.30	23.80	20.10	16.10	13.30	11.70	11.70	13.80	18.00	18.00	19.30	24.80	17.59
1945	25.40	23.10	21.40	19.00	14.20	10.10	9.40	14.20	15.30	18.60	19.40	23.30	17.91
1946	23.50	25.40	19.70	17.20	13.30	9.10	8.90	11.80	14.40	15.90	20.70	20.70	16.93
1947	22.50	23.60	19.90	16.10	13.40	13.10	8.30	9.20	12.90	17.50	21.50	20.70	16.56
1948	22.80	21.90	18.50	15.90	13.10	12.20	9.80	10.00	14.90	16.50	20.10	24.40	16.37
1949	23.50	22.30	20.40	17.30	13.70	10.40	9.50	13.10	12.90	15.00	21.60	24.00	17.01
1950	25.30	23.80	21.00	17.90	15.70	11.00	9.60	11.30	12.00	15.50	18.40	21.90	17.13
1951	23.40	20.90	19.40	14.50	15.80	13.20	12.70	13.20	13.50	16.80	20.30	22.60	17.13
1952	25.00	24.40	23.40	16.30	15.10	7.50	11.30	11.70	13.00	16.30	18.90	23.10	17.13
1953	23.90	26.10	21.40	15.80	14.20	10.50	7.10	14.10	16.00	15.70	20.00	22.20	17.33
1954	23.20	23.70	21.40	16.10	11.70	10.70	8.40	11.60	12.40	16.40	20.10	22.00	16.49
1955	25.10	22.10	19.10	15.80	12.00	9.80	7.40	11.00	12.90	15.00	22.20	23.20	16.20
1956	21.90	20.50	20.70	14.20	9.60	10.40	9.70	10.90	12.80	17.10	99	99	15.88
1957	26.60	21.20	22.60	15.20	17.20	9.40	7.60	11.00	12.70	17.10	19.00	22.00	16.90
1958	23.50	21.50	20.10	16.30	12.90	11.90	15.20	9.20	14.70	18.20	19.90	20.70	17.12
1959	22.60	23.20	19.70	14.40	11.90	11.00	11.00	10.00	13.40	17.20	19.30	22.20	16.20
1960	25.10	24.80	21.70	16.50	11.90	10.90	10.40	11.00	14.40	18.10	19.80	23.00	17.23
1961	23.20	22.80	20.20	15.90	15.40	9.90	9.90	13.70	13.30	18.20	20.80	22.30	17.19
1962	23.00	22.80	22.40	15.80	11.60	9.30	6.80	11.10	14.00	16.20	21.30	24.60	16.38
1963	24.20	24.30	20.40	19.00	13.90	11.10	12.90	11.60	13.60	16.20	18.00	22.10	17.48
1964	23.90	23.20	19.80	17.00	15.20	8.10	8.40	10.10	14.00	15.80	18.40	21.90	16.33
1965	25.10	25.00	19.00	16.20	12.40	14.80	9.40	11.40	12.50	17.60	20.10	21.20	17.12
1966	24.00	21.40	20.10	18.00	14.30	12.00	11.60	9.60	12.00	17.00	21.30	21.60	16.88
1967	23.40	22.70	20.20	17.10	16.80	6.50	9.40	10.80	14.10	18.00	20.80	24.80	16.78
1968	23.40	23.40	20.30	14.20	11.20	10.70	12.90	12.40	13.80	16.90	22.70	22.60	17.23
1969	24.40	23.10	21.00	17.70	15.10	10.60	11.80	9.20	15.10	16.90	20.40	24.70	17.33
1970	23.60	24.10	21.40	20.60	13.50	9.70	10.20	11.10	15.90	16.10	18.80	21.90	17.48
1971	23.20	21.10	20.50	17.20	11.70	7.00	12.00	11.90	15.40	17.50	21.50	23.40	16.74
1972	24.90	23.60	19.30	16.70	15.90	12.60	9.20	10.80	14.60	16.20	19.10	23.60	17.19
1973	24.10	22.40	22.40	17.00	12.50	12.40	8.80	10.60	12.80	17.20	18.40	22.30	16.85
1974	24.30	22.30	21.40	17.40	15.30	9.50	12.60	10.40	12.30	17.00	20.20	21.80	17.08
1975	23.60	23.10	20.70	17.20	15.40	13.10	8.50	10.70	14.10	16.50	19.30	24.50	17.00
1976	24.50	23.10	18.70	15.60	13.40	9.60	9.80	11.40	13.50	17.00	19.90	22.70	16.75
1977	24.50	23.00	21.40	17.50	12.00	11.50	11.50	11.50	14.80	18.70	20.50	23.40	17.47
1978	23.10	21.90	21.00	16.50	13.20	9.40	12.40	10.00	14.40	17.80	20.50	23.20	16.97
1979	24.90	23.80	20.00	15.90	11.60	9.30	12.30	13.60	12.90	17.50	17.30	22.20	16.86
1980	24.10	22.80	23.90	19.50	15.80	11.00	8.90	11.40	13.40	17.10	19.30	23.40	17.45
1981	23.20	23.50	20.90	17.60	18.30	9.10	9.80	13.50	13.70	17.40	20.80	22.50	17.60
1982	23.50	21.90	21.40	18.60	14.80	11.60	11.00	12.50	16.10	17.10	19.30	24.20	17.53
1983	26.30	23.00	20.90	16.90	13.40	8.20	7.90	11.00	12.30	19.30	20.20	25.00	16.97
1984	25.40	23.50	21.30	15.90	13.40	8.50	9.60	9.70	14.20	18.70	20.30	20.80	17.13
1985	24.50	23.90	20.90	16.60	14.90	11.90	10.90	11.40	13.90	17.20	22.30	23.20	17.43
1986	24.70	23.80	19.10	17.90	14.10	13.00	11.40	12.20	14.80	17.80	20.10	23.60	17.68
1987	25.20	24.40	21.40	17.80	11.50	10.30	12.40	10.80	13.60	17.60	22.50	21.30	17.59
1988	23.20	22.70	22.60	15.30	10.20	8.60	7.80	11.80	13.60	17.60	22.10	24.70	16.40
1989	25.80	25.00	19.80	17.70	13.40	11.30	9.10	13.20	13.10	17.10	20.40	25.00	17.55
1990	25.30	22.60	19.90	17.40	12.80	8.70	9.60	14.60	99	18.90	21.70	99	17.66
1991	22.90	22.40	99	99	15.80	11.00	99	99	99	17.30	99	23.20	99
1992	24.70	99	99	16.20	13.80	13.40	99	11.90	14.00	17.40	18.40	22.80	17.39
1993	24.80	22.20	22.60	18.30	14.40	10.90	10.00	11.80	13.30	16.50	99	22.50	17.26
1994	24.00	22.70	20.80	17.00	16.80	13.30	10.20	12.30	99	99	99	25.60	17.75
1995	23.50	21.50	21.10	16.80	13.20	10.30	9.50	11.00	15.40	17.00	21.60	24.90	17.21
1996	23.50	22.80	22.10	18.30	14.30	9.00	7.10	14.20	13.90	18.90	22.20	24.00	17.60
1997	26.70	99	22.00	16.40	15.50	99	99	99	15.20	18.10	99	22.60	18.34
1998	23.00	21.90	19.90	17.20	14.60	14.60	12.30	99	13.60	19.40	20.50	99	17.85
1999	99	23.70	22.60	15.80	13.50	10.80	9.10	12.50	16.00	18.40	21.10	23.50	17.62
2000	25.80	23.70	20.50	18.20	13.60	11.80	7.90	11.70	14.60	17.90	19.50	23.50	17.39
2001	25.20	23.50	22.60	18.80	13.10	11.90	10.80	99	14.70	18.30	20.90	23.20	17.98
2002	24.50	99	22.60	16.40	16.00	9.30	99	99	14.80	19.80	21.70	22.50	18.15
2003	25.20	23.10	21.50	16.80	14.20	12.70	9.60	11.00	99	19.40	21.00	21.60	17.69
2004	25.40	22.40	22.70	18.50	11.80	99	11.10	99	16.00	17.80	20.50	23.50	17.52
2005	24.30	23.40	20.80	15.90	99	13.30	11.20	11.70	13.40	99	22.00	22.80	17.56
2006	25.80	23.40	20.00	18.30	12.20	12.30	13.40	11.20	14.90	20.20	21.1	24.80	17.97
2007	24.00	23.20	21.00	18.80	11.2	8.8	7.5	8.8	99	19.0	20.0	23.4	16.81
2008	24.6	23.8	21.7	16.8	14.0	9.1	13.8	12.2	14.8	18.6	24.1	24.1	18.07
2009	24.4	23.2	22.6	19.1	15.2	9.6	8.5	14.5	12.9	18.1	22.0	22.5	17.77
2010	25.4