1917	99	99	99	99	99	99	99	99	99	99	99	22.90	99
1918	21.60	20.50	19.70	18.00	12.80	11.00	11.90	13.70	16.00	18.60	21.30	22.10	17.33
1919	22.10	21.70	20.60	18.60	17.10	11.80	12.00	11.80	15.80	19.50	21.80	22.70	17.91
1920	22.70	21.30	21.00	18.40	15.70	10.30	9.20	13.10	16.70	18.10	21.30	21.40	17.54
1921	21.50	21.30	18.80	17.50	16.00	8.00	8.60	13.00	15.10	18.90	19.50	22.40	16.63
1922	21.20	21.20	18.80	16.40	13.80	8.30	13.40	12.40	17.10	17.70	20.90	21.50	16.97
1923	21.10	21.60	21.80	18.20	11.50	12.60	8.90	12.20	17.30	17.50	21.50	21.10	17.14
1924	20.90	21.60	20.20	16.40	13.70	11.50	10.90	10.50	14.80	17.90	20.80	23.10	16.69
1925	22.60	22.40	21.00	18.20	13.50	10.40	10.20	15.90	18.10	18.40	21.90	22.40	17.98
1926	22.60	22.00	22.00	17.30	12.70	13.30	11.40	13.80	16.40	20.30	22.70	22.20	18.08
1927	22.80	22.00	19.70	16.70	13.70	9.80	11.20	13.00	15.60	18.90	22.50	21.90	17.34
1928	21.80	20.50	20.10	19.20	13.30	9.60	10.50	12.90	14.70	19.00	21.70	21.30	17.10
1929	22.50	22.40	19.80	17.70	12.40	10.10	11.70	12.90	17.80	18.10	21.80	23.00	17.38
1930	99	99	99	18.60	14.20	16.40	11.10	11.40	15.80	17.50	20.00	22.70	17.63
1931	21.80	21.60	19.70	16.40	10.20	8.60	10.80	11.70	14.00	20.20	18.40	22.10	16.34
1932	21.60	20.90	20.60	17.40	11.80	10.70	14.00	11.20	15.30	19.40	21.40	21.00	17.20
1933	21.10	19.90	19.30	16.30	13.70	10.80	7.80	13.60	16.10	19.30	20.60	20.90	16.63
1934	21.20	18.90	20.10	14.40	14.10	13.10	10.40	12.30	15.10	18.00	19.90	21.60	16.53
1935	21.60	20.80	20.80	16.20	16.20	12.10	9.70	11.90	14.30	17.40	21.50	23.20	17.01
1936	22.50	19.70	20.20	17.70	14.70	11.70	11.20	10.90	16.70	20.90	19.50	22.70	17.41
1937	20.00	21.70	19.50	15.80	12.80	12.20	10.60	13.80	15.10	17.40	22.70	22.10	17.03
1938	20.50	19.50	18.60	14.60	14.30	11.80	11.70	11.10	16.30	19.10	21.10	21.20	16.73
1939	22.90	21.20	18.90	15.40	15.00	13.00	11.10	15.70	17.00	19.40	19.70	20.20	17.54
1940	21.20	20.10	18.70	18.00	16.20	12.70	13.20	12.20	15.30	16.20	19.80	22.90	16.98
1941	22.10	20.50	18.70	17.40	13.60	11.20	12.30	14.60	13.50	20.90	21.20	23.00	17.41
1942	23.20	21.90	19.40	17.00	12.70	7.80	8.40	13.70	17.20	18.80	21.60	21.50	17.06
1943	21.60	20.70	18.80	15.60	14.70	11.30	11.60	9.90	15.80	19.50	20.50	20.70	16.79
1944	20.90	20.10	18.80	16.20	14.40	12.70	13.10	15.60	19.40	20.20	19.80	22.50	17.66
1945	21.90	20.80	19.30	18.20	14.60	11.40	11.70	17.60	17.80	21.50	20.50	22.90	18.15
1946	21.90	22.50	19.50	18.00	14.30	10.50	10.30	14.90	18.40	19.10	22.70	21.30	17.92
1947	23.10	21.60	19.50	16.60	13.70	14.20	9.60	11.60	15.80	18.60	20.90	22.20	17.21
1948	23.40	21.70	19.40	16.90	14.30	12.80	12.20	13.20	19.20	19.60	21.20	23.30	18.01
1949	21.40	20.90	20.80	17.30	14.90	11.60	9.90	13.20	15.60	15.70	20.30	20.40	17.08
1950	19.40	19.70	18.20	17.20	15.00	10.90	11.10	14.10	14.90	18.20	19.90	22.10	16.58
1951	20.40	18.50	18.90	13.00	15.10	11.40	13.00	12.90	15.80	19.40	21.30	21.00	16.82
1952	22.40	19.60	20.70	16.10	15.20	6.60	11.10	13.50	15.10	19.10	19.00	20.60	16.62
1953	21.60	21.50	19.90	15.90	13.80	11.00	8.10	16.10	19.30	16.70	20.40	21.10	17.08
1954	21.60	20.30	18.90	16.80	11.60	9.60	8.30	12.70	14.40	17.50	22.10	20.70	16.24
1955	22.30	20.60	17.40	15.20	13.70	10.80	6.40	11.80	15.60	16.60	20.20	20.90	15.94
1956	19.60	18.70	18.80	15.00	10.20	8.50	10.40	10.60	14.60	16.60	17.30	19.50	15.10
1957	20.60	19.00	18.90	13.90	14.50	9.80	8.90	12.60	14.00	19.00	19.70	22.70	15.87
1958	21.00	22.00	18.30	16.40	12.70	12.90	13.60	9.90	15.80	18.60	20.60	20.70	17.04
1959	19.80	21.50	19.20	15.80	12.70	10.90	12.20	12.10	16.20	18.60	19.70	20.90	16.62
1960	21.40	20.50	18.40	16.00	11.40	11.70	9.80	12.70	16.10	18.50	20.20	22.30	16.47
1961	22.90	20.80	18.90	17.80	15.40	9.60	10.20	16.50	15.80	19.90	21.50	22.80	17.63
1962	20.40	19.90	19.80	15.80	12.50	9.30	6.50	12.40	16.70	17.50	22.00	21.50	16.30
1963	22.00	20.20	19.00	17.70	14.70	11.20	12.00	13.10	15.70	18.70	19.40	21.80	17.10
1964	20.80	21.10	18.70	17.00	15.40	9.30	8.70	11.90	15.90	17.10	19.20	20.50	16.41
1965	21.30	21.50	18.00	16.50	13.50	14.20	11.00	13.70	14.00	20.30	20.50	20.70	17.08
1966	22.20	19.40	19.20	16.70	13.60	12.60	9.80	10.00	14.30	19.20	21.90	21.00	16.63
1967	20.90	20.90	18.60	18.20	17.30	7.50	10.00	13.00	16.30	20.90	19.30	22.20	16.99
1968	21.10	21.00	18.30	14.60	11.30	11.10	12.50	14.70	14.80	18.50	21.50	21.40	16.80
1969	21.30	20.70	19.20	17.00	15.20	10.60	10.80	11.20	17.60	17.80	21.90	21.60	17.06
1970	20.90	20.70	19.10	18.30	13.90	10.30	9.60	12.00	17.30	18.80	20.10	22.80	16.88
1971	21.50	20.30	18.90	14.90	11.50	8.40	11.50	12.40	18.30	17.30	20.00	21.30	16.48
1972	21.90	20.50	18.60	15.20	15.10	12.90	10.60	12.20	16.70	18.60	21.30	21.70	17.08
1973	22.50	21.10	20.30	17.50	13.20	11.40	8.60	11.10	14.10	19.30	19.90	21.10	16.73
1974	22.40	19.70	19.00	16.10	13.60	10.70	11.40	12.10	13.70	18.10	20.90	21.30	16.57
1975	21.60	20.80	19.30	16.10	13.20	12.70	9.30	11.50	15.90	19.20	20.10	22.60	16.75
1976	21.20	20.10	17.30	15.00	13.10	9.80	9.60	11.40	14.20	18.80	21.20	22.20	16.19
1977	22.20	20.10	19.70	16.00	12.90	11.30	11.00	11.90	17.30	18.80	20.60	22.30	17.00
1978	20.90	20.30	20.10	16.00	13.50	10.30	12.60	10.90	15.80	20.20	20.90	21.40	16.98
1979	21.70	20.00	18.20	14.60	13.30	9.50	11.80	15.80	13.80	20.30	19.30	20.90	16.64
1980	21.70	20.70	20.70	17.30	14.60	10.10	10.30	13.20	14.50	18.40	19.70	21.80	16.84
1981	21.20	20.90	19.90	17.20	15.80	9.70	9.90	14.10	13.30	18.00	20.30	21.40	16.84
1982	20.60	19.60	18.30	17.00	13.80	10.40	11.50	14.10	17.90	19.00	20.90	21.00	17.04
1983	22.70	20.30	19.90	17.00	13.80	7.80	9.20	11.50	13.30	19.40	19.80	22.30	16.31
1984	21.60	21.40	19.40	15.50	13.60	7.80	12.40	10.20	16.10	20.00	19.50	19.80	16.65
1985	20.70	20.40	20.00	16.80	14.50	11.70	9.10	11.80	15.20	19.40	20.40	21.20	16.65
1986	21.60	20.20	18.70	17.90	14.10	12.40	11.80	13.90	15.60	18.70	21.10	22.20	17.27
1987	21.70	20.40	19.50	16.50	10.20	10.20	13.90	12.10	14.40	19.80	21.40	20.00	16.86
1988	21.80	19.70	20.70	16.40	10.80	8.60	8.50	12.80	14.50	18.10	21.50	21.90	16.12
1989	21.40	21.40	18.90	16.30	12.20	12.50	10.20	13.40	13.90	18.40	21.10	22.20	16.80
1990	21.30	20.10	19.40	17.10	12.90	10.00	99	14.30	13.50	19.80	21.10	20.80	16.88
1991	20.40	20.20	20.20	17.70	15.80	11.80	11.50	99	16.30	99	99	99	17.40
1992	99	99	99	19.10	99	99	8.20	99	99	99	19.40	99	99
1993	21.90	19.20	20.20	16.60	13.30	11.80	99	13.30	14.20	18.70	99	21.60	16.78
1994	21.60	19.90	19.00	16.50	16.30	12.30	10.80	13.60	18.20	19.70	20.20	23.00	17.48
1995	21.40	19.40	19.00	15.60	99	11.90	99	12.00	15.20	18.80	21.00	22.50	16.74
1996	21.50	20.80	99	16.80	14.60	8.90	8.60	13.90	14.50	19.00	20.20	21.50	16.77
1997	22.10	19.60	19.00	17.00	13.70	99	12.50	14.00	17.80	20.00	21.40	23.60	17.59
1998	22.40	20.00	18.80	16.10	13.00	13.00	12.20	16.50	14.40	19.20	19.40	20.90	17.38
1999	19.70	21.10	19.60	14.60	13.20	10.40	8.70	12.10	17.80	17.70	18.30	21.10	16.18
2000	21.70	20.10	18.40	17.50	12.50	10.90	7.80	13.20	14.80	19.60	19.10	21.40	16.39
2001	99	99	20.40	16.30	11.80	10.60	11.00	14.70	15.10	19.10	19.80	20.60	16.87
2002	21.10	20.10	21.00	16.40	15.00	9.00	9.90	14.10	16.60	21.00	21.00	20.80	17.15
2003	21.80	20.60	19.90	17.00	14.40	13.70	9.80	11.30	15.90	20.40	21.80	21.10	17.28
2004	22.20	20.00	19.60	17.80	9.70	10.60	11.20	99	16.90	19.90	20.30	21.50	16.86
2005	22.50	20.70	19.40	15.60	13.80	12.70	10.20	13.90	12.40	18.50	21.40	21.00	16.88
2006	21.60	21.00	20.20	17.10	12.20	12.30	13.00	12.90	15.60	20.70	20.7	22.50	17.36
2007	21.20	21.00	19.70	17.40	10.9	10.4	8.7	99	99	20.5	19.8	21.4	16.66
2008	20.7	20.0	18.9	15.7	12.1	8.4	13.0	12.6	14.3	18.6	21.6	21.1	16.44
2009	20.9	20.6	19.6	18.4	14.1	9.9	8.4	12.9	13.9	19.6	24.3	21.2	16.98
2010	22.0