1948	10.35	7.39	12.13	14.54	19.32	21.05	23.51	25.77	21.58	18.11	12.7	8.56	16.25
1949	9.47	8.29	7.84	15.76	19.23	21.25	25.16	24.17	22.38	17.93	13.33	10.08	16.24
1950	6.62	9.82	12.29	14.7	20.83	25.6	28.78	27.14	22.48	17.26	12.52	10.16	17.35
1951	9.47	10.18	10.62	14.18	18.97	23.7	25.46	25.84	23.04	15.35	13.49	10.35	16.72
1952	7.4	7.12	9.59	16.91	18.31	24.59	28.0	27.55	21.88	16.05	10.98	9.44	16.49
1953	6.55	7.02	9.87	15.21	18.78	22.33	26.38	24.83	22.25	18.41	11.96	10.25	16.15
1954	4.55	6.04	12.04	13.26	17.45	24.06	24.6	24.8	23.08	16.26	11.65	10.0	15.65
1955	10.58	9.51	9.95	12.76	18.83	22.71	25.2	23.84	20.82	16.7	11.3	10.93	16.09
1956	8.23	1.94	7.87	13.02	18.61	20.81	25.46	27.31	22.75	16.39	10.9	8.22	15.13
1957	7.91	10.6	11.61	14.78	17.4	24.63	25.81	24.83	20.97	17.85	12.85	9.04	16.52
1958	8.69	10.49	7.63	12.3	21.15	22.04	25.94	26.57	21.47	16.93	13.95	10.96	16.51
1959	6.95	8.73	12.6	13.66	18.05	21.53	25.91	23.81	19.26	15.07	12.44	10.77	15.73
1960	7.45	8.98	11.09	14.08	18.13	22.74	23.29	25.13	20.41	17.47	13.4	10.83	16.08
1961	7.96	9.78	12.69	16.67	17.6	22.99	24.59	25.63	23.21	18.07	13.4	8.75	16.78
1962	9.04	7.01	7.7	14.56	18.87	22.19	25.79	28.22	22.22	18.2	12.38	7.52	16.14
1963	4.29	6.45	9.54	15.05	19.26	23.57	26.49	25.29	22.27	16.91	15.58	9.15	16.15
1964	6.8	8.49	10.95	14.39	18.7	24.48	25.1	24.1	20.99	16.55	13.07	10.03	16.14
1965	8.81	4.1	10.89	12.6	17.54	22.22	25.69	23.83	20.55	16.93	12.79	10.02	15.5
1966	5.45	11.38	9.71	15.75	18.37	23.03	24.41	25.44	22.46	18.79	11.4	8.77	16.25
1967	5.78	7.63	11.03	12.94	19.0	21.17	26.48	26.15	21.69	18.7	13.89	8.13	16.05
1968	5.29	9.61	10.51	16.2	20.37	22.67	25.26	22.51	20.51	16.93	12.9	7.83	15.88
1969	7.72	7.74	9.77	13.49	20.37	21.29	24.35	24.06	21.73	18.16	14.13	6.0	15.73
1970	8.86	7.05	9.08	12.97	16.67	23.1	25.05	25.05	22.4	15.66	13.11	9.13	15.68
1971	9.3	8.07	7.14	14.54	20.35	22.14	25.56	27.05	18.71	15.33	11.91	9.53	15.8
1972	8.76	10.02	13.06	14.41	18.26	23.86	25.41	23.84	18.59	13.86	11.86	8.95	15.91
1973	8.28	7.8	9.17	11.89	20.02	22.77	25.69	25.46	22.55	17.16	11.34	8.25	15.86
1974	9.41	10.28	11.76	13.13	17.61	21.46	25.17	26.53	21.81	12.84	11.65	9.15	15.9
1975	8.52	7.82	11.28	14.03	19.15	21.72	25.26	24.12	22.99	16.64	11.17	9.57	16.02
1976	6.95	9.38	8.95	13.4	18.76	22.5	24.62	21.22	18.93	17.54	12.15	8.36	15.23
1977	9.19	10.11	13.12	13.35	19.2	22.26	25.13	24.25	19.74	16.93	12.11	8.45	16.15
1978	7.77	8.06	10.5	12.94	16.08	21.74	24.24	23.65	19.02	16.26	11.44	9.91	15.14
1979	5.98	9.24	11.63	12.49	19.52	24.53	24.23	23.49	20.73	16.88	12.34	10.87	15.99
1980	6.17	8.95	10.17	11.31	15.85	20.88	24.55	25.49	21.77	16.73	11.94	7.13	15.08
1981	5.17	7.06	12.15	14.71	18.23	22.96	24.49	24.82	21.08	17.76	10.1	8.44	15.58
1982	7.69	6.76	9.69	13.61	19.74	24.8	25.72	25.13	24.01	17.4	13.54	10.35	16.54
1983	8.96	5.86	11.18	14.81	19.9	22.12	27.33	24.87	21.95	16.56	11.17	8.68	16.12
1984	8.16	7.16	9.26	13.33	16.73	21.39	24.86	24.04	20.67	17.62	13.69	9.59	15.54
1985	5.3	5.75	10.14	14.14	19.57	22.32	26.79	25.64	22.9	17.28	11.54	11.05	16.03
1986	7.89	6.29	10.94	14.7	21.27	22.5	24.12	26.61	21.78	17.62	12.92	8.07	16.23
1987	6.69	8.74	5.96	13.68	16.2	22.05	27.05	25.01	24.35	17.79	13.28	9.61	15.87
1988	10.4	8.53	9.47	14.13	19.19	21.77	28.35	26.21	20.86	17.28	8.88	8.53	16.13
1989	8.87	10.28	13.27	14.69	18.06	21.18	25.46	24.7	20.58	15.01	10.98	9.27	16.03
1990	8.58	11.2	12.92	13.65	19.15	22.35	25.81	25.74	20.1	17.98	12.93	7.3	16.48
1991	7.98	6.66	12.67	12.9	15.45	22.85	25.57	25.52	22.04	15.77	12.19	6.29	15.49
1992	8.21	7.98	10.76	14.0	20.15	21.67	25.34	28.21	22.16	17.65	13.72	8.75	16.55
1993	7.74	7.14	9.19	14.52	20.82	23.85	25.01	26.98	20.86	18.5	10.75	10.48	16.32
1994	9.14	8.56	12.97	14.36	19.71	23.4	28.3	27.93	23.13	17.21	13.93	9.56	17.35
1995	6.82	10.74	9.45	12.84	18.04	22.1	27.45	24.21	19.22	18.17	10.27	10.11	15.79
1996	8.83	6.6	8.86	14.56	19.04	24.05	25.14	24.88	17.82	16.16	13.14	8.83	15.66
1997	9.95	9.27	11.89	10.6	19.31	23.97	25.3	25.04	22.34	15.33	12.93	9.46	16.28
1998	8.95	11.11	9.37	14.35	19.23	24.49	27.37	27.38	20.5	17.39	10.33	7.28	16.48
1999	8.29	6.57	11.13	14.59	20.04	24.17	25.9	26.51	22.9	17.71	12.02	9.19	16.58
2000	6.05	8.61	10.4	16.23	21.75	25.16	25.68	27.79	21.53	18.5	15.16	10.97	17.32
2001	9.73	9.33	13.73	13.7	20.63	22.66	26.69	27.7	19.04	19.08	11.37	5.75	16.62
2002	99	99	99	99	99	99	26.75	99	99	17.42	14.63	10.16	99
2003	8.59	4.95	10.91	14.0	22.69	28.03	27.87	29.24	21.06	15.89	14.28	9.94	17.29
2004	6.42	8.52	10.31	14.72	17.39	23.18	26.89	25.64	22.08	19.19	12.73	10.86	16.49
2005	7.25	5.98	10.2	14.36	20.48	23.97	26.63	24.47	22.43	16.85	12.04	8.32	16.08
2006	6.74	8.03	9.02	15.93	19.93	24.42	27.92	24.59	22.52	19.14	12.72	10.74	16.81
2007	10.68	99.0	12.87	17.6	21.25	25.92	27.66	26.61	20.49	17.18	11.14	8.26	18.15
2008	10.07	9.64	12.12	15.2	20.98	24.83	27.14	27.59	21.57	18.39	13.43	10.5	17.62