1953	99	99	99	99	99	99	99	99	99	6.32	1.83	-0.56	99
1954	-9.15	-7.11	-1.06	0.55	4.98	11.7	10.4	11.78	10.79	4.61	-0.2	-1.05	3.02
1955	-1.34	-3.11	-3.34	-0.33	5.38	9.53	12.06	10.34	8.26	3.28	-0.85	-0.08	3.32
1956	-3.62	-13.54	-4.05	0.13	6.77	8.32	12.91	13.72	11.14	5.0	-2.84	-2.33	2.63
1957	-3.99	-1.12	0.48	1.53	3.41	11.82	12.93	11.42	8.47	5.4	0.57	-3.26	3.97
1958	-4.04	-1.34	-5.65	-1.02	9.49	8.92	13.18	13.39	9.38	5.28	1.72	-1.64	3.97
1959	-5.07	-2.44	0.78	1.8	6.17	9.52	13.28	11.17	7.4	3.12	0.22	-1.2	3.73
1960	-4.29	-3.67	-1.85	0.74	6.08	10.19	10.72	12.34	7.16	5.48	1.85	-1.62	3.59
1961	-5.01	-1.26	0.26	4.95	5.01	10.31	10.77	12.46	11.75	5.81	0.96	-4.35	4.31
1962	-3.33	-6.12	-6.04	2.43	6.17	8.0	11.57	14.7	8.76	4.31	-0.81	-6.25	2.78
1963	-10.6	-7.39	-3.26	2.35	5.94	10.84	12.85	12.58	10.21	4.25	3.86	-3.84	3.15
1964	-4.2	-3.38	-1.88	2.4	6.87	11.62	12.24	11.34	8.39	3.24	1.12	-1.39	3.86
1965	-3.85	-9.75	-2.38	-0.17	4.62	10.17	12.72	10.72	8.01	5.3	0.46	-1.96	2.82
1966	-7.05	0.65	-3.85	3.37	6.15	10.88	10.86	11.27	10.21	6.83	-1.41	-3.67	3.69
1967	-4.87	-4.1	-0.38	0.56	6.95	9.04	13.73	12.83	10.53	8.5	2.25	-5.32	4.14
1968	-7.44	-2.49	-1.54	4.24	7.16	9.72	11.56	9.93	8.38	5.97	1.21	-5.47	3.44
1969	-4.02	-5.21	-3.45	0.85	9.05	8.48	11.81	11.04	9.6	6.5	1.54	-7.5	3.22
1970	-2.27	-5.66	-3.75	0.87	3.65	11.04	11.62	12.66	9.59	4.26	2.8	-2.61	3.52
1971	-3.8	-4.84	-6.03	2.86	7.67	8.93	12.22	14.7	6.43	4.2	-0.03	0.39	3.56
1972	-3.62	-1.72	0.66	1.39	5.86	10.62	11.99	11.18	5.34	1.35	1.96	-1.88	3.59
1973	-3.65	-4.83	-3.49	-0.89	7.49	10.35	11.85	12.51	10.35	4.45	0.0	-3.02	3.43
1974	-0.78	-2.73	0.06	0.02	4.98	8.3	11.99	13.87	9.2	-0.8	-0.25	-1.16	3.56
1975	-1.82	-4.96	-1.32	1.56	7.53	8.74	12.08	10.75	11.67	4.46	-0.93	-0.79	3.91
1976	-3.56	-3.08	-4.42	0.83	6.48	9.75	12.39	8.2	6.77	6.24	-0.33	-3.48	2.98
1977	-2.29	-1.72	1.82	0.96	6.35	8.93	11.55	11.57	6.27	6.37	0.59	-3.31	3.92
1978	-4.27	-4.79	-1.3	-0.3	3.77	8.99	10.8	10.44	8.12	4.46	1.37	-2.56	2.89
1979	-5.91	-4.56	-0.83	-0.49	6.56	11.51	10.77	10.37	8.7	4.16	-0.75	-0.84	3.22
1980	-6.45	-3.8	-2.75	-2.13	2.38	8.4	11.05	12.91	9.79	4.43	-0.5	-4.44	2.41
1981	-8.16	-6.04	1.21	2.49	6.43	10.29	11.11	11.71	8.86	5.76	-0.7	-3.51	3.29
1982	-2.91	-5.19	-3.47	-0.9	6.89	11.69	13.15	12.49	11.9	4.59	2.15	-2.71	3.97
1983	-0.28	-7.2	-0.48	2.7	7.45	9.15	15.43	11.97	9.69	4.89	-0.25	-3.29	4.15
1984	-4.24	-6.89	-5.04	-0.32	3.85	8.55	11.92	10.49	8.14	5.91	2.33	-2.04	2.72
1985	-8.28	-5.98	-2.5	1.23	7.64	8.5	13.85	13.08	11.48	5.16	-1.82	0.55	3.58
1986	-4.79	-8.95	-2.27	2.95	9.49	8.96	11.29	13.44	8.56	6.28	1.23	-2.35	3.65
1987	-7.24	-2.95	-7.71	1.79	4.67	9.55	13.86	12.43	12.91	6.25	0.15	-0.61	3.59
1988	-1.31	-4.32	-3.4	1.83	6.55	9.11	14.37	13.35	8.99	6.45	-3.14	-2.23	3.85
1989	-0.77	0.0	1.84	2.92	5.65	7.78	11.93	11.74	8.36	5.88	-0.54	-1.3	4.46
1990	-0.38	1.26	2.26	0.5	6.83	10.18	12.02	12.28	7.61	7.37	-0.09	-5.63	4.52
1991	-4.52	-5.91	1.46	-0.45	1.92	10.47	13.55	12.64	10.69	2.78	0.65	-4.72	3.21
1992	-2.58	-2.53	-0.89	1.53	7.36	9.28	12.87	16.41	10.04	5.28	2.97	-3.15	4.72
1993	-2.3	-4.3	-3.2	2.76	8.3	10.86	12.12	13.93	8.7	6.43	-2.35	-0.92	4.17
1994	-2.33	-4.92	2.58	1.28	7.22	10.8	14.31	14.94	10.6	4.44	3.28	-1.13	5.09
1995	-6.11	-0.42	-3.56	2.06	5.88	8.77	14.45	10.5	6.72	8.26	-1.07	-2.68	3.57
1996	-2.9	-6.73	-4.94	2.8	7.68	10.88	11.47	11.7	5.32	3.63	1.29	-3.2	3.08
1997	-0.36	-1.68	-0.23	-2.18	7.24	11.21	12.06	11.43	9.55	3.45	1.44	-2.7	4.1
1998	-2.54	0.12	-3.4	2.66	6.4	11.48	14.55	14.24	7.91	5.5	-2.99	-4.04	4.16
1999	-1.75	-5.99	-0.93	2.5	8.15	11.01	12.24	13.1	10.29	6.11	-0.68	-3.74	4.19
2000	-5.23	-2.84	-1.81	4.72	8.81	12.37	11.29	14.77	8.84	6.82	3.06	-0.2	5.05
2001	-2.78	-3.24	1.63	0.96	8.43	9.58	12.58	14.4	6.24	7.69	-1.5	-8.26	3.81
2002	-3.08	-0.37	1.45	2.2	9.13	12.89	13.43	99	99	5.25	99	99	99
2003	-4.64	-9.38	-1.41	0.5	9.8	14.59	14.29	16.37	7.6	2.08	1.75	-2.95	4.05
2004	-6.93	-3.27	-3.0	1.63	4.06	10.4	13.28	13.43	8.17	6.74	0.33	-1.29	3.63
2005	-6.1	-7.77	-2.52	1.08	8.25	11.18	13.59	10.04	8.99	5.93	0.29	-5.23	3.14
2006	-6.99	-5.07	-4.25	3.2	7.96	12.3	15.4	11.62	11.59	7.68	2.36	-0.08	4.64
2007	0.41	-0.74	-0.19	6.49	9.0	12.64	15.17	13.62	7.42	4.22	-1.89	-3.72	5.2
2008	0.17	-1.4	-1.34	2.78	8.51	12.13	14.31	15.12	7.61	7.3	1.58	-2.48	5.36