1895	99.0	99.0	99.0	99.0	99.0	99.0	99.0	99.0	99.0	10.61	1.57	-1.85	99.0
1896	-6.04	99.0	-0.33	-0.27	8.31	13.06	14.8	17.19	99.0	12.65	1.56	-0.18	99.0
1897	-2.43	-4.64	-0.15	5.85	10.52	14.75	99.0	16.63	13.4	6.77	-3.31	-4.26	4.83
1898	-5.36	-1.49	-1.36	4.39	9.68	11.71	15.68	15.08	10.62	8.72	4.36	-0.6	5.95
1899	-1.43	-3.88	-0.4	5.66	11.6	11.84	16.32	14.33	12.96	5.09	0.33	-3.58	5.74
1900	-0.17	1.66	-3.07	2.7	10.0	12.74	16.63	16.88	9.36	8.99	3.23	0.13	6.59
1901	-4.22	-1.02	3.66	5.37	9.31	16.07	16.59	15.61	10.61	7.12	-0.48	1.42	6.67
1902	-3.23	-0.56	-0.4	3.52	8.51	13.88	13.78	16.22	10.37	6.35	-2.25	-2.75	5.29
1903	-3.75	-4.34	0.78	6.32	9.57	13.05	15.04	14.97	11.14	8.11	1.5	1.0	6.12
1904	-5.28	-0.39	-2.79	2.66	7.98	12.54	15.95	15.4	11.28	8.97	0.55	-2.72	5.34
1905	-5.66	-4.31	0.13	2.58	9.37	13.54	16.21	17.28	12.6	8.64	5.0	-3.15	6.02
1906	-2.8	-1.61	0.53	4.33	10.58	14.07	14.95	13.19	8.95	5.26	1.45	-0.44	5.71
1907	-6.53	-5.37	-4.62	1.35	12.67	13.46	15.51	15.03	9.58	9.43	0.89	-1.75	4.97
1908	-5.48	-3.16	-1.1	2.88	10.23	13.84	14.92	15.45	10.56	6.4	-1.4	-3.83	4.94
1909	-5.39	-4.97	1.08	2.65	10.87	12.19	17.08	16.33	15.27	9.72	3.19	0.93	6.58
1910	-3.41	-0.15	-1.25	4.41	8.85	13.15	15.29	14.13	11.24	5.49	3.25	0.92	5.99
1911	-6.57	-9.76	-3.48	3.44	11.1	12.18	15.51	15.41	11.01	6.67	5.33	-0.94	4.99
1912	-4.66	-2.3	1.43	1.19	6.51	13.22	13.33	13.07	11.54	4.35	2.59	-1.26	4.92
1913	-5.54	-6.4	0.69	5.26	7.59	11.25	13.65	16.17	12.08	6.06	1.93	-0.97	5.15
1914	-3.61	0.67	1.46	3.27	9.04	12.51	15.78	13.87	8.79	5.19	-1.15	0.44	5.52
1915	1.98	-1.84	-1.68	3.09	7.38	12.34	15.88	12.9	8.9	8.47	0.8	1.38	5.8
1916	-4.77	-2.89	3.25	4.64	8.65	13.75	15.14	13.77	9.21	7.18	5.78	0.58	6.19
1917	-1.13	-6.97	0.15	5.87	7.13	12.36	14.31	16.0	10.75	8.38	4.76	-2.93	5.72
1918	-1.88	-4.7	-1.26	4.92	7.34	12.27	14.53	14.96	14.91	12.39	2.79	0.75	6.42
1919	2.29	-1.82	0.68	6.58	5.55	10.91	14.06	13.21	13.42	11.16	3.3	-0.41	6.58
1920	-4.02	-6.63	0.53	7.64	10.84	13.62	16.49	17.38	9.93	1.86	-3.64	-1.81	5.18
1921	-2.82	-6.54	-1.02	3.49	13.33	12.35	15.96	17.0	8.14	4.02	1.92	99.0	5.98
1922	99.0	99.0	99.0	99.0	99.0	99.0	17.01	14.52	10.89	7.53	3.31	-2.0	99.0
1923	-2.35	-2.67	-0.48	2.73	12.32	13.63	15.87	13.48	14.08	9.24	7.26	1.12	7.02
1924	-5.37	-4.14	-0.74	3.29	11.98	17.0	15.07	15.89	14.61	6.31	0.64	-1.99	6.05
1925	-5.69	0.46	1.16	3.57	10.24	11.03	15.13	15.06	12.69	7.07	5.09	-1.35	6.2
1926	-3.44	-3.0	-2.45	5.13	9.58	14.0	15.76	12.98	8.8	7.52	8.37	-0.35	6.08
1927	-3.3	-7.82	2.08	5.61	9.89	15.03	15.83	16.68	14.41	9.02	2.82	-4.33	6.33
1928	-2.77	-7.38	-4.91	6.45	9.31	12.13	17.33	13.82	11.98	6.51	5.52	-1.43	5.55
1929	-4.29	-8.61	-7.35	1.35	12.19	13.06	15.29	19.35	8.63	10.5	4.91	-1.13	5.32
1930	-0.53	-4.5	2.2	5.52	9.75	11.54	15.39	16.47	12.04	7.88	3.09	-0.83	6.5
1931	-1.2	-0.56	-1.31	1.4	11.18	14.74	18.09	14.86	10.87	7.13	-1.12	-5.24	5.74
1932	-4.5	-9.26	-1.74	4.09	9.8	13.99	15.19	15.07	13.81	11.89	1.5	-1.03	5.74
1933	-4.9	-4.09	-1.75	0.99	8.42	10.52	14.44	14.1	8.92	8.18	3.85	-4.72	4.5
1934	-2.11	-5.58	3.62	6.56	12.64	12.87	15.76	15.35	11.81	8.05	4.03	-2.21	6.73
1935	-4.37	-3.36	-2.93	4.27	10.51	14.82	14.91	16.05	12.35	10.29	1.44	2.06	6.34
1936	0.18	-2.4	1.23	4.4	9.69	12.9	18.74	15.79	9.51	5.52	3.4	-2.11	6.4
1937	-5.5	-3.14	3.08	4.43	10.82	12.36	17.91	15.6	14.59	7.14	3.74	1.39	6.87
1938	-3.68	-5.98	-2.8	2.47	9.87	13.65	19.73	18.0	11.77	8.34	2.39	-0.3	6.12
1939	0.32	-4.01	-2.63	5.12	11.52	14.56	17.27	15.32	10.55	7.0	0.72	-1.27	6.21
1940	-5.49	-3.12	-3.95	4.4	7.07	13.67	15.82	15.07	10.5	6.52	5.73	-3.26	5.25
1941	-3.8	-0.66	-2.36	6.8	8.14	12.96	15.46	13.88	8.23	99.0	99.0	99.0	99.0
1942	99.0	99.0	99.0	99.0	99.0	99.0	99.0	99.0	99.0	99.0	99.0	99.0	99.0
1943	99.0	99.0	99.0	99.0	99.0	99.0	99.0	99.0	99.0	99.0	99.0	99.0	99.0
1944	99.0	99.0	99.0	99.0	99.0	99.0	99.0	99.0	99.0	99.0	99.0	99.0	99.0
1945	-3.19	-6.01	-3.88	0.49	9.07	11.87	15.01	15.11	10.99	3.92	2.18	-2.55	4.42
1946	-5.58	-3.68	-1.95	4.81	11.93	15.93	16.52	17.69	12.82	2.57	6.21	-0.7	6.38
1947	-7.25	-0.99	3.31	5.52	10.17	15.11	17.3	13.99	10.45	3.62	2.38	1.78	6.28
1948	0.94	-5.04	-5.82	4.36	11.3	14.34	14.62	16.56	10.09	6.39	0.03	-4.83	5.24
1949	-3.66	-7.62	-2.2	1.13	12.73	11.76	14.63	14.01	10.04	6.65	6.04	-0.36	5.26
1950	-10.32	-3.9	-1.64	9.48	12.07	12.78	15.25	13.89	13.24	5.15	2.64	3.89	6.04
1951	-2.67	-1.59	2.64	8.07	10.09	13.4	15.77	16.33	10.87	0.66	3.42	-2.49	6.21
1952	-2.14	-3.27	-3.41	4.89	7.65	11.56	15.08	16.18	13.38	9.27	3.73	2.52	6.29
1953	-1.66	-4.22	-4.8	3.64	8.71	14.16	16.42	16.24	9.89	6.57	-3.08	-4.28	4.8
1954	-7.83	-6.35	-0.16	1.3	10.71	14.85	16.15	16.86	13.23	8.51	6.26	0.63	6.18
1955	-0.47	0.09	-0.52	1.45	9.62	12.5	15.89	14.14	11.85	10.35	1.02	-2.25	6.14
1956	-2.21	-5.71	-5.63	4.11	6.73	12.05	13.35	16.13	8.62	5.72	-2.54	-2.77	3.99
1957	-4.95	-0.99	-3.13	7.12	9.73	14.69	16.9	16.9	12.82	7.74	2.11	-1.34	6.47
1958	-2.56	0.0	-2.67	2.39	12.44	12.31	14.86	15.72	8.81	5.19	2.58	0.17	5.77
1959	-1.6	-8.39	-1.97	3.82	9.08	12.34	18.02	15.18	6.79	2.62	1.82	1.39	4.93
1960	-0.99	-4.34	-1.66	4.05	9.49	13.7	15.69	13.07	8.99	9.81	5.09	3.73	6.39
1961	-3.66	-4.03	-2.15	6.94	8.68	14.08	14.94	15.47	9.5	6.56	3.67	-0.23	5.81
1962	-2.21	-3.23	1.09	4.89	10.79	13.37	15.37	16.65	11.76	7.56	7.71	-0.9	6.9
1963	-5.16	-0.4	-4.08	3.17	10.19	13.19	16.97	16.06	13.11	5.69	4.45	-3.08	5.84
1964	-6.78	-4.24	-0.9	4.12	6.85	14.89	15.0	12.55	10.92	8.59	0.81	0.96	5.23
1965	-2.1	-6.68	0.45	1.26	9.09	13.77	14.73	14.36	11.95	2.93	1.97	1.01	5.23
1966	-1.14	1.24	0.23	6.99	8.67	11.24	16.98	15.98	9.77	11.48	7.76	-0.16	7.42
1967	-4.85	-6.54	-1.81	4.41	11.11	11.67	15.55	15.17	11.16	9.28	2.78	-1.8	5.51
1968	-5.42	-2.73	-1.4	2.53	12.99	12.75	14.43	13.84	11.89	5.34	5.02	-1.58	5.64
1969	-3.89	-2.24	-1.76	2.51	10.49	14.0	13.23	16.24	10.55	5.03	4.64	0.06	5.74
1970	-1.1	-1.49	0.39	7.42	8.22	11.62	17.26	13.06	9.71	3.64	2.86	-2.57	5.75
1971	1.93	-3.69	-0.45	4.85	10.7	12.09	15.71	16.18	12.03	4.56	2.58	-3.12	6.11
1972	-7.1	-2.27	-0.38	7.98	10.49	15.45	17.1	16.47	10.76	6.13	1.67	-2.92	6.12
1973	-4.59	-1.02	-1.6	5.24	9.34	11.58	14.74	12.46	11.04	6.05	-1.64	-2.93	4.89
1974	-6.02	-1.14	0.81	1.29	8.43	12.66	13.95	14.7	11.86	11.33	2.01	-1.31	5.71
1975	-2.39	-5.45	1.45	8.17	10.77	16.32	16.62	16.25	12.46	6.55	1.28	-3.2	6.57
1976	-4.86	-6.49	-2.66	6.02	7.58	11.56	13.48	12.39	9.34	6.28	4.28	-0.97	4.66
1977	-3.52	1.55	0.02	5.58	9.52	11.96	14.75	14.66	9.19	3.75	3.44	-4.33	5.55
1978	-4.84	-0.42	1.77	2.93	7.57	11.61	14.05	13.15	10.54	7.17	1.82	-2.74	5.22
1979	-1.62	-3.24	1.86	3.81	12.93	14.81	13.32	16.19	11.76	4.34	3.59	-0.09	6.47
1980	-6.47	-3.19	-1.05	2.89	8.66	11.96	15.77	13.6	9.15	8.12	2.99	0.03	5.21
1981	-1.34	-2.88	-0.37	2.05	7.69	15.59	16.54	14.7	12.14	9.78	0.48	1.52	6.33
1982	-3.71	-4.54	-2.75	4.54	9.96	12.16	12.53	14.32	12.46	6.52	2.69	0.25	5.37
1983	-5.19	-4.16	-0.09	7.04	10.93	11.7	14.96	12.97	11.16	6.05	-0.38	-0.91	5.34
1984	-1.05	-2.34	-0.91	2.74	10.4	12.0	14.15	12.29	13.22	7.53	2.43	-3.25	5.6
1985	-2.55	-10.44	-1.9	5.76	11.73	10.92	12.6	16.53	8.37	4.25	2.74	-0.86	4.76
1986	-1.48	-3.85	1.36	7.17	8.07	13.36	14.64	17.09	11.43	5.17	-0.39	-2.64	5.83
1987	-4.28	-2.29	-4.78	1.82	8.44	12.32	16.66	12.62	10.44	5.51	3.07	-3.23	4.69
1988	-3.68	-2.26	-1.06	4.68	8.68	12.74	16.77	15.54	10.26	5.48	-2.8	-2.9	5.12
1989	-5.63	-3.16	2.62	9.26	8.57	12.45	14.11	16.85	10.34	5.89	0.84	-1.78	5.86
1990	-4.52	-2.2	1.7	4.99	8.59	12.63	15.87	13.98	9.94	7.0	4.48	-0.64	5.99
1991	-3.97	-5.19	-0.73	4.06	7.44	13.81	17.27	14.61	10.22	8.35	3.33	-3.74	5.45
1992	-5.87	-6.84	-1.07	2.69	7.91	12.87	13.78	17.3	8.83	6.22	0.24	-4.38	4.31
1993	-4.47	-6.01	-0.62	2.91	9.3	11.89	13.43	15.39	10.35	9.09	-2.0	-0.48	4.9
1994	-0.84	-3.56	-1.08	7.85	8.87	11.51	16.49	15.32	16.37	9.35	-0.5	-4.23	6.3
1995	-2.85	-1.24	0.81	3.62	9.88	15.1	15.97	14.7	10.81	6.39	-0.35	-2.99	5.82
1996	-2.29	-1.71	-2.72	3.93	12.75	12.79	17.66	14.81	8.71	5.94	6.11	0.36	6.36
1997	-3.45	-4.77	-4.11	1.29	11.6	13.42	14.31	14.02	7.08	4.98	3.91	-0.98	4.78
1998	-2.68	-3.5	-2.04	7.79	9.48	14.18	17.11	16.45	11.55	8.75	2.09	-2.35	6.4
1999	0.11	-2.84	0.87	6.0	7.31	15.05	18.29	16.12	11.96	7.04	0.77	1.0	6.81
2000	-6.54	-3.71	-2.56	7.62	9.4	12.79	17.35	16.46	10.42	7.2	6.46	0.02	6.24
2001	-1.7	-2.05	2.78	4.97	7.58	11.87	19.49	17.54	11.86	6.48	0.92	-3.58	6.35
2002	-4.25	0.9	1.82	3.24	9.94	13.8	19.0	14.94	12.19	7.54	5.63	-4.92	6.65
2003	-1.8	-6.01	-4.2	1.76	13.62	12.89	14.71	15.66	10.31	6.15	4.75	-0.26	5.63
2004	-1.84	-3.78	0.2	4.85	8.24	12.05	14.97	15.13	12.33	7.84	3.3	-1.95	5.95
2005	99.0	99.0	99.0	99.0	99.0	99.0	99.0	99.0	99.0	99.0	99.0	99.0	99.0
2006	99.0	99.0	99.0	99.0	99.0	99.0	99.0	99.0	99.0	99.0	99.0	99.0	99.0
2007	99.0	99.0	99.0	99.0	99.0	99.0	99.0	99.0	99.0	99.0	99.0	99.0	99.0
2008	99.0	99.0	99.0	99.0	99.0	99.0	99.0	99.0	99.0	99.0	99.0	99.0	99.0
2009	99.0	99.0	99.0	99.0	99.0	99.0	99.0	99.0	99.0	99.0	99.0	99.0	99.0
2010	99.0	99.0	99.0	99.0	99.0	99.0	99.0	99.0	99.0