1881	-9.78	-6.12	-2.07	4.71	14.58	17.5	20.22	18.41	12.5	4.75	0.51	-4.8	5.87
1882	-1.34	-2.39	4.49	7.9	15.82	16.76	23.32	18.69	14.71	4.74	0.58	-5.47	8.15
1883	-10.08	-7.57	-3.65	4.92	15.14	19.95	21.68	18.76	16.2	8.29	3.17	-3.59	6.93
1884	-3.45	-1.48	-2.44	4.45	14.41	18.77	20.15	15.77	12.26	7.49	-1.32	0.71	7.11
1885	-6.2	-3.27	0.08	9.26	13.49	20.06	23.37	16.35	14.5	10.43	-0.35	-3.4	7.86
1886	-3.94	-8.55	-3.83	8.51	15.73	17.87	18.46	18.95	13.93	5.57	3.31	1.02	7.25
1887	-4.24	-6.13	-0.79	6.6	16.69	14.5	19.42	17.24	15.74	6.03	3.02	-1.25	7.24
1888	-8.4	-9.6	-2.04	8.82	14.4	17.15	18.35	17.53	14.18	8.73	-0.72	-7.17	5.94
1889	-9.3	-3.84	-4.72	7.67	17.92	18.49	21.32	18.27	10.83	10.31	3.35	-6.11	7.02
1890	-3.96	-6.65	1.75	10.92	17.15	16.7	21.15	23.14	14.17	6.64	0.8	-11.79	7.5
1891	-8.85	-6.24	1.23	6.0	16.86	18.07	21.9	18.89	14.63	8.92	-2.45	-1.65	7.28
1892	-7.53	-2.2	-1.18	8.5	16.44	21.26	18.82	20.4	16.91	7.79	-0.93	-5.52	7.73
1893	-14.55	-5.09	-0.06	3.25	12.97	17.04	19.23	17.98	12.84	9.46	1.45	-2.75	5.98
1894	-7.99	-2.49	1.51	8.09	14.01	14.99	20.17	18.56	10.36	6.96	0.71	-3.84	6.75
1895	-1.92	-7.43	-1.58	5.99	14.09	17.65	20.74	19.12	13.0	9.12	2.01	-8.07	6.89
1896	-10.56	-5.01	-0.71	4.56	13.81	19.25	19.92	19.97	15.01	12.24	-1.28	-3.36	6.99
1897	-6.87	-3.79	1.22	9.87	17.9	19.12	22.39	20.67	14.83	7.2	-1.29	-5.01	8.02
1898	-2.81	-4.82	-4.26	5.48	16.96	16.67	18.87	19.7	12.2	5.03	3.86	0.83	7.31
1899	-0.22	-3.25	-0.23	8.83	14.82	15.46	19.62	16.28	14.62	7.75	3.52	-8.16	7.42
1900	-5.04	-3.07	-2.68	6.04	14.73	16.93	20.39	20.52	13.22	8.92	-0.24	-0.24	7.46
1901	-6.09	-6.29	0.6	7.22	15.07	22.24	20.68	19.72	12.45	7.93	0.78	0.11	7.87
1902	-0.27	-3.09	0.38	5.51	12.87	18.64	17.47	17.52	12.33	5.19	-3.56	-8.08	6.24
1903	-4.46	-0.08	3.91	8.65	15.04	19.61	20.6	18.95	15.32	5.96	2.99	-4.53	8.5
1904	-6.67	-1.25	-2.28	6.93	12.39	16.58	17.79	17.62	11.65	7.96	0.72	-1.05	6.7
1905	-7.24	-3.34	-1.33	6.01	15.85	20.02	19.51	19.82	13.95	6.65	3.32	-2.36	7.57
1906	-3.61	-4.63	2.01	10.19	18.44	19.68	19.92	16.77	11.78	6.61	3.55	-2.76	8.16
1907	-7.58	-7.99	-2.38	5.13	17.28	17.81	18.41	17.46	14.64	10.96	-2.15	-5.85	6.31
1908	-4.56	-2.55	-1.6	5.68	14.72	17.8	19.65	17.71	13.38	5.49	-3.29	-7.05	6.28
1909	-8.77	-8.87	-1.51	5.24	12.82	18.4	19.93	20.16	18.58	10.96	1.61	-0.7	7.32
1910	-3.3	-0.93	1.47	8.57	16.68	20.56	19.64	17.32	13.7	5.83	2.12	-0.64	8.42
1911	-6.15	-10.71	-0.81	8.53	16.58	15.63	17.64	17.94	13.15	8.12	3.04	-4.04	6.58
1912	-8.65	-5.99	2.26	5.71	11.93	18.79	17.6	17.66	12.02	2.95	0.6	0.33	6.27
1913	-4.99	-3.99	4.31	10.7	12.71	16.03	18.31	19.23	14.3	7.39	4.24	0.29	8.21
1914	-4.91	0.82	3.95	8.49	16.18	18.61	20.57	17.12	11.66	5.69	-1.85	-1.35	7.92
1915	-2.54	-3.15	-2.86	8.2	14.35	18.65	20.6	16.84	12.4	6.26	0.99	-1.62	7.34
1916	-2.03	-2.4	0.97	8.9	12.66	17.43	19.19	16.85	12.36	7.77	1.81	-2.15	7.61
1917	-8.14	-10.95	-3.6	8.27	12.85	20.37	18.17	19.42	13.62	8.95	4.83	-3.85	6.66
1918	-2.42	-2.71	0.44	10.85	12.09	17.28	18.72	17.27	15.31	12.06	0.24	-2.75	8.03
1919	-4.53	-5.19	-0.44	9.73	10.85	16.59	19.4	16.53	17.06	6.84	-3.42	-3.62	6.65
1920	-4.5	-5.2	2.97	12.81	17.35	16.05	22.97	20.73	14.12	2.29	-2.45	-5.6	7.63
1921	-1.02	-6.42	4.9	10.86	17.06	18.48	20.21	20.13	12.04	7.95	-3.38	-5.8	7.92
1922	-8.55	-5.3	1.49	7.0	15.04	18.1	21.12	18.38	11.59	4.13	2.0	-1.62	6.95
1923	-2.51	-8.31	1.14	5.83	17.17	16.65	18.66	16.74	15.95	10.48	5.89	-3.4	7.86
1924	-11.73	-7.33	-3.42	5.55	18.16	21.88	18.84	18.84	17.07	8.21	0.61	-4.94	6.81
1925	-0.2	1.64	2.04	9.27	17.26	15.52	21.19	18.18	12.89	6.89	2.03	-4.15	8.55
1926	-5.71	-4.72	-1.85	8.87	15.5	18.09	20.73	15.83	12.79	7.66	6.16	-2.57	7.57
1927	-8.06	-6.25	1.8	7.57	13.21	20.29	21.04	20.63	16.75	9.0	1.63	-9.06	7.38
1928	-5.17	-7.78	-5.25	6.42	13.51	14.88	19.99	16.75	13.69	7.01	4.55	-2.46	6.35
1929	-8.71	-15.76	-4.51	2.34	17.21	15.99	19.58	22.91	12.47	11.93	3.41	-1.64	6.27
1930	-2.14	-3.82	2.42	9.35	15.03	17.64	18.4	19.09	13.27	9.08	4.08	-5.73	8.06
1931	-6.9	-9.84	-2.7	4.69	17.38	18.55	22.15	18.43	12.42	6.9	-0.16	-3.57	6.45
1932	-2.34	-10.23	-4.76	7.06	16.96	18.35	21.52	19.19	16.86	9.76	2.14	0.18	7.89
1933	-9.13	-5.11	-1.1	4.04	13.35	15.37	19.96	16.85	12.2	8.45	1.59	-9.33	5.6
1934	-6.33	-3.25	3.56	11.04	17.08	18.08	19.7	19.54	16.1	9.96	3.93	-6.69	8.56
1935	-9.73	-3.34	-1.06	8.08	13.0	19.88	17.5	18.75	14.64	12.47	-0.82	-1.09	7.36
1936	0.37	-5.42	2.77	7.33	16.36	19.12	25.58	18.24	12.2	4.91	1.72	-1.09	8.51
1937	-9.05	-4.29	1.98	7.83	17.39	19.56	19.91	19.17	17.53	7.52	2.55	-1.88	8.19
1938	-6.05	-3.47	3.34	6.67	13.97	18.73	22.69	21.96	15.66	10.23	4.92	-6.62	8.5
1939	-2.76	-0.99	-0.63	8.97	15.26	19.6	21.65	21.95	14.32	4.97	1.9	-3.05	8.43
1940	-11.26	-9.5	-3.6	5.47	14.31	19.09	19.54	18.19	13.67	5.06	4.65	-5.6	5.83
1941	-9.92	-3.28	-1.7	7.18	11.35	16.08	20.53	18.42	99.0	99.0	-2.99	-4.38	99.0
1942	-14.92	-8.8	-6.82	4.59	13.65	15.91	19.64	20.35	16.08	8.19	-0.86	-3.17	5.32
1943	-9.59	-3.28	0.62	9.47	12.55	18.03	17.97	20.24	99.0	99.0	99.0	-2.91	99.0
1944	-2.13	-2.13	0.12	5.04	13.46	17.57	20.01	19.29	15.56	9.29	3.16	-3.94	7.94
1945	-7.74	-6.07	-0.48	6.79	12.85	17.24	19.28	19.05	14.07	6.64	0.61	-4.73	6.46
1946	-5.46	-3.92	0.05	9.48	16.47	21.32	20.57	22.82	15.13	3.23	-0.56	-5.72	7.79
1947	-9.72	-8.25	0.18	9.26	15.29	19.98	21.58	17.87	14.65	4.18	1.23	-0.33	7.16
1948	-1.23	-5.42	-1.1	10.1	16.76	19.94	18.62	19.55	13.57	8.29	0.54	-5.18	7.87
1949	-1.82	-2.92	-0.34	7.41	17.53	16.61	19.24	18.23	14.62	7.03	4.39	0.14	8.34
1950	-12.4	-1.19	1.02	12.77	15.75	17.65	19.01	17.2	14.46	6.5	2.39	-0.6	7.71
1951	-5.01	-6.62	0.68	10.52	13.91	19.39	20.35	20.53	15.09	4.53	2.24	-0.33	7.94
1952	-1.45	-3.15	-6.52	9.13	12.68	17.49	19.49	20.76	14.33	8.02	1.13	-2.93	7.42
1953	-4.64	-7.44	0.43	7.77	13.71	20.95	22.07	19.22	13.44	7.82	-1.6	-3.62	7.34
1954	-12.4	-12.94	0.76	5.23	15.43	21.87	20.29	20.35	15.76	7.83	1.79	-1.66	6.86
1955	-3.48	-3.1	-0.85	4.93	13.37	17.0	21.0	19.8	16.38	9.83	-0.16	-2.98	7.64
1956	-4.18	-13.11	-2.87	6.89	13.4	20.98	18.24	18.08	11.96	7.95	-2.73	-3.22	5.95
1957	-4.02	0.63	-0.41	9.17	14.58	18.94	20.36	19.1	13.47	7.89	2.94	-3.25	8.28
1958	-3.7	-0.96	-0.72	5.67	17.57	16.83	19.75	18.32	12.02	7.99	1.03	-0.45	7.78
1959	-2.06	-2.61	1.71	7.9	13.31	19.11	23.36	19.7	10.73	5.4	-0.27	-5.02	7.6
1960	-4.68	-5.02	-2.27	7.27	14.44	19.47	21.29	17.89	11.76	9.15	3.69	2.92	7.99
1961	-4.47	-1.26	3.41	9.63	13.17	20.27	20.34	18.46	13.47	8.1	2.8	-3.78	8.34
1962	-1.25	-3.85	-1.65	10.3	14.8	16.73	17.38	18.65	13.16	8.7	4.23	-4.01	7.77
1963	-13.83	-5.53	-3.95	6.44	18.16	17.43	21.67	20.91	16.46	8.66	4.44	-6.98	6.99
1964	-6.54	-7.46	-4.15	8.38	13.04	22.28	20.19	16.39	14.08	9.08	2.1	0.03	7.28
1965	-4.84	-7.18	-0.17	5.15	12.66	17.65	18.54	17.08	14.62	6.38	-1.69	0.2	6.53
1966	-3.89	-1.84	3.26	11.49	16.35	16.92	20.71	19.53	12.69	11.47	1.23	-3.54	8.7
1967	-9.81	-6.29	1.63	9.64	17.46	18.17	20.35	18.48	15.65	11.23	4.36	-4.42	8.04
1968	-9.03	-4.37	1.01	10.42	15.09	20.14	18.02	19.37	14.07	6.98	0.94	-3.37	7.44
1969	-9.84	-7.02	-3.49	7.34	14.82	17.25	18.83	18.09	13.2	7.47	5.75	-6.53	6.32
1970	-5.52	-4.87	0.48	9.45	15.04	17.17	20.79	17.67	13.39	6.43	3.18	-1.98	7.6
1971	-2.98	-3.64	-1.68	7.4	16.05	18.07	18.42	19.05	12.1	7.26	2.14	0.92	7.76
1972	-10.86	-4.36	1.51	10.87	15.96	19.7	22.04	20.78	13.37	6.8	3.42	-0.5	8.23
1973	-6.86	-0.17	1.6	10.6	14.38	17.92	20.12	18.47	12.09	7.26	0.87	-2.61	7.81
1974	-5.68	-0.09	2.71	6.88	12.55	16.97	17.92	18.73	15.64	9.66	2.86	0.44	8.22
1975	0.45	-1.99	3.75	11.23	18.98	20.72	20.35	19.49	16.94	7.65	-0.3	-1.22	9.67
1976	-5.8	-8.67	-0.06	10.18	12.59	16.15	18.08	16.5	13.32	4.25	2.58	-0.85	6.52
1977	-6.42	-0.96	2.83	8.27	15.19	17.24	19.01	16.94	11.76	7.7	4.07	-4.34	7.61
1978	-5.8	-5.17	2.33	8.66	12.59	16.58	17.15	17.99	11.95	8.1	4.74	-6.12	6.92
1979	-5.35	-6.29	2.17	6.52	17.65	21.52	16.92	19.09	14.95	5.87	0.94	-0.16	7.82
1980	-7.24	-4.43	-3.57	6.96	11.31	17.11	18.79	17.32	13.69	8.83	1.26	-1.25	6.57
1981	99.0	-2.23	2.02	5.36	16.13	21.08	20.79	18.35	14.23	9.65	1.77	-1.47	9.61
1982	-3.13	-4.88	2.05	6.95	15.11	16.91	18.54	19.35	15.73	8.69	4.05	2.16	8.46
1983	-0.55	-2.62	3.21	10.86	17.96	18.22	19.22	18.91	16.2	8.32	1.16	-1.43	9.12
1984	-2.37	-5.87	0.39	9.82	16.68	15.72	17.61	18.75	15.41	10.07	0.54	-4.97	7.65
1985	-9.55	-12.49	-3.35	9.37	17.04	16.71	17.88	20.72	12.55	8.12	-1.43	-1.28	6.19
1986	-2.69	-9.25	0.2	10.68	16.71	19.27	19.05	19.92	12.52	7.34	1.71	-3.5	7.66
1987	-13.69	-3.94	-5.74	5.01	14.21	18.15	20.33	16.4	13.35	6.77	2.16	-2.97	5.84
1988	-4.78	-3.44	1.3	8.06	15.23	18.29	21.75	18.5	14.11	7.15	-2.18	-3.07	7.58
1989	0.48	2.48	5.19	10.11	15.21	19.37	19.4	19.63	14.5	9.12	0.19	-0.24	9.62
1990	-0.09	2.75	6.88	9.38	14.55	16.88	18.4	18.53	12.03	8.63	5.23	-2.29	9.24
1991	-1.59	-5.78	0.48	8.97	12.79	18.51	21.16	18.88	14.85	8.78	2.37	-2.79	8.05
1992	-1.82	-1.73	3.7	6.97	13.59	18.68	20.72	22.91	13.52	6.41	1.63	-3.61	8.41
1993	-1.21	-2.39	0.9	7.98	16.52	16.66	17.89	17.51	11.54	7.8	-5.98	-0.17	7.25
1994	0.14	-5.77	1.36	10.94	13.13	16.27	21.11	19.15	17.78	8.03	1.08	-3.39	8.32
1995	-3.85	2.15	3.53	8.78	14.0	20.1	20.54	19.76	13.77	9.03	-0.27	-5.41	8.51
1996	-9.76	-7.15	-2.99	9.23	18.64	18.81	19.29	19.15	11.19	8.63	6.73	-3.93	7.32
1997	-5.75	-1.11	2.14	6.07	16.12	18.27	19.37	19.23	11.83	6.25	3.16	-4.2	7.61
1998	-0.99	0.36	1.28	10.28	15.16	19.8	19.51	18.33	14.2	7.66	-3.28	-5.07	8.1
1999	-2.18	-1.54	3.23	11.65	12.83	22.59	22.74	19.32	15.77	8.23	-0.21	-0.22	9.35
2000	-4.07	-0.03	1.66	12.7	15.39	17.92	19.13	20.56	12.33	9.46	4.48	1.34	9.24
2001	-0.96	-2.5	2.68	11.19	14.16	16.7	24.6	21.04	13.75	9.27	2.29	-7.33	8.74
2002	-2.65	3.69	5.48	9.93	16.52	18.41	23.88	20.15	13.93	6.98	3.88	-8.37	9.32
2003	-3.82	-6.42	0.09	6.95	19.45	18.04	21.29	19.24	14.06	6.84	3.39	-0.61	8.21
2004	-4.33	-2.61	3.88	9.15	13.21	17.73	20.5	20.06	14.19	9.32	2.94	0.07	8.68
2005	-0.58	-5.05	-1.58	10.28	16.37	17.29	21.36	20.0	16.31	9.01	2.2	-1.04	8.71
2006	-7.38	-5.76	0.13	10.01	14.68	18.59	21.26	20.24	15.9	10.36	3.59	2.54	8.68
2007	2.31	-4.1	6.44	9.25	18.66	20.64	21.82	21.88	15.4	9.73	0.9	-0.6	10.19
2008	-2.88	0.92	5.2	11.08	14.34	18.86	20.94	21.88	13.68	10.99	3.86	-0.4	9.87
2009	-3.13	-1.37	2.66	11.19	15.41	20.68	21.95	19.35	17.57	9.41	4.94	-3.14	9.63
2010	-8.8	-2.86	1.9	10.66	17.64	22.01	24.95	25.15	15.22	6.74	8.39	-4.04	9.75
2011	-2.24	-5.72	1.95	10.47	16.85	21.23	22.17