1885	99.0	99.0	99.0	99.0	99.0	99.0	99.0	99.0	14.77	11.08	0.18	-3.9	99.0
1886	-2.89	-7.4	-3.15	8.08	15.73	18.12	17.9	18.57	14.37	6.19	3.52	2.31	7.61
1887	-3.98	-7.05	-0.22	6.51	16.74	15.01	19.52	18.05	16.23	6.75	3.71	-0.94	7.53
1888	-8.05	-9.04	0.03	8.62	14.15	17.1	18.96	17.98	14.16	9.44	-0.19	-6.94	6.35
1889	-9.95	-3.72	-3.45	7.56	16.62	18.68	21.91	19.4	11.07	10.67	3.81	-7.08	7.13
1890	-3.91	-7.82	1.82	10.36	15.77	16.2	21.36	22.85	13.79	6.65	1.9	-11.3	7.31
1891	-8.52	-7.96	0.76	5.74	16.66	18.18	21.4	19.14	14.73	7.67	-1.18	-2.28	7.03
1892	-8.5	-1.94	-1.11	9.15	16.91	21.62	19.73	21.21	18.03	8.5	-1.02	-5.22	8.11
1893	-13.48	-4.89	-0.16	3.34	13.25	16.81	19.11	18.28	11.66	9.2	2.06	-3.34	5.99
1894	-9.01	-2.62	1.71	7.68	13.54	15.08	20.9	19.46	11.56	8.15	0.34	-3.55	6.94
1895	0.04	-6.55	-0.83	6.81	13.38	17.03	20.78	19.63	13.38	9.95	1.76	-7.01	7.36
1896	-11.26	-5.29	-0.25	4.3	13.36	18.71	20.33	20.1	15.66	12.64	-1.08	-2.55	7.06
1897	-6.68	-3.84	2.12	9.89	16.57	18.62	21.89	20.39	15.45	6.99	-2.11	-5.35	7.83
1898	-3.52	-4.76	-3.69	5.92	15.91	16.37	19.12	19.54	12.91	5.97	3.36	0.83	7.33
1899	0.19	-2.64	-0.3	8.88	14.99	15.72	19.5	16.96	14.76	7.46	2.75	-7.99	7.52
1900	-4.43	-2.07	-2.8	6.71	15.37	17.21	21.11	21.3	13.06	9.04	-0.09	0.54	7.91
1901	-6.4	-6.18	1.29	7.51	14.95	21.32	20.6	19.72	12.77	7.67	0.58	0.98	7.9
1902	-0.29	-2.3	0.26	5.7	12.48	18.45	17.89	18.36	12.48	5.72	-3.81	-8.21	6.39
1903	-5.35	-0.29	3.45	8.52	14.86	18.98	20.8	19.47	15.25	7.41	3.35	-4.24	8.52
1904	-7.5	-1.33	-1.66	6.36	12.49	17.19	18.53	18.95	12.66	8.55	0.51	-0.63	7.01
1905	-7.72	-3.59	-1.16	6.34	15.08	19.14	21.11	21.64	15.39	7.42	4.0	-2.63	7.92
1906	-3.43	-4.48	2.75	8.99	16.95	18.74	19.43	17.28	12.88	5.87	3.85	-2.03	8.07
1907	-7.6	-8.82	-2.81	4.87	18.02	17.86	18.68	18.17	14.21	10.22	-2.45	-5.05	6.27
1908	-4.46	-2.42	0.01	6.21	15.3	18.25	19.3	18.17	12.85	5.29	-4.24	-6.83	6.45
1909	-10.46	-10.0	-1.24	5.52	13.63	17.9	20.01	20.61	18.51	10.84	1.87	-0.7	7.21
1910	-3.72	-0.69	1.09	8.33	15.34	18.94	19.51	17.46	13.71	5.85	2.84	-1.05	8.13
1911	-5.93	-11.41	-0.71	7.97	16.72	15.81	17.61	18.61	13.08	8.55	3.07	-4.08	6.61
1912	-8.4	-5.22	2.49	5.75	11.39	18.11	17.52	17.45	12.15	2.9	0.79	0.22	6.26
1913	-4.87	-4.65	3.94	9.95	12.97	16.05	17.97	18.69	14.52	7.15	3.36	-0.08	7.92
1914	-5.75	0.58	3.55	8.57	14.87	18.06	20.16	17.48	11.38	6.13	-2.25	-1.31	7.62
1915	-2.49	-2.82	-2.19	8.2	14.36	18.41	21.27	17.38	12.71	6.48	1.24	-0.31	7.69
1916	-2.01	99.0	1.91	8.97	12.42	17.02	19.26	17.41	12.44	8.52	2.01	-1.81	8.74
1917	99.0	99.0	99.0	99.0	99.0	99.0	99.0	99.0	99.0	99.0	99.0	99.0	99.0
1918	-2.85	-2.25	0.17	10.05	11.85	17.29	18.74	18.02	16.58	12.89	0.55	-1.47	8.3
1919	-3.72	-5.64	-0.39	9.29	9.82	15.93	18.65	16.85	16.63	7.2	-2.11	-2.69	6.65
1920	-3.95	-6.89	2.8	12.21	16.87	16.32	22.14	20.35	13.69	1.23	-3.84	-5.88	7.09
1921	-0.38	-6.9	3.72	9.15	16.14	17.05	20.1	20.2	11.59	7.69	-2.24	-5.52	7.55
1922	99.0	99.0	99.0	99.0	99.0	99.0	99.0	99.0	99.0	99.0	99.0	99.0	99.0
1923	-2.66	-7.53	1.13	5.73	17.21	16.62	19.13	16.82	16.21	11.08	99.0	-3.23	8.23
1924	99.0	-7.1	-3.17	5.92	17.59	21.82	18.72	18.49	17.3	7.68	99.0	99.0	99.0
1925	99.0	99.0	99.0	99.0	99.0	99.0	99.0	99.0	99.0	99.0	99.0	99.0	99.0
1926	-6.24	-5.22	-1.62	9.07	14.75	17.93	20.6	16.25	12.87	8.75	6.02	-2.27	7.57
1927	99.0	99.0	99.0	99.0	99.0	99.0	99.0	99.0	99.0	99.0	99.0	99.0	99.0
1928	-5.51	-8.17	-4.12	7.63	13.64	15.87	20.66	17.99	13.89	99.0	4.44	99.0	99.0
1929	-8.41	-16.47	-5.76	2.82	16.51	16.96	19.55	23.32	12.62	99.0	3.97	-1.8	5.75
1930	-2.12	-2.33	2.96	8.8	14.23	17.68	19.16	19.49	14.61	8.88	4.32	99.0	9.61
1931	-6.92	-8.59	-3.07	4.11	17.18	18.52	22.06	18.11	12.06	6.62	-0.12	-4.7	6.27
1932	-3.48	-10.52	-5.63	6.25	15.8	17.71	20.59	18.97	16.79	10.15	2.16	-0.28	7.38
1933	99.0	99.0	99.0	99.0	99.0	99.0	99.0	99.0	99.0	99.0	99.0	99.0	99.0
1934	99.0	99.0	99.0	99.0	99.0	99.0	99.0	99.0	99.0	99.0	99.0	99.0	99.0
1935	-9.99	-4.4	-0.79	8.05	13.0	19.66	18.08	18.82	13.6	11.73	-1.95	-0.4	7.12
1936	0.65	-4.89	2.68	7.52	15.52	18.5	25.25	18.25	11.71	5.29	2.53	-1.64	8.45
1937	-9.5	-5.24	2.21	8.02	16.82	18.64	20.47	19.08	16.79	7.27	3.09	-0.8	8.07
1938	-6.2	-3.0	3.17	7.07	14.07	18.7	22.77	21.96	14.39	9.77	4.82	-5.94	8.46
1939	-2.25	-1.19	-0.76	9.12	15.57	19.47	21.62	20.85	13.98	5.99	2.1	-2.73	8.48
1940	-10.14	-9.58	-4.11	5.73	13.67	18.51	19.46	18.05	13.25	5.76	5.07	-5.65	5.84
1941	-9.59	-3.08	-1.36	8.48	12.25	16.32	19.63	99.0	11.97	6.1	-2.59	99.0	99.0
1942	-15.12	-7.28	-6.67	4.46	14.36	99.0	99.0	18.55	15.15	99.0	-2.36	-3.82	99.0
1943	-9.17	-3.98	0.43	9.47	12.75	16.96	18.22	19.81	15.2	9.41	3.1	99.0	8.38
1944	99.0	-2.04	0.56	6.01	12.96	17.75	19.53	18.65	14.58	9.41	3.85	-3.83	8.86
1945	-7.51	-6.88	-0.35	6.4	13.17	17.49	19.18	19.03	13.97	6.45	0.57	-4.45	6.42
1946	-6.19	-4.43	0.56	9.94	16.61	21.33	20.82	22.71	15.02	3.51	0.33	-5.94	7.86
1947	-10.59	-6.7	0.61	9.47	14.89	19.21	20.88	17.88	14.11	3.61	1.61	-0.32	7.05
1948	-0.53	-4.38	-1.53	9.89	16.04	18.76	18.03	18.99	12.36	8.17	0.22	-6.32	7.47
1949	-1.63	-3.07	-0.56	7.14	16.91	15.95	19.14	17.45	13.65	5.37	4.91	0.63	7.99
1950	-12.08	-1.77	1.26	12.15	15.25	17.51	19.04	17.38	14.42	6.31	2.69	0.31	7.71
1951	-5.52	-5.67	1.09	10.83	14.43	19.31	20.65	20.99	14.64	3.86	3.06	-0.7	8.08
1952	-1.11	-2.77	-7.41	8.2	13.03	17.25	19.31	20.12	14.77	8.8	1.75	-2.91	7.42
1953	-4.34	-6.74	-0.59	7.1	13.21	20.22	21.2	19.2	12.93	7.07	-2.85	-4.26	6.85
1954	-12.69	-14.24	0.49	5.17	15.2	21.33	20.53	20.66	15.58	7.94	2.44	-2.28	6.68
1955	-2.72	-3.3	-1.05	4.05	13.36	16.71	20.45	18.82	15.22	9.7	-0.8	-1.73	7.39
1956	-3.35	-12.56	-3.89	7.21	13.11	19.65	18.83	19.02	11.49	7.59	-2.56	-2.68	5.99
1957	-4.28	0.22	-0.32	8.4	14.17	19.03	21.2	19.1	14.05	6.58	2.94	-3.84	8.1
1958	-3.73	-0.44	-0.81	5.82	17.55	16.42	19.85	18.41	11.64	7.35	0.87	0.53	7.79
1959	-2.31	-3.1	1.24	7.25	13.07	18.3	22.87	19.01	10.47	5.01	-0.03	-4.12	7.31
1960	-3.97	-4.98	-2.09	7.38	14.07	18.66	20.85	17.87	11.13	10.15	4.73	3.22	8.09
1961	-5.31	-2.02	3.47	10.08	12.75	19.33	19.48	18.55	13.55	7.61	3.36	-3.3	8.13
1962	-1.15	-3.29	-1.54	9.43	14.96	17.27	17.88	19.4	12.99	7.97	4.4	-3.95	7.87
1963	-15.46	-4.8	-3.85	5.93	16.82	17.65	21.32	20.89	15.13	8.03	4.63	-7.39	6.57
1964	-8.08	-7.42	-4.21	8.17	13.2	21.96	20.06	16.24	13.52	8.96	1.9	0.29	7.05
1965	-4.17	-7.7	-0.27	4.42	13.05	17.7	19.14	17.18	14.07	6.06	-1.4	0.42	6.54
1966	-3.27	-0.42	3.2	11.07	15.18	16.03	20.56	19.35	12.76	10.69	2.35	-2.56	8.75
1967	-9.08	-6.73	0.99	9.59	16.07	17.57	20.01	18.51	15.13	10.42	4.47	-4.05	7.74
1968	-7.86	-4.21	0.71	10.58	15.52	19.07	18.13	18.55	14.48	6.98	1.52	-3.93	7.46
1969	-9.49	-6.99	-4.14	7.06	14.54	16.67	18.29	18.69	12.63	6.37	5.42	-6.13	6.08
1970	-4.42	-3.74	1.41	9.83	14.25	16.54	20.57	17.07	13.13	6.15	3.35	-1.45	7.73
1971	-2.53	-3.42	-1.2	7.5	15.04	17.19	18.02	18.18	11.83	6.82	2.47	0.76	7.56
1972	-12.96	-5.33	1.26	11.48	15.2	19.14	21.18	19.58	12.91	6.01	3.41	-1.17	7.56
1973	-7.64	-0.76	-0.1	10.06	13.66	16.57	19.56	17.19	12.32	6.76	0.58	-3.44	7.06
1974	-6.31	-0.71	2.09	6.71	12.3	16.91	17.78	18.61	15.12	9.88	2.73	0.14	7.94
1975	0.03	-2.64	3.68	10.87	17.21	19.9	20.2	19.31	16.12	7.55	-0.61	-1.58	9.17
1976	-5.37	-10.54	-0.59	10.54	12.4	15.74	17.73	15.78	13.17	4.72	2.56	-1.21	6.24
1977	-7.29	0.41	2.78	7.57	14.28	17.08	18.34	17.34	11.55	6.78	4.38	-3.12	7.51
1978	-6.55	-5.02	1.76	7.74	11.88	16.3	16.92	16.85	12.18	7.54	3.99	-5.5	6.51
1979	-5.02	-5.24	2.53	6.38	17.19	19.8	16.64	18.41	14.06	4.26	1.19	-0.43	7.48
1980	-7.42	-5.17	-3.75	6.4	11.53	16.49	18.26	16.78	12.57	8.06	1.46	-1.63	6.13
1981	-4.4	-2.45	1.6	5.31	14.75	20.0	20.17	17.88	13.54	9.39	1.19	-1.22	7.98
1982	-4.06	-5.03	1.18	6.17	14.75	16.21	17.54	18.44	14.82	7.56	2.76	1.66	7.67
1983	-1.1	-2.65	2.94	10.65	16.54	17.65	18.56	17.15	14.58	7.88	0.56	-1.67	8.42
1984	-2.23	-5.47	0.0	8.69	15.59	15.6	17.21	16.98	15.04	9.14	0.16	-4.65	7.17
1985	-9.41	-13.81	-3.7	8.88	16.48	16.34	17.55	19.67	12.42	7.18	-0.52	-1.05	5.84
1986	-2.73	-8.6	0.17	10.11	15.39	18.83	18.48	19.77	13.92	6.97	0.79	-4.34	7.4
1987	-12.89	-4.38	-6.81	4.89	13.72	17.59	20.3	16.24	13.5	6.87	2.51	-3.48	5.67
1988	-4.78	-3.28	1.5	7.53	14.59	17.8	21.14	18.65	14.05	6.36	-2.88	-2.73	7.33
1989	-0.17	2.01	4.98	11.15	14.32	18.6	18.98	19.72	14.04	9.13	0.11	-0.42	9.37
1990	-0.76	2.09	6.72	9.06	13.98	16.81	18.64	18.15	12.73	7.99	5.75	-2.24	9.08
1991	-1.91	-5.86	0.75	8.72	12.63	18.16	20.86	18.2	13.9	8.95	2.39	-3.35	7.79
1992	-2.5	-2.63	3.29	7.3	13.2	17.65	19.7	22.0	12.82	7.0	2.38	-4.35	7.99
1993	-1.94	-2.7	0.64	7.62	16.01	16.5	17.74	17.71	12.04	8.21	-5.13	0.21	7.24
1994	0.52	-4.47	2.17	10.92	13.43	16.2	20.26	18.75	17.36	8.04	1.04	-2.96	8.44
1995	-3.83	1.73	3.18	8.54	13.68	19.5	20.58	19.05	13.55	7.86	-0.52	-5.54	8.15
1996	-9.62	-7.07	-2.95	8.4	17.88	18.65	18.92	19.07	10.87	8.33	6.99	-3.44	7.17
1997	-6.19	-1.54	1.86	5.78	15.55	18.0	19.01	18.24	11.02	5.65	3.33	-2.88	7.32
1998	-1.06	0.14	0.83	11.43	14.13	19.52	20.05	18.43	14.19	7.98	-2.34	-6.8	8.04
1999	-2.72	-1.38	3.44	11.15	12.88	21.66	22.29	19.62	15.62	8.37	0.15	-0.39	9.22
2000	-4.12	-0.11	1.97	12.4	14.93	17.75	19.23	20.07	12.55	8.52	5.28	0.79	9.1
2001	-0.82	-1.79	3.53	10.73	13.7	16.89	23.51	20.56	13.95	8.55	1.95	-7.4	8.61
2002	-3.25	3.19	5.2	9.23	15.96	18.0	23.02	19.82	14.24	6.9	4.12	-8.44	9.0
2003	-4.28	-7.24	-0.72	6.82	19.32	18.12	20.25	19.94	13.64	6.64	3.66	-0.79	7.95
2004	-4.27	-2.6	4.35	8.91	13.3	17.16	20.17	19.75	14.57	9.88	3.54	0.32	8.76
2005	0.15	-4.89	-0.5	9.69	15.49	16.94	20.56	99.0	99.0	9.02	2.48	0.15	99.0
2006	-7.69	-5.73	0.42	8.85	14.3	17.92	20.25	20.68	15.65	9.93	3.86	2.39	8.4
2007	2.23	-2.44	5.56	8.33	18.45	21.13	23.33	21.65	15.34	9.41	0.84	-0.68	10.26
2008	-3.09	0.42	5.18	10.28	14.01	19.04	21.2	21.41	13.8	10.64	4.11	-0.11	9.74
2009	-3.29	-0.49	2.76	9.85	14.86	20.2	21.13	19.43	16.47	9.6	4.61	-2.15	9.42
2010	-7.73	-2.92	0.76	9.43	16.5	20.48	23.43	23.79	14.84	6.28	9.27	-3.47	9.22
2011	-3.14	-5.24	1.84	9.41	15.75	19.69	22.14