1890	1.8	-0.1	1.8	4.4	9.7	13.5	15.4	16.6	13.6	7.4	4.4	-0.2	7.36
1891	-1.2	0.6	0.6	3	9	11.6	17.6	15.7	13.7	9.9	3.1	2.3	7.16
1892	-1.3	-1.1	-0.2	3.5	8.9	13.4	15.5	16	13.2	7.3	4	-1	6.52
1893	-5	-5.7	0.6	4	6.7	14.1	17.4	16.7	11.8	8.6	3.6	2.6	6.28
1894	0.5	1.3	3.4	5.3	8.8	13.4	17.7	16.3	11.5	7.1	6.2	2.9	7.87
1895	-0.6	-4	-0.8	3.8	10.4	15.4	16.7	16.2	13.5	7.6	4.5	0.5	6.93
1896	0.2	1	1.9	4.1	8.1	16.9	18.7	16.4	13.2	9.3	3.2	0.7	7.81
1897	-2.1	-1.5	0.6	3.3	7.7	14.5	16.3	18.4	12.9	7	4.1	2	6.93
1898	2.5	0.3	0.9	3.1	7.9	13.6	15	16.4	13	8.3	5.9	3.7	7.55
1899	0.5	0.6	0	4.4	7	10.8	18.7	15.9	13.1	8.6	6.2	0.5	7.19
1900	-0.1	-2.4	-1.1	3.5	7.1	14.7	17.8	16.5	12.9	8.7	5.2	2.8	7.13
1901	-1.3	-3.1	-0.1	3.6	8.5	14.1	19.9	18.8	14.5	11.1	2.9	0.3	7.43
1902	1.4	-1.9	0	2.1	5.8	10.7	14.3	14.2	11.6	7	3.2	-0.2	5.68
1903	0.2	2.2	4.3	3.3	8.7	13.2	16.8	15	11.9	6.9	3.9	1.4	7.32
1904	0.6	-0.7	0.3	4.5	7.9	13.5	16.3	16.1	13.4	9.2	4.2	2.5	7.32
1905	-0.3	0.6	1.8	2.8	9.6	15.2	17.6	16.2	12.9	6.3	4.6	2.2	7.46
1906	1.1	0.5	0.8	6.1	9.4	13.9	16.6	16.2	13.5	9.4	6.2	0.6	7.86
1907	-0.7	-0.5	1.6	3.7	8.2	12.5	14.4	14.3	12.1	11.3	5.4	0.4	6.89
1908	0.3	0.4	0.5	3.3	7.6	13.6	16.7	17.1	13	9.7	3	1.3	7.21
1909	1.2	-2.2	-0.3	2.3	6.4	12	15	16.5	11.9	11.1	2.5	1.8	6.52
1910	1.1	1.4	2.6	4.3	8.8	14.2	15.4	15.6	13.6	9.4	4.1	3	7.79
1911	1.4	0.2	1.3	4.7	8.8	13.2	15.8	18.4	14.2	9	5.7	3.3	8
1912	-2	-1.6	2.3	3.4	7.9	13.4	18.9	15.9	11	7	3.6	3.6	6.95
1913	0.1	1.4	3.2	4.6	9.4	14.4	15.9	16.3	13.7	9.2	6.7	2.2	8.09
1914	0.2	2.7	1.6	6.8	10	14.2	20.4	17	13.5	8	4.1	4.2	8.56
1915	-1	-0.2	-1.3	4.3	7.4	12.5	16.2	16.1	13	6.7	3.2	-1.3	6.3
1916	0.9	-0.2	-0.3	4.4	8.1	12.1	15.7	14.7	12	7.9	5.8	2.1	6.93
1917	-1.7	-2.5	-3.2	1.4	8.1	16.2	16.1	18.1	13.9	8.6	4.9	0.3	6.68
1918	-1.4	-0.1	0.5	3.2	9	12.2	17.3	16	11.8	8.7	5.3	1.9	7.03
1919	1.4	-0.9	-0.4	4.2	8.3	13.9	16.4	14.9	13.5	6.6	0.9	-0.2	6.55
1920	-0.6	1.5	3.5	5.2	9.8	13.4	17.6	15.2	13	7.9	5.3	1.9	7.81
1921	1.6	0.4	4.4	5.6	11.9	14	17.1	16.2	12.4	9.6	2.4	1.3	8.08
1922	-1.5	-2.1	0.4	2.2	10.2	14.3	14.9	15.2	12.3	6.9	3.2	2.1	6.51
1923	1.7	-2.2	0.7	2.2	8	10.9	17.2	15	12.2	9.3	3.5	-0.5	6.5
1924	-1.6	-3.9	-1.8	1.5	8.8	12.6	15.8	17	13.3	9.2	5.1	3.6	6.63
1925	2.7	2.7	0.4	5.3	9.6	14	18.6	17.4	13.1	7.4	2.4	-0.5	7.76
1926	-0.5	-0.9	1.3	4.8	7.2	12.3	18.7	16.9	12.9	6.7	5.7	1.1	7.18
1927	0.9	0.2	2.9	3.8	6.6	12.4	17.2	18	13.5	8	2.5	-1.7	7.03
1928	-0.1	-0.1	0.1	3.3	6.6	11.1	15.7	14.7	12.4	8.8	6.1	1.6	6.68
1929	-1.3	-5.6	0.5	1.5	7.8	12.2	16	15.9	13	9	5.3	4	6.53
1930	2.9	0.5	2.4	4.8	9.6	15.5	17.3	17.1	12.5	9.8	5.5	2.1	8.33
1931	-0.1	-1	-2.2	1.7	8.1	12.6	15.3	15.4	10.7	7.8	5	1.6	6.24
1932	2.5	-0.2	-0.8	4	7.5	11.9	18.8	17.6	13.6	7.5	4.8	3.5	7.56
1933	-0.3	-0.5	2.4	3.8	7.1	13.2	17.7	16.8	13.5	9.8	4.4	0.9	7.4
1934	1.5	2.6	2.4	5.5	11.2	14.1	16.8	17.7	15.6	10.6	5.7	3.8	8.96
1935	-0.2	0.9	1.5	4.7	7.8	15.1	17.4	16.9	13.6	9.3	5.7	2.8	7.96
1936	1.6	-1.4	1.5	3.7	7.9	16.1	18.4	16.1	12.5	7.1	5.4	3.9	7.73
1937	-0.4	-0.4	-0.1	4.8	10.6	14.3	18.9	19	14.3	10.2	4.8	0	8
1938	1.2	2	5.1	5	8.8	14.5	17.5	18.8	14.7	10.3	7.1	1	8.83
1939	1.2	3.3	1.6	5.6	8.5	15	17.9	19.7	14.7	7.2	5.3	1	8.42
1940	-3	-7	-3.9	2.2	7.2	15.2	17.9	15.2	11	7.1	4.7	0.7	5.61
1941	-4.7	-3.2	-1.6	0.5	6.1	13.5	19.2	16	12.8	7.9	2.8	1.3	5.88
1942	-6.9	-9.3	-6.9	1.8	6.6	12.9	16.1	17.1	12.8	8.4	3.7	2	4.86
1943	-0.6	3	3.5	7.2	10.4	14	16.6	16.2	13.6	10.5	5.2	2.8	8.53
1944	1.6	0.9	0.5	3.8	7.6	12.9	19.1	18.8	12.6	8.8	4.8	2.7	7.84
1945	-0.2	0.8	3.1	5.7	9.1	14	18.7	17.2	13.4	9.4	5.3	1.4	8.16
1946	0.5	-1.4	0.7	5.9	8.4	13.7	18.9	16.1	13.7	7.6	4.6	1.1	7.48
1947	-2	-6.9	-3.5	4.9	9.7	15.6	17.6	18.2	15.8	9	3.9	1.9	7.02
1948	-0.4	-0.9	2.8	5.8	8.3	14	17.7	17	13.9	8.4	4	3.8	7.87
1949	1.9	2.6	1.4	6	10.8	13.1	17.5	16.4	16.6	10.6	6.2	3.8	8.91
1950	-1.4	0.8	2.1	5.5	9.9	15.5	16.5	17.7	14	8.9	4.7	1.6	7.98
1951	0	0.2	-0.8	4.9	6.9	13.8	16.6	16.6	14	10	6.4	4.3	7.74
1952	1	0.1	-1	5.6	7.6	13.1	16.1	15.8	11.2	7.4	3	1.2	6.76
1953	0.5	-1	3	5.5	9	15.5	17.5	16.3	12.8	10.8	5.9	3.4	8.27
1954	-0.6	-2.9	0.7	3.1	8.2	14.4	15.5	15.4	12.9	8.2	4.1	3.3	6.86
1955	-0.5	-1.7	-1.4	2.1	7.2	12.4	17.8	19.1	15.4	9.1	4.9	0.8	7.1
1956	-0.5	-6.5	-0.8	1.2	9.3	13.4	16.1	14.6	12.5	8.4	1.9	2.3	5.99
1957	1.6	1.2	0.5	3.2	7.4	13.5	17.7	16.7	10.8	9	4.9	1.6	7.34
1958	-0.9	-2.4	-2.7	1.6	8.3	12.5	15.8	15.1	14	10.3	6.5	2	6.68
1959	-0.4	0.6	2.5	4.7	9.2	14.5	18.9	18.9	13.9	10	6.2	1.8	8.4
1960	-0.4	-1.7	0.1	3.9	8.1	15.9	15.9	16.2	13.4	8.7	5.4	3.6	7.43
1961	0.6	2.5	4.9	5.9	9	15.1	15.9	15.3	14.3	11.7	5.3	0.7	8.43
1962	1.6	0.2	-1.5	4	7.3	13.1	15.3	14.4	11.5	9.2	4.4	0.2	6.64
1963	-3.8	-4.5	-2.3	2.3	9.2	14.4	16.6	16.5	14.1	8.4	5.3	0.7	6.41
1964	0.4	-1.8	-0.5	5	10.8	15.1	16.5	15.3	12.8	8.6	4.8	1.9	7.41
1965	0.9	-1.2	-0.1	3.2	6.9	13.7	14.5	15.1	13.8	10	2.2	-0.2	6.57
1966	-2.4	-5.6	0.7	1	8.1	15.3	17.1	15	12.4	8.9	4.5	1.6	6.38
1967	-1.4	0.7	4	4.5	8.5	13.4	17.7	17.3	14.1	11	5.8	0.2	7.98
1968	-1.6	-1.2	2.4	6.1	8.2	15.9	16.2	17.8	14.7	9.1	4.8	1.2	7.8
1969	-0.7	-2.2	-1.6	3.8	7.1	14.8	18.2	18.4	13.7	9.4	4.2	-1.1	7
1970	-2.9	-6.2	-0.8	1.7	6.1	14.1	15.4	16.4	12.5	8.4	3.4	1.8	5.83
1971	0.5	0.3	-0.8	3.7	9.3	12.6	16.4	16.4	11.9	9.2	3.7	3.3	7.21
1972	-1.4	0	1.3	4.2	7.4	14.1	18.7	17	12.6	8.5	5.5	4.2	7.68
1973	1.6	1.8	3.8	4.2	9.7	15.6	19.3	17	12.5	7.1	2.7	0.6	7.99
1974	1.5	1.6	2.1	4.9	7.5	13	15.7	16.2	13.3	7.2	5.3	3.5	7.65
1975	3.3	1.5	2	4.3	9	13.8	18.1	19.8	14.9	9.3	4.9	3.2	8.68
1976	-1	-0.5	-0.4	3.5	8.3	13.8	16.9	17.5	12.5	7.5	5	0.4	6.96
1977	-0.1	-1.6	1.4	3.3	7.9	13.7	14.4	16.1	11.8	9.3	5.7	2.3	7.02
1978	0.8	-2.3	0.7	2.8	7.7	14.4	16.2	16.8	11.7	9.1	7.2	-0.8	7.03
1979	-3	-3.6	-0.2	3.1	9.6	15.6	15.1	15.7	13	7.3	4.1	1.7	6.53
1980	-1.7	-3.2	-1	3.7	7	13.4	16.6	16.5	13.7	8.1	3.3	1.8	6.52
1981	-0.7	0.2	0.6	4	9.7	13	16.7	16.1	13	8.4	4.1	-2.1	6.92
1982	-3.3	-2.6	2.2	4.5	9.5	12.8	17.8	17.8	12.9	9	6.1	2.3	7.42
1983	3.4	-0.1	2.4	4.3	8.8	14.2	18.6	18.2	13.4	8.8	3.7	1.3	8.08
1984	0.6	-0.2	0.3	4.6	8.8	13	16.3	17.7	12.3	10.7	5.5	2.7	7.69
1985	-3.4	-7.2	-0.3	2.5	6.5	13	16.5	15.6	10.9	9.2	2.6	0.6	5.54
1986	-1.8	-5	0.5	2.3	10.7	14.7	17.1	15.4	10.9	8.7	6.4	1.9	6.82
1987	-5.7	-2.2	-3.5	3.8	7.4	11.6	15.5	14.3	11.9	8.9	4.5	1.7	5.68
1988	2.2	1.4	0.3	3.7	9.6	14.4	17.7	16.3	13.9	7.5	2	1.3	7.53
1989	3.8	3.8	4.1	5.1	11.9	14.9	18.1	16.2	14.1	10	5.2	1.9	9.09
1990	3.3	5.3	5.6	6.7	11.4	15.4	16.2	17.7	12.8	9.4	5.3	2.9	9.33
1991	1.8	-0.4	3	5.2	7.9	11.9	18.5	17.9	13.7	8.9	5	3.1	8.04
1992	2.5	2.3	3.1	4.6	11.8	16.9	18.4	16.7	12.8	6.8	4.6	2.9	8.62
1993	1.8	1.3	2.9	4.9	11.5	14.5	16.1	15.2	11.6	8.1	2.7	2.2	7.73
1994	1.3	-2.2	2	5.7	8.3	13.9	20.4	18.5	13.7	8	5.7	3.3	8.22
1995	0.4	2.5	2.7	4.1	8.3	14.2	17.1	18.6	13.4	11.1	3.2	-0.7	7.91
1996	-0.6	-3	-0.6	4.5	6	13.9	14.9	18.4	12	9.9	5.6	0	6.75
1997	-0.6	1.5	3.2	4.1	8.5	14.9	18.5	21.1	14.7	7.7	4.5	2.2	8.36
1998	2.4	3.4	1.5	3.5	9.5	13.3	16.2	14.9	13.4	8.7	2.2	1.1	7.51
1999	1.2	0.1	2.3	6.3	9.1	14.9	18.9	17.2	16.3	9.3	5.8	1.8	8.6
2000	1.6	2.1	2.9	5.8	11.6	14.3	15.8	16.6	13.2	11.4	7.4	4.5	8.93
2001	1.8	0.2	0.8	5	10	14.3	19.5	17.4	12.9	11.2	4.9	1	8.25
2002	1.4	3.1	3.4	5.4	10.4	16.4	18.1	20.8	15.5	7.2	4.0	-0.3	8.8
2003	-0.6	-2.4	2.1	3.3	11.0	15.4	18.8	18.1	14.5	7.5	5.9	3.5	8.1
2004	-0.9	0.9	2.6	5.4	9.4	14.7	16.4	18.9	14.2	9.0	4.0	2.8	8.1
2005	2.6	0.0	0.1	5.7	10.6	15.2	19.1	17.3	15.1	10.1	5.5	1.8	8.5
2006	-1.0	-0.8	-1.3	5.0	9.5	16.2	21.2	19.3	17.1	12.0	6.3	6.0	9.1
2007	3.3	0.0	4.3	7.1	11.2	16.2	16.8	17.7	13.5	8.9	4.6	3.2	8.9
2008	3.1	4.0	2.9	6.2	11.4	15.9	18.4	17.2	13.6	10.0	5.3	3.1	9.3
2009	0.9	0.1	1.9	7.0	11.0	13.5	18.4	18.2	14.4	7.2	6.2	1.5	8.4
2010	-2.2	-2.3	0.6	4.7	8.1	14.8	20.6	17.9	13.5	7.9	4.3	-2.3	7.1
2011	-0.5	-1.8	1.5	7.2	10.9	16.7	18.1	17.7	14.9	9.2	6.3	3.5	8.6
2012	1.4	-1.0	4.7	4.9	10.4	14.2	17.5	17.7	13.8	8.3	5.9	-0.2	8.1