1864	21.81	22.81	19.6	19.31	14.7	12.4	12.9	15.45	14.91	16.4	18.71	22.41	17.62
1865	21.1	21.8	19.7	16.7	13.4	11.2	10.4	10.7	12.2	13.3	15.7	17.7	15.33
1866	20.9	22.4	20.3	17.1	14.4	11.2	12.4	12.7	14.3	16.6	19.4	20.7	16.87
1867	22.1	20.3	18.3	17.2	13.7	10.8	12.1	11.3	13.2	14.5	14.3	18.6	15.53
1868	18.9	17.9	17.4	15.4	13.2	11.4	10.9	10.7	12.1	13.4	15.1	17.1	14.46
1869	19.2	18.9	17.7	16.5	13.3	11.8	9.8	11.1	11.9	13.8	15.9	18.1	14.83
1870	19.6	19.7	18.8	15.6	13.8	12.6	10.9	11.3	12	14.5	17.1	16.2	15.18
1871	18.3	18.9	17.6	15.4	14.4	12.1	11.4	10.7	11.4	13.5	15.4	17.6	14.73
1872	21.1	21.5	18.3	16.7	14.8	12.1	11.4	10.6	12.8	13.2	16.3	19.9	15.73
1873	19.4	19.1	18.4	15.5	14.2	12.4	10.7	11.4	12.3	13.8	15.9	19.1	15.18
1874	20.7	20.4	19.3	16.6	14.3	11.8	10.6	11.7	12.7	13.1	15.7	17.9	15.4
1875	19.5	20.7	18.5	17.9	14.4	12.4	11.9	10.8	11.7	13.9	14.7	18.6	15.42
1876	19.8	20.1	18.8	16.8	14.1	11.8	11.6	11.4	12.4	15.4	16.8	17.6	15.55
1877	18.9	19.2	18.6	15.7	13.3	11.4	9.8	10.9	11.8	14.2	16.1	17.9	14.82
1878	18.1	17.7	17.9	16.8	12.7	12.3	10.3	10.1	13.2	13.7	16.4	19.6	14.9
1879	19.3	18.3	18.5	14.9	14.6	11.7	10.6	10.8	13.3	14	16.7	18.4	15.09
1880	19.7	21.1	19.4	17.5	14.7	11.7	11.1	11.1	13.4	13.9	16.2	17.5	15.61
1881	18.1	20.2	18.8	17.1	14	12.8	11.3	11.6	12.7	14.2	16.6	17.2	15.38
1882	18.7	18.4	19.3	17.2	13.3	12.7	11	11.1	13	13.4	15.1	18.6	15.15
1883	20.9	20.9	19.6	15.6	13.8	12	11.2	10.6	12.2	13.3	14.8	16.6	15.13
1884	16.6	17.2	17	15.1	12.4	11.7	10.9	11.8	12.5	13.8	14.5	16.8	14.19
1885	18	18.9	17.4	15.3	13.4	12.2	11.7	10.7	12.3	13.3	15.1	17.6	14.66
1886	20.2	20.6	18.5	17.1	13.7	10.9	9.9	11.2	11.7	13.7	16.1	17.4	15.08
1887	21.6	21	19.6	17.3	14	12.6	11.1	9.8	11.9	13.4	14.8	17	15.34
1888	18.5	17.6	17.4	14.8	13.7	11.2	11	11.9	12	13.3	13.8	15.3	14.21
1889	19.9	19.5	17.9	15.8	13.8	12.3	11.2	11.2	13.7	14.5	15.7	18.2	15.31
1890	17.9	20.2	18.4	17.1	14	13.2	12.2	11.8	13.2	15.1	15.5	18.3	15.58
1891	18.8	19.8	18	15.4	13.2	10.4	10.9	11.8	13.2	14.4	16.2	19.4	15.13
1892	19.3	19.2	19.7	17.3	13.9	12.3	11.2	12.5	12.9	14.7	17.7	17.3	15.67
1893	19.5	19.7	16.8	16.8	15.2	12.3	11.9	12.9	13.5	15.4	18.4	17.9	15.86
1894	20.4	20	18.1	15.4	13.8	12.4	11.4	11.3	12.2	14.6	15.9	19.4	15.41
1895	20.2	19.9	17.9	14.9	13.6	11.8	9.2	10.1	12.8	13.6	14.2	18.5	14.73
1896	19.3	19.3	18.4	16.4	13.9	12.7	11.4	10.9	13.4	13.1	14.7	19.4	15.24
1897	19.3	20.4	17.9	15.7	13.8	11.7	11.2	11.2	12.5	13.2	15	17.2	14.93
1898	18.9	17.6	16.7	16.2	14.1	11.9	11.4	11.4	12.4	13.4	16.2	18.2	14.87
1899	19.1	19.3	17.8	17.1	12.8	12.1	9.7	11.1	12.8	13.8	15.1	17.8	14.88
1900	18.6	19	19	18.3	14.2	12.2	11.3	12.5	12.7	14.5	15.2	16.7	15.35
1901	18	17.9	17.1	15.9	12.9	13.2	10.7	11.2	13.2	13.9	14.6	16.5	14.59
1902	18.1	18.8	18.1	15.8	12.7	11.7	9.8	10.3	10.6	12.5	14.6	16.1	14.09
1903	17.2	18.6	17.3	14.7	13.3	11.5	10.6	10.7	12.4	15.6	16.6	18.6	14.76
1904	19.2	18.9	17.9	15.7	13.3	11.6	10.7	10.5	12.1	13.1	14.2	14.9	14.34
1905	16.4	18.8	18.1	13.61	15.2	11.8	10.1	10.9	12.2	12.9	15.2	16.6	14.32
1906	17.1	17.2	16.7	14.9	13	11.1	10.9	11.2	11.9	14	15.4	17.5	14.24
1907	19.7	19.4	19.3	17.4	13.1	11.3	10.6	11.3	11.9	13.7	17	19.3	15.33
1908	19.7	19.7	18.6	16.3	14.5	11.8	9.9	10.4	12.6	13.3	15.4	16.7	14.91
1909	17.9	19.6	19.1	15.8	14.8	13.2	12.1	11.7	13	13.8	16.4	18.9	15.53
1910	20.3	21.5	19.5	15.3	14.3	12.6	11.2	11.6	12.5	14.5	16.6	17.5	15.62
1911	19	18.8	19.1	18.6	14.3	11.8	10.7	11.3	12.3	13.4	14.7	15.4	14.95
1912	17.6	18.1	16.6	15.8	12.6	11.3	10.2	10.1	12.8	13.4	14.5	17.1	14.18
1913	18.6	18.6	18.4	14.5	11.3	10.4	10.9	11.7	12.6	14.2	15.6	15.7	14.38
1914	19.6	19.1	18.2	15.9	12.2	10.7	10.1	10.4	11.8	13.1	14.7	15.8	14.3
1915	19	18.5	16.5	14.9	13.4	12.1	11.5	11.8	14.1	15.1	15.5	17.5	14.99
1916	18.6	20.7	19.9	16.5	14.8	13.7	12	11.8	12.9	14.4	16.5	18.9	15.89
1917	19.7	18.6	17.8	16.9	14.7	12.8	12.2	11.2	12.9	14.9	16.7	17.5	15.49
1918	19.4	20	18.7	17.1	13.8	12.3	9.7	10.9	11.7	13.9	14.9	15.7	14.84
1919	17.1	19.8	17.4	14.7	12.9	11.4	10.8	10.4	11.1	13.1	13.7	16.3	14.06
1920	17.7	19.4	17.8	15.7	12.6	12.1	10.4	10.9	12.2	14.1	15.2	17.2	14.61
1921	18.6	18.6	17.9	15.1	13.8	12.7	10.9	11.4	12.9	14.6	15.3	17.3	14.93
1922	19.9	19.5	17.9	16.3	14.2	11.1	10.7	11.6	12.4	14.9	15.9	17.8	15.18
1923	18.7	17.9	16.8	14.4	14.4	12	10.1	10.1	12.6	14.1	16.6	19.1	14.73
1924	19.8	20.4	19.6	18.7	14.3	11.8	10.6	11.3	13.1	14.4	16.2	16.8	15.58
1925	19.3	18.8	17.6	15.6	14.1	11.6	10.9	10.6	11.9	13.9	14.6	17.2	14.68
1926	19.1	17.2	17.4	16.7	14.2	11.3	11.2	11.4	12.2	14.6	14.6	17.2	14.76
1927	19.3	19.8	17.8	15.4	13.3	10.6	11.3	10.7	12.4	13.5	15.4	16.9	14.7
1928	18.7	21.1	19	18.1	15.6	12.2	11.4	11.5	13.1	14.3	17.1	17.8	15.83
1929	19.5	19.1	19.3	16.6	14	12.7	10.6	11.2	11.8	14.4	16.6	18	15.32
1930	19.2	18.8	17.8	15.3	12.8	11.3	10.2	12.1	11.9	12.9	14.4	18.61	14.61
1931	19.2	17.2	17	16.1	12.8	11.6	11.7	11.6	11.7	13.6	17.3	17.6	14.78
1932	18.3	19.3	18.5	16.6	13.2	11	9.6	10.2	12.6	15.2	15.9	17.9	14.86
1933	20	20.5	19.1	16.6	14.2	10.3	11	11.1	12.7	14	15.8	18.1	15.28
1934	18	18.8	17.7	16.7	13.2	11.7	10.2	11.4	12.9	14.4	17.5	20.4	15.24
1935	21.6	21.3	19.3	17.4	13	12.4	10.7	11.2	11.4	14.4	14.6	18.8	15.51
1936	19.6	19.2	17.4	16.9	12.2	11.1	10.2	11.8	12	15.2	15.8	17.1	14.88
1937	18.2	17.9	18.2	15.6	13.8	10.8	9.9	11.2	12.4	13.8	16.2	19.7	14.81
1938	21.2	21.7	20.7	20.2	14.9	11.7	10.7	11.4	12.8	14.4	17.3	17.2	16.18
1939	17.4	18	19	16.4	14.1	12.9	9.7	11.2	12.6	13.4	15.7	17.7	14.84
1940	19.6	18.4	17.2	14.3	12.4	11.3	10.1	11.7	12.8	14.1	15	19	14.66
1941	19.9	19.8	19	15.3	14.1	10.9	10.6	10.7	12.8	13.4	15.3	17.7	14.96
1942	18.2	18.8	18.9	16.6	13.8	11.3	11.4	11.4	13.2	15.4	16.2	17.6	15.23
1943	19.4	19.6	18.1	16.4	12.8	11.8	10.3	10.2	12.2	13.4	16.4	18.9	14.96
1944	20.9	19.9	18.4	16.6	13.1	10.6	10.6	10.9	11.8	14.1	15.6	16.3	14.9
1945	19	19.3	17.4	16.2	12.3	9.6	9.8	12.6	12.6	13	16.1	16.1	14.5
1946	18.6	20.3	18.7	17.1	15	12.7	12.1	11.8	13	13.9	14.1	16.2	15.29
1947	17.6	18.4	18.6	16.4	13.9	12	11.3	11.3	12.7	14	15.6	18.6	15.03
1948	19.6	19.9	19.7	16.6	14.2	11.3	12	11.2	13.1	14.6	16.1	17.4	15.48
1949	18.6	19.8	17.8	14.6	13.6	12.8	11.9	11.4	12.8	15.4	16.3	17.3	15.19
1950	19.7	19.4	18.3	16.2	16.1	12.6	10.8	11.2	13.1	15.3	17.4	19	15.76
1951	19.7	19.4	19.3	16.9	13.2	10.8	11.4	10.8	13	14.7	16.2	16.7	15.18
1952	17.9	20.7	18.1	16.4	13.8	12.6	10.3	12.3	13.1	15	16.1	17.8	15.34
1953	18.5	18.7	18.9	16.6	14.7	12.9	11.1	12.1	13.4	14.4	16.9	18.8	15.58
1954	20	21.1	19.2	15.7	14.8	12.8	11.6	11.3	12.4	14.1	17.7	18.9	15.8
1955	19.9	22.3	20	17.9	15.7	11.4	10.4	12.3	13.2	15.1	16.2	18.8	16.1
1956	21.1	20.7	18.6	19.2	14.9	13.1	11.3	11.9	13.4	15.3	16.7	18.1	16.19
1957	19.7	21.2	19.8	17.4	15	11.8	9.9	12	13.6	13.6	16.1	16.6	15.56
1958	18.9	21.4	19.7	15.7	14	12.1	10.7	11.9	12.8	15.7	17.1	19.1	15.76
1959	20.3	19.8	19.2	16.3	12.1	10.7	10.9	12	13.4	14.4	16.6	19.1	15.4
1960	19.8	19.9	17.8	15.9	14.8	12.4	10.9	11.4	13.3	15.1	16.3	16.8	15.37
1961	19	19.4	18.3	16.6	14.1	12.1	10.6	10.9	12.8	15.6	16.6	19.8	15.48
1962	21.6	20.8	19	17.3	15.7	12.9	11.5	12.1	13.1	15.9	16.6	18.1	16.22
1963	19.8	20.7	18.7	15.9	13.9	11.8	11.6	11.2	13.3	14.9	15.6	17.5	15.41
1964	18.2	20.2	18.7	16.3	13	12	12	11.6	12.3	14.2	15.7	18.4	15.22
1965	99	99	99	99	99	99	99	99	99	99	15.2	17.4	99
1966	19.1	21.1	19	16.2	12.4	10.6	10.4	9.8	12.1	13.8	15.4	16.8	14.73
1967	18	18.4	18.5	16.2	13.8	10.1	10.2	12.9	12.5	15.1	16.2	17.8	14.98
1968	18.6	18.6	20.3	16.1	13.6	12	10.3	11.6	11.7	13.1	14.7	16.6	14.77
1969	18.3	18.5	17.3	15.4	13.7	11.1	9.1	11.2	13.3	13.2	16.4	19.1	14.72
1970	20.8	19.7	19.4	17	13	11.5	11.2	12	13.4	14.8	16.1	18.8	15.64
1971	20.6	20.8	18.2	16.4	13.8	13.5	10.1	12.2	12.9	14.2	16	18.2	15.58
1972	18.7	18.7	19.2	16.6	13.8	10.2	11	10.2	13.2	14.5	17.6	16.9	15.05
1973	19.2	19.1	18.8	16.1	14.6	12.3	10.1	11.8	13.4	14.6	17	18.5	15.46
1974	19.2	21.8	17.8	16.9	14.2	11.7	12.3	11.7	13.4	14.6	16.9	19.3	15.82
1975	19.9	20.6	19.5	16.7	15.2	10.7	10.4	11.7	13.2	14.9	15.7	17.3	15.48
1976	19.4	17.4	18.6	16.4	13.2	10.6	10.7	12.3	12	13.7	14.7	17.4	14.7
1977	18.4	19.4	19	16.5	11.8	11.6	11	11.1	10.7	13.3	14.6	16.4	14.48
1978	19.5	20.5	18.8	17.6	13.5	11.4	10.8	11.1	12.5	13	16	17.7	15.2
1979	19.8	19.1	19.5	15.8	13.4	12.6	10.7	11.5	12.9	14.1	16.1	17.7	15.27
1980	19.1	19.3	17.2	14.7	13.4	11.6	10.6	10.8	13	14.6	15.2	17	14.71
1981	20.3	20	20.1	17	13.2	12.5	10.6	10.7	12.2	13.6	15.6	18.9	15.39
1982	19.7	20	17.6	14.4	13.3	9.8	9.4	11.3	12.2	12.7	16.4	17.1	14.49
1983	17.9	18.1	18.4	15.9	13.3	11.5	9.1	11.2	13.2	14.6	15.6	17	14.65
1984	17.8	19.1	18.6	15.5	13.1	11.8	11.3	12.3	12.3	13.8	17.1	19.3	15.17
1985	20.1	19.3	18.1	15.3	12.1	11.8	12.1	10.8	13	13.5	15.8	18.6	15.04
1986	20.6	20	18.1	16.3	14	11.5	10.6	10.6	12.6	14.6	16.1	17.6	15.22
1987	20.3	19	17.1	16.1	13	11.6	11.1	11.8	13	14.3	16.1	18	15.12
1988	18.8	20.6	17.6	15.3	14.3	12.1	12	12.3	13.8	14.8	16.8	18.8	15.6
1989	18.6	19.8	19.3	17.5	13.8	12.3	10	11.6	14	15.6	17	18.1	15.63
1990	19.8	21.8	20.1	17.6	14.6	11.3	11.8	12	12.1	15.8	16.8	18.8	16.04
1991	19.6	20.3	18.3	15.9	13.5	11.7	10.4	12.6	13.5	14.3	14.9	17.8	15.23
1992	19.6	19.8	17.2	13.9	12.4	10.7	11.5	11.1	11.8	13.6	16.6	18.2	14.7
1993	19.4	19	17.9	15.7	99	99	99	99	99	99	99	99	99