1950	99	99	99	99	99	99	99	99	99	99	99	14.50	99
1951	14.90	15.20	14.10	11.70	7.60	4.30	5.70	5.70	9.40	11.10	13.30	13.20	10.62
1952	14.90	16.30	13.60	12.10	8.40	5.70	4.70	7.30	10.30	11.70	12.30	15.60	10.88
1953	14.80	15.20	14.00	11.30	9.00	6.20	5.50	7.20	9.00	10.10	14.70	14.80	11.05
1954	15.80	17.80	15.10	10.70	8.80	7.30	4.40	6.20	8.30	11.30	15.10	15.30	11.30
1955	17.00	17.40	14.60	13.10	9.80	5.80	4.60	7.50	9.80	12.20	13.90	16.10	11.75
1956	19.20	16.30	13.60	14.20	8.10	6.90	5.50	6.20	9.10	11.30	13.30	15.40	11.65
1957	17.20	17.70	15.80	12.60	9.20	6.10	5.50	7.50	8.80	11.10	13.50	14.70	11.70
1958	15.10	17.00	15.60	11.10	9.30	5.80	4.40	7.30	8.10	12.30	14.70	16.90	11.28
1959	16.90	16.60	14.60	12.10	6.10	5.30	5.20	6.50	9.80	9.60	14.30	15.30	11.16
1960	16.90	15.60	13.40	11.80	9.30	6.70	6.40	6.50	9.20	12.20	13.30	13.80	11.38
1961	15.60	16.80	13.20	11.90	7.90	5.60	5.80	6.50	8.20	14.40	14.40	16.90	11.18
1962	18.30	15.80	15.10	11.30	11.30	6.80	6.60	6.70	9.00	12.80	13.70	15.60	12.03
1963	17.20	17.20	13.70	10.10	8.80	4.90	5.10	5.40	8.50	11.60	12.00	14.20	10.84
1964	16.00	15.70	14.90	11.30	8.40	5.60	6.60	6.80	9.20	11.50	13.00	16.20	11.10
1965	17.90	15.40	14.10	11.70	8.20	6.50	4.60	6.40	9.30	10.00	12.80	15.70	11.09
1966	16.20	17.70	15.30	12.10	7.40	6.30	5.00	6.30	8.90	11.40	12.70	14.80	11.25
1967	16.40	16.40	15.40	12.80	9.10	5.70	5.60	8.50	7.90	12.20	12.40	15.40	11.43
1968	16.40	16.70	16.90	11.40	10.60	6.30	4.80	7.70	8.80	11.30	14.10	13.90	11.70
1969	16.50	15.70	15.30	11.80	9.20	4.80	5.30	7.20	11.60	10.20	14.30	17.00	11.32
1970	17.50	16.10	15.20	13.10	7.80	7.20	6.90	8.20	10.00	11.90	14.20	16.00	12.09
1971	16.70	17.20	15.50	12.30	10.50	7.70	5.90	8.10	10.00	11.90	13.70	16.20	12.12
1972	15.80	15.00	16.60	13.30	8.70	5.30	6.20	6.10	11.20	12.00	14.80	13.80	11.77
1973	16.50	17.40	15.30	12.20	9.70	6.70	5.70	6.80	10.30	12.10	14.80	15.70	11.78
1974	15.30	17.30	13.60	12.00	8.80	6.50	7.00	6.20	9.90	10.60	14.30	17.10	11.43
1975	18.10	17.00	15.70	13.40	10.00	5.50	5.70	7.90	9.80	11.60	12.90	14.60	12.06
1976	15.80	13.90	15.40	11.80	9.00	6.00	5.80	7.20	8.10	9.70	11.30	15.40	10.72
1977	15.30	16.50	14.90	11.90	8.00	6.20	6.10	7.00	6.90	11.40	13.10	15.40	11.06
1978	17.70	17.60	16.40	14.60	10.00	5.40	6.90	8.00	9.00	10.90	13.90	15.10	12.15
1979	17.50	16.90	14.50	11.90	8.50	7.00	6.50	6.50	9.30	10.90	14.00	16.60	11.55
1980	16.90	16.10	13.90	12.10	9.20	5.60	5.60	7.50	10.60	13.20	12.20	15.30	11.62
1981	17.30	16.90	15.30	13.90	8.60	7.20	6.10	5.60	8.70	11.50	13.30	17.10	11.64
1982	17.60	17.60	15.60	10.30	9.10	5.70	5.20	8.10	8.50	9.90	15.20	14.20	11.66
1983	15.60	14.60	14.80	11.60	9.10	6.50	5.30	7.40	9.40	11.40	13.50	14.00	11.12
1984	15.60	15.80	15.60	12.30	7.80	7.50	6.90	8.70	9.40	11.70	15.00	16.50	11.69
1985	19.00	17.40	14.10	13.00	9.10	7.00	6.70	7.60	9.70	10.40	13.20	15.60	11.97
1986	18.50	16.90	14.50	13.60	8.90	6.50	6.00	6.10	8.50	11.30	13.00	15.70	11.62
1987	18.10	16.20	13.80	12.10	10.40	7.00	6.30	8.70	9.30	11.60	13.50	15.40	11.89
1988	16.70	16.60	14.00	10.70	7.40	6.70	7.70	7.20	10.90	13.90	14.80	17.20	11.83
1989	17.70	16.30	15.50	11.70	8.70	6.90	5.00	7.80	9.50	12.40	14.20	15.20	11.91
1990	17.30	17.80	15.20	12.50	10.10	6.50	6.40	7.10	8.70	11.50	13.20	16.70	11.79
1991	17.00	15.90	14.70	11.00	8.70	5.00	5.10	8.50	9.50	11.60	11.60	14.10	11.28
1992	17.00	15.70	13.40	9.90	6.80	4.50	6.40	6.00	7.10	10.30	13.60	13.50	10.40
1993	15.30	15.00	13.30	10.70	8.60	8.10	6.10	6.00	8.30	12.90	13.40	13.40	10.93
1994	17.30	16.80	13.50	11.90	9.20	5.60	5.70	99	99	10.50	99	15.90	11.09
1995	16.50	16.90	15.80	12.90	9.30	6.10	99	7.10	8.90	10.50	12.60	17.30	11.52
1996	17.40	16.80	13.60	12.30	8.30	5.70	5.30	6.20	10.30	11.80	12.60	15.10	11.47
1997	15.00	17.00	13.30	11.20	9.50	6.00	5.10	7.00	8.10	11.60	14.10	15.70	11.08
1998	18.60	19.70	16.80	12.50	10.10	6.60	7.30	6.60	10.00	12.40	12.50	16.10	12.40
1999	17.90	17.30	16.90	11.80	10.50	6.30	6.00	6.80	9.20	12.70	13.00	14.10	12.04
2000	15.50	16.40	14.40	11.90	9.60	7.50	7.50	6.80	9.90	11.60	99	17.10	11.59
2001	15.20	17.10	15.00	12.30	9.40	6.00	4.50	7.70	10.00	12.40	13.50	16.30	11.68
2002	16.60	14.90	15.30	11.90	9.40	6.50	5.40	7.90	10.50	9.70	12.50	15.20	11.41
2003	16.50	16.30	15.60	10.20	9.70	8.00	4.80	6.70	9.20	10.50	12.70	16.40	11.28
2004	18.60	16.20	14.10	10.60	10.00	8.20	4.70	6.20	8.80	10.80	14.00	13.00	11.55
2005	17.10	18.50	15.00	11.20	9.20	5.60	7.10	8.10	9.20	11.00	13.00	17.20	11.50
2006	17.10	16.60	12.60	13.60	8.70	4.90	6.00	7.00	10.60	11.50	12.80	13.30	11.55
2007	15.50	16.20	15.9	11.30	11.4	5.5	5.9	6.9	9.2	10.9	13.1	15.9	11.5
2008	17.8	16.9	15.1	12.1	7.1	6.8	6.5	6.0	9.6	10.8	14.2	15.8	11.6
2009	18.5	15.9	14.2	12.3	6.9	5.6	5.2	8.8	9.2	9.5	12.7	15.1	11.16
2010	16.6	16.9	15.4	13.2	9.4	6.2	5.4	8.0	10.2	10.9	14.7	17.8	12.1
2011	17.4	17.0	15.2	11.3	11.0	7.6	5.7	6.4	8.5	11.3	12.9	15.4	11.64
2012	15.9	16.0	13.5	11.8	8.6	5.3	6.0	8.8	9.7	10.9	11.6