1864	12.8	13.3	11.5	11.6	8.2	5.7	5.8	5.2	8.4	9.2	10.9	13.5	9.68	
1865	13.5	14.5	13.1	10.8	7.7	7.4	5.4	5.4	7.5	7.2	10.3	12.0	9.57	
1866	13.3	13.6	11.3	9.5	8.5	6.8	4.8	7.1	8.5	10.5	11.2	11.8	9.74	
1867	13.7	14.8	12.4	11.2	8.0	5.8	6.9	5.5	8.3	9.3	9.6	13.3	9.9	
1868	11.5	12.5	12.2	11.0	8.1	4.5	5.7	4.5	7.0	9.2	11.2	11.5	9.08	
1869	12.3	13.4	12.0	9.8	6.3	5.8	5.0	6.1	8.9	9.9	10.8	14.4	9.56	
1870	13.9	13.0	10.7	8.2	6.9	6.4	4.8	4.7	7.9	10.5	12.0	10.6	9.13	
1871	14.3	12.4	11.8	10.1	7.2	5.0	5.3	6.7	7.0	9.5	10.3	12.1	9.31	
1872	15.4	12.9	12.8	9.6	8.3	4.8	4.7	5.0	8.8	9.8	12.0	14.9	9.92	
1873	12.3	12.9	11.7	9.5	8.4	7.0	4.3	6.2	6.6	10.8	10.4	13.1	9.43	
1874	13.4	13.4	12.4	10.3	6.3	4.1	3.8	5.5	5.8	8.4	11.2	12.8	8.95	
1875	13.7	13.5	12.4	11.2	7.2	5.3	5.2	5.0	6.8	8.7	9.2	13.3	9.29	
1876	13.7	14.2	13.2	10.4	8.1	5.8	3.9	5.5	7.9	11.7	11.5	13.8	9.98	
1877	13.5	13.8	11.7	9.2	5.8	5.9	4.5	5.8	7.2	8.8	12.3	12.9	9.28	
1878	11.2	12.2	11.9	10.5	6.6	4.4	5.0	4.5	9.5	9.8	11.2	11.31	9.01	
1879	13.1	12.0	11.7	9.8	8.6	4.6	3.8	5.6	8.9	9.9	9.3	12.2	9.13	
1880	14.1	14.3	12.8	11.7	8.0	6.4	6.2	6.4	9.8	9.0	12.4	11.7	10.23	
1881	12.6	14.4	13.2	11.5	9.5	7.0	6.3	6.4	9.2	9.3	10.9	12.5	10.23	
1882	13.2	11.8	13.0	10.3	7.9	6.3	5.4	5.4	8.8	8.4	11.1	13.7	9.61	
1883	14.8	14.1	12.6	8.8	8.1	7.0	5.0	6.8	6.6	9.3	9.2	11.2	9.46	
1884	11.5	12.0	11.0	9.7	7.2	5.7	5.1	6.1	8.0	8.7	9.7	11.7	8.87	
1885	12.2	14.0	12.8	10.3	7.1	7.4	5.0	6.2	7.7	9.3	11.4	11.8	9.6	
1886	13.2	14.4	11.5	11.4	9.6	4.6	5.4	4.8	7.6	9.9	12.4	13.0	9.82	
1887	18.4	15.5	13.8	11.2	6.9	5.5	4.9	5.8	6.7	8.8	9.9	13.5	10.08	
1888	14.7	12.8	11.3	8.8	6.7	6.0	4.0	5.7	7.8	10.0	8.3	11.5	8.97	
1889	16.3	14.0	11.9	10.2	8.0	2.7	4.0	5.0	7.9	10.9	11.2	14.5	9.72	
1890	14.3	14.9	12.3	11.5	6.8	5.6	3.7	5.5	8.4	9.7	11.2	12.9	9.73	
1891	13.0	12.7	12.2	9.7	6.8	4.0	3.9	6.0	9.0	11.2	11.8	14.0	9.53	
1892	13.1	13.2	12.6	10.0	7.6	6.5	5.2	6.8	7.7	8.9	13.2	12.4	9.77	
1893	13.9	12.4	10.3	10.2	8.5	4.4	5.0	7.2	8.0	11.3	12.3	11.7	9.6	
1894	14.3	13.7	12.5	9.1	6.8	5.5	4.7	5.9	6.6	10.7	11.4	15.1	9.69	
1895	14.4	14.0	11.9	8.1	6.8	5.3	2.9	5.0	8.5	8.9	9.7	14.5	9.17	
1896	13.4	13.2	10.7	8.5	6.1	4.9	4.6	5.2	7.8	8.4	9.3	13.7	8.82	
1897	15.3	13.0	11.7	9.4	7.0	6.0	4.7	4.5	7.5	7.7	11.9	12.3	9.25	
1898	14.5	10.3	10.6	10.5	6.3	5.3	4.5	4.7	7.4	8.8	10.6	13.4	8.91	
1899	13.9	12.3	12.0	10.6	6.4	5.9	3.1	4.6	8.4	9.0	10.3	11.9	9.03	
1900	12.7	12.0	13.0	9.6	6.8	4.0	5.0	6.6	99.0	9.5	10.2	12.0	99.0	
1901	12.5	12.1	10.1	10.1	7.3	6.0	2.5	4.7	7.7	10.7	10.3	10.8	8.73	
1902	13.4	12.9	11.8	9.0	5.6	5.2	4.9	5.0	4.7	8.0	9.5	9.2	8.27	
1903	10.6	13.1	11.3	9.1	6.5	4.0	4.0	3.8	6.4	10.3	11.8	12.7	8.63	
1904	14.1	13.0	10.8	9.7	8.3	6.4	4.8	4.7	6.4	8.4	9.9	11.5	9.0	
1905	11.1	13.3	12.8	8.8	6.5	4.5	4.5	5.4	6.0	7.8	10.3	11.9	8.58	
1906	11.6	10.9	10.1	8.8	6.9	6.3	4.4	5.5	7.6	9.8	10.3	13.4	8.8	
1907	14.2	15.3	13.2	11.0	7.4	5.0	5.0	4.9	6.5	8.0	11.7	14.4	9.72	
1908	14.7	11.7	11.8	9.3	7.9	6.2	3.5	5.0	9.4	9.5	11.7	11.1	9.32	
1909	12.0	14.7	12.9	9.4	8.7	6.4	4.7	6.5	7.8	9.6	11.6	14.7	9.92	
1910	13.8	13.7	13.0	9.0	9.3	7.0	3.7	6.4	8.2	10.5	12.5	13.7	10.07	
1911	13.0	13.4	14.4	11.2	8.0	5.6	4.5	6.8	7.0	9.4	9.7	9.8	9.4	
1912	12.2	10.9	9.8	9.2	6.8	5.1	4.7	6.2	8.4	9.9	10.7	12.5	8.87	
1913	13.7	12.9	11.8	8.8	6.3	6.0	6.3	6.3	9.4	10.3	10.1	11.9	9.48	
1914	15.2	13.4	12.9	10.3	6.4	5.9	5.7	6.8	8.9	10.5	10.2	11.1	9.78	
1915	13.3	12.4	11.2	9.5	7.9	5.3	6.6	7.4	10.1	11.4	11.4	12.9	9.95	
1916	13.3	14.9	14.0	12.0	8.7	7.9	5.3	6.3	9.4	9.8	12.0	14.9	10.71	
1917	16.0	13.6	13.7	11.2	9.4	6.7	6.7	6.7	9.3	10.5	12.5	11.9	10.68	
1918	14.0	15.4	13.4	10.1	8.0	6.0	3.7	6.1	7.7	9.8	9.9	11.0	9.59	
1919	12.0	13.4	12.5	9.3	7.3	6.7	6.3	6.7	7.5	10.0	9.9	12.0	9.47	
1920	11.9	14.4	12.8	11.0	6.8	6.7	7.0	4.9	6.9	10.2	9.9	13.2	9.64	
1921	13.5	13.2	12.2	99.0	99.0	4.7	3.8	5.9	9.2	9.4	11.5	11.7	99.0	
1922	13.5	14.4	10.4	10.4	8.4	4.9	5.2	6.8	8.5	11.8	11.1	12.6	9.83	
1923	13.9	11.8	11.9	8.8	7.8	4.9	4.9	7.0	9.5	10.5	14.2	14.6	9.98	
1924	15.3	15.8	13.4	13.3	8.5	6.5	6.3	7.7	10.6	11.2	12.8	12.9	11.19	
1925	14.0	12.9	12.1	10.2	7.0	4.8	5.8	5.9	6.8	10.5	10.0	12.3	9.36	
1926	13.8	12.5	11.9	12.3	7.3	6.8	5.9	6.7	8.8	8.8	10.5	11.8	9.76	
1927	14.9	13.9	12.1	9.1	7.5	4.7	5.5	5.5	7.5	9.5	9.5	11.9	9.3	
1928	15.2	15.0	14.0	11.9	8.8	5.3	6.4	7.2	8.5	9.8	11.7	12.9	10.56	
1929	14.3	13.8	12.5	10.5	7.4	6.9	5.0	6.4	7.6	9.8	10.5	10.9	9.63	
1930	12.4	14.3	12.2	11.1	8.2	5.7	4.0	5.8	6.8	8.3	9.2	12.0	9.17	
1931	12.8	12.6	11.7	9.8	8.0	4.7	4.8	5.3	6.9	10.9	12.2	12.7	9.37	
1932	12.4	12.4	11.8	10.7	7.3	5.7	4.8	5.0	7.2	10.1	12.0	12.3	9.31	
1933	14.7	13.8	13.5	9.5	6.8	5.0	5.0	6.5	8.5	10.2	10.8	13.4	9.81	
1934	11.9	14.1	11.9	11.4	7.2	5.5	4.9	6.9	8.9	10.0	13.0	16.0	10.14	
1935	15.7	15.3	13.8	11.8	7.3	5.5	5.0	7.0	6.8	10.5	9.9	15.3	10.33	
1936	14.2	13.4	10.4	11.2	7.5	6.3	4.8	7.8	7.9	11.1	11.2	11.7	9.79	
1937	12.9	11.2	12.2	9.4	8.0	4.6	5.4	7.1	7.7	9.5	11.9	13.3	9.43	
1938	15.1	16.9	13.9	12.2	10.0	6.0	3.6	7.2	8.7	11.2	11.3	11.7	10.65	
1939	12.2	13.8	12.9	11.2	8.2	7.2	3.0	5.0	8.8	9.8	12.5	14.9	9.96	
1940	14.9	12.7	12.5	9.2	7.3	6.3	6.0	7.2	8.3	10.2	11.2	14.4	10.02	
1941	14.7	14.7	13.8	9.0	8.0	4.3	5.7	5.1	8.7	8.8	10.5	11.7	9.58	
1942	13.1	13.2	12.3	10.7	8.2	7.1	5.7	7.2	9.1	10.3	11.8	12.2	10.08	
1943	13.7	13.5	11.7	11.1	7.2	5.8	4.8	5.0	6.8	8.8	11.8	13.5	9.48	
1944	14.1	13.6	12.1	11.0	7.3	5.3	5.4	5.3	7.3	9.3	10.8	11.4	9.41	
1945	14.3	14.2	12.0	10.1	6.7	4.7	4.1	7.5	7.8	8.2	11.9	10.2	9.31	
1946	13.3	14.4	12.9	10.2	8.0	5.8	6.1	6.2	7.8	8.7	8.0	11.3	9.39	
1947	12.2	13.3	13.0	10.0	8.8	5.4	5.9	7.2	9.4	9.4	12.7	13.4	10.06	
1948	15.1	13.7	13.3	10.2	8.1	5.9	6.7	6.6	8.2	9.2	10.8	13.3	10.09	
1949	12.8	16.2	11.8	9.5	7.4	6.2	6.7	6.2	7.8	11.2	10.7	12.4	9.91	
1950	14.3	13.2	10.8	9.7	8.6	5.7	6.1	5.5	8.5	10.7	11.3	13.1	9.79	
1951	13.1	13.5	12.7	11.1	7.4	5.0	5.9	5.3	8.4	9.8	11.5	11.7	9.62	
1952	12.9	14.3	12.4	10.9	8.3	5.1	5.1	6.8	8.7	10.2	10.3	14.2	9.93	
1953	13.4	13.0	12.5	9.8	7.7	5.1	5.5	6.5	8.7	9.6	12.8	13.3	9.83	
1954	13.8	15.2	13.7	10.2	9.5	7.4	5.2	5.9	7.6	10.6	13.3	12.4	10.4	
1955	14.5	14.2	12.8	11.4	9.3	5.7	4.9	6.5	9.0	11.3	12.1	14.2	10.49	
1956	17.1	14.1	12.3	12.8	8.2	7.7	5.7	6.5	9.1	10.4	12.2	13.7	10.82	
1957	14.8	15.2	14.0	11.4	8.3	6.2	5.3	6.3	8.7	9.4	11.0	12.3	10.24	
1958	12.8	14.5	13.7	9.7	7.5	6.0	4.1	6.3	7.9	11.0	12.8	13.1	9.95	
1959	15.3	14.3	13.0	11.1	5.7	6.2	6.3	6.5	9.0	9.3	12.2	12.5	10.12	
1960	15.1	13.6	12.1	10.8	8.5	6.2	6.4	6.5	7.8	11.0	11.2	12.3	10.13	
1961	13.4	13.8	11.7	10.8	7.7	5.7	4.9	6.0	7.5	12.0	11.5	14.2	9.93	
1962	15.1	13.1	13.2	9.9	9.6	7.0	6.4	6.5	8.7	10.7	11.9	13.2	10.44	
1963	16.1	15.2	11.6	9.2	7.6	3.6	4.0	5.5	8.7	11.1	10.4	12.3	9.6
1964	13.7	13.9	12.4	9.6	6.7	4.3	4.9	6.2	8.7	11.0	12.2	15.1	9.9
1965	15.8	13.9	13.1	10.0	6.8	5.9	4.2	5.2	8.6	9.4	11.6	12.9	9.8
1966	13.7	16.1	13.8	10.9	6.4	4.9	3.9	4.9	8.4	10.9	11.6	12.9	9.9
1967	14.0	13.6	13.6	10.5	8.3	4.8	4.3	7.6	7.7	10.9	10.4	13.4	9.9
1968	14.1	15.2	14.9	10.1	8.4	4.9	3.6	7.1	7.9	9.9	11.9	12.6	10.0
1969	14.4	13.6	13.4	9.7	7.3	4.7	4.5	7.3	10.1	9.8	13.4	15.0	10.3
1970	16.2	14.4	13.8	11.0	6.5	6.6	5.7	7.4	7.9	10.6	12.7	14.2	10.6
1971	15.5	16.0	13.6	10.9	8.8	5.7	3.8	6.4	9.2	10.8	12.0	14.8	10.6
1972	13.7	14.2	14.6	11.0	7.9	4.8	4.7	6.0	10.2	11.0	13.3	12.7	10.3
1973	14.7	16.4	13.7	10.7	7.8	5.5	3.4	5.8	9.0	10.4	11.5	14.2	10.3
1974	13.4	15.7	12.1	10.6	8.0	4.2	5.8	5.6	9.1	10.1	12.6	15.5	10.2
1975	16.8	15.2	14.2	11.6	7.3	4.5	5.8	7.3	8.4	10.1	11.2	12.2	10.4
1976	13.7	12.5	12.9	11.0	8.6	4.4	5.6	6.4	7.2	8.8	10.6	14.1	9.7
1977	13.1	14.9	13.0	11.3	6.4	4.7	5.2	6.2	7.0	10.7	11.3	13.4	9.8
1978	16.2	14.9	14.2	13.0	8.4	4.0	6.0	7.8	8.4	10.8	13.3	13.8	10.9
1979	14.5	14.2	13.2	11.2	6.6	5.6	6.2	5.7	8.6	10.1	12.8	14.0	10.2
1980	14.7	14.1	12.4	10.2	8.6	99	99	7.7	10.0	12.1	10.4	14.3	99
1981	14.9	14.9	13.9	11.8	6.5	5.7	5.1	5.3	8.3	10.9	13.0	15.2	10.5
1982	14.3	15.3	13.3	9.0	8.3	5.2	4.2	7.3	8.1	9.2	12.0	11.8	9.8
1983	14.1	13.1	11.8	9.4	7.4	6.2	5.3	6.7	8.4	10.6	12.2	12.5	9.8
1984	13.7	14.8	13.9	11.2	6.9	6.5	5.8	7.4	8.7	10.9	13.4	14.1	10.6
1985	16.7	14.7	12.4	11.0	6.8	5.9	4.9	6.6	8.7	9.5	12.2	14.5	10.3
1986	16.5	14.4	13.4	12.3	7.1	5.8	5.2	5.5	8.3	10.6	12.4	14.0	10.5
1987	15.6	14.2	12.9	10.5	8.9	6.7	5.9	7.6	8.3	10.7	12.3	13.5	10.6
1988	15.2	14.2	11.9	9.0	5.4	5.1	6.0	6.7	9.7	11.3	13.4	15.6	10.3
1989	16.4	14.1	13.4	10.3	8.4	5.3	5.4	6.5	9.1	10.7	12.8	13.1	10.5
1990	15.7	16.3	13.3	11.0	8.7	6.2	4.7	6.3	8.5	9.6	12.0	14.6	10.6
1991	15.3	14.1	13.7	10.3	8.1	4.6	3.6	7.3	9.0	10.0	10.4	13.2	10.0
1992	14.5	13.0	11.6	8.8	5.8	3.7	4.5	5.2	6.9	9.2	12.5	12.4	9.0
1993	14.0	13.8	12.1	9.3	7.7	6.4	4.9	6.2	7.8	10.9	10.7	12.7	9.7
1994	15.1	15.3	12.2	11.2	7.5	4.3	5.1	7.5	7.3	9.5	11.9	13.6	10.0
1995	15.0	15.5	12.7	10.7	8.2	5.6	3.0	6.4	8.8	9.7	10.9	14.2	10.1
1996	15.8	14.0	12.0	10.8	7.6	4.2	3.6	5.0	9.6	10.8	10.7	13.4	9.8
1997	14.5	14.5	11.6	10.9	7.7	6.5	4.9	6.3	7.2	10.3	11.9	13.1	10.0
1998	16.0	17.1	14.2	9.8	8.3	4.7	5.5	6.2	9.7	11.1	11.9	14.8	10.8
1999	16.3	17.1	16.2	10.3	10.1	6.2	6.1	6.8	9.1	12.2	11.5	13.4	11.3
2000	13.5	15.4	13.1	10.8	8.5	7.3	5.6	6.8	9.4	11.2	10.3	15.7	10.6
2001	13.8	15.9	13.7	11.0	8.4	6.9	4.5	7.6	9.9	11.4	12.4	14.7	10.8
2002	15.4	14.2	13.1	11.0	8.6	7.1	5.1	7.4	10.3	9.4	11.5	14.3	10.6
2003	14.9	14.1	14.4	9.4	8.5	6.2	4.5	6.0	8.2	9.9	11.6	14.4	10.2
2004	16.7	13.9	13.5	9.5	7.7	6.8	3.6	5.5	8.7	10.0	13.6	11.7	10.1
2005	15.6	16.8	13.4	10.1	7.7	4.9	6.3	7.3	9.0	10.3	12.8	16.7	10.9
2006	15.4	15.6	11.6	12.4	8.2	3.8	5.3	5.7	10.3	10.5	11.8	12.2	10.2
2007	14.4	14.8	15.0	9.8	9.9	3.8	4.3	6.7	8.5	9.9	11.7	14.7	10.3
2008	16.6	15.4	13.3	10.3	6.1	6.2	5.2	5.7	10.1	10.3	13.2	14.2	10.6
2009	16.7	13.5	13.3	11.5	6.2	5.2	4.6	8.1	8.9	9.0	12.7	13.4	10.26
2010	14.3	15.1	14.2	11.8	7.6	4.9	4.0	6.4	8.4	10.7	13.8	15.3	10.5
2011	14.9	14.7	12.9	10.5	9.4	6.0	4.4	5.6	8.3	10.3	12.0	14.8	10.32
2012	14.8	14.4	11.9	10.6	7.4	4.6	4.9	7.2	9.7	9.7	11.1