1864	16.7	17.3	14.6	14.4	11.5	8.7	9.3	8.1	10.8	12.4	13.4	16.1	12.78
1865	18.2	17.8	16.6	14.4	12.1	10.2	8.8	8.8	11	11.6	13.7	15.2	13.2
1866	16.7	17.8	15.8	14.1	11.6	10.3	8.9	10.3	11.5	13.2	15.6	16.8	13.55
1867	18.3	18	15.9	14.9	12.1	8.3	10.1	9.9	11.4	12.9	13.2	16.3	13.44
1868	16.2	16	15.5	14	11.6	9.8	9.2	8.3	10.2	11.7	14.2	15	12.64
1869	17.1	16.8	15.7	13.8	10.8	9.6	7.8	9.5	11.4	12.2	14.2	17.1	13
1870	17.6	18	14.7	12.5	11.7	11.3	9.1	8.7	10.4	13	14.9	14.2	13.01
1871	17.3	16.4	15.9	13.1	11	9.2	9.4	9.2	9.8	12.2	12.7	15	12.6
1872	17.2	17	15.3	14.4	12.7	9.6	8.7	8.6	10.8	11.3	14.9	18.7	13.27
1873	16.4	16.1	16.5	13.3	12.6	10.7	8.4	9.9	10	12.4	13.8	16.2	13.03
1874	17.4	16.8	15.6	13.4	10.9	8.9	7.9	9.3	10.1	11.4	14.4	16.1	12.68
1875	18.3	17.3	16.2	14.9	11.7	9.9	8.8	8.7	9.6	12.2	12.9	16.7	13.1
1876	17.1	18.1	16.2	13.9	12.3	8.9	7.9	9.3	11.1	14.4	15.4	16.7	13.44
1877	18.3	17.6	16.5	13	10.5	9.8	7.8	9.7	10.8	12.6	14.5	15.6	13.06
1878	15.3	15.8	16.2	14.9	10.5	9.6	8.4	8.4	11.8	12.3	13.7	17.1	12.83
1879	17	15.3	16.3	13.2	12.6	8.9	8.1	8.7	11.6	12.6	14.4	15.6	12.86
1880	17.2	18.4	16.2	14.3	12.3	9.6	9.3	9.1	11.7	12.4	15.5	15.9	13.49
1881	16.4	17.7	16.4	15.1	12.4	10.4	9.1	9.6	11.2	12.4	13.8	15.3	13.32
1882	16.4	16	16.9	14.6	11.5	10.6	9.3	8.2	11.5	11.6	13.3	16.8	13.06
1883	18.1	18.7	16.4	12.7	11.7	10.1	8.2	9.5	9.4	11.4	12.7	14.1	12.75
1884	14.3	15.6	14.8	12.4	10.1	9.2	8.8	10	10.5	11.7	12.3	14.8	12.04
1885	15.7	16.8	15.7	12.8	10.8	9.9	8.2	9.3	10.1	12.3	13.4	15.2	12.52
1886	16.9	17.8	16.4	14.1	11	8.4	7.6	8.1	9.9	11.1	13.3	14.8	12.45
1887	19.6	17.7	16.6	14.3	10.7	9.6	8.7	7.8	10.1	11.2	12.6	14.4	12.78
1888	16.1	15.6	15.7	12.6	11.4	10.2	8.9	10.1	10.6	12.1	12	14	12.44
1889	17.7	17.3	15.1	13.4	11.6	8.9	8.3	9.1	11.7	12.5	13.8	16.3	12.98
1890	15.8	17.2	15.7	15.2	11.3	10.4	8.7	9.8	11.3	13.4	13.6	16.4	13.23
1891	15.8	16.2	15.6	13.6	11.1	7.5	7.4	9.3	11.6	12.9	13.9	17.2	12.68
1892	16.4	17.1	16.3	14.4	11.6	10.1	8.5	10.3	10.7	12.2	15.9	16	13.29
1893	17.1	16.7	14.2	14.4	13.2	10.2	9.8	11.2	12.1	14.7	15.7	15.4	13.73
1894	18.4	17.9	16.2	13.8	12.2	10.4	9.4	9.6	10.5	13	14.2	17.2	13.57
1895	18.3	17.5	15.5	12	11.3	9.3	7.1	8.8	11.2	12.4	13.4	17.3	12.84
1896	17.8	16.8	15.9	13.2	11.7	10.3	9.6	8.8	11.2	11.6	12.9	16.7	13.04
1897	18.2	16.9	15.4	13.3	12.3	9.9	9.4	8.9	11.4	11.9	13.9	15.1	13.05
1898	17.1	15.4	14.7	14	11.7	10.1	9.2	8.7	10.9	12.3	13.9	16.8	12.9
1899	17.6	15.7	16	14.9	10.4	9.2	7.2	8.4	11.4	12.2	13.6	15	12.63
1900	16.2	15.7	16.4	14.6	11.4	9.4	8.8	10.5	10.1	12.8	13.2	14.8	12.83
1901	16.2	16.2	14.6	14.4	12.1	10.8	7.7	8.8	11.6	12.6	13.5	15.3	12.82
1902	16.9	17	16.3	13.3	10.9	9.9	8.1	9.2	9.1	10.8	12.3	13.8	12.3
1903	15.3	16.3	15.1	12.9	10.8	8	8.6	7.6	9.7	14.1	15.2	17.4	12.58
1904	17	17.3	15.8	13.7	11.6	9.4	8.1	9	10.6	11.1	13.4	13.6	12.55
1905	14.8	16.6	15.7	13.7	11.8	8.4	9.1	9.3	10.3	11.9	13.6	14.7	12.49
1906	15.6	14.4	13.9	12.7	11.2	9.5	9.4	9	9.8	12.5	12.8	15.3	12.18
1907	17.7	17.5	16.8	14.8	10.6	8.4	8.3	9.1	9.8	11.3	14.1	17.1	12.96
1908	16.8	16.7	15.4	13.4	12	10.3	7.6	7.7	11.4	11.7	13.3	14.6	12.58
1909	15.3	16.2	16.1	13.7	12.4	11.3	9.6	10.4	10.8	12.6	14.3	17.1	13.32
1910	17.2	18.1	16.8	13.4	12.4	10.1	8.4	9.8	11.2	13.1	14.9	15.9	13.44
1911	16.7	15.7	17.1	16.3	12.2	10.4	9.1	9.6	10.8	12.1	13.3	14.1	13.12
1912	15.7	15.3	14.6	13.9	10.7	9.3	8.8	8.9	11.9	12.4	13.2	16.2	12.58
1913	17.2	16.9	16.2	12.6	9.2	9.4	9.8	9.8	12.3	12.7	14.1	15	12.93
1914	18.4	17.4	16.1	14.3	10.2	9.2	8.8	9.3	11.2	13.1	13.4	14.2	12.97
1915	17.2	16.5	14	13	11.6	9.8	9.9	9.4	12.4	13.9	13.7	16.4	13.15
1916	17.6	19.4	18.9	15.1	12.7	11.6	9.5	9.5	11.4	12.1	14.9	17.4	14.18
1917	18.4	17.6	16.7	15.4	12.8	10.6	10.4	9.8	12.3	13.3	14.6	16.2	14.01
1918	17.8	18.7	16.1	14.6	12.1	10.2	7.5	9.5	10.7	12.7	13.2	14.2	13.11
1919	15.7	17.3	15.7	12.9	10.9	9.4	8.8	9.9	10.2	12.4	12.6	14.4	12.52
1920	15.5	17.4	16.2	13.9	10.3	9.1	8.8	8.3	9.9	12.2	12.9	15.7	12.52
1921	16.8	16.7	15.7	12.5	11.4	10.3	9.1	9.4	11.2	12.7	13.1	15.4	12.86
1922	16.4	17.7	15.7	14.2	11.3	8.8	8.9	10.1	11.1	13.9	14.3	16.7	13.26
1923	17.8	16.5	15.3	12.6	12.2	9.1	8.5	8.2	11.3	12.7	15.8	17.5	13.13
1924	18.1	18.4	16.7	16.8	11.7	10.1	8.9	9.9	12.4	14	14.8	15.3	13.93
1925	17.4	16.9	15.7	13.9	11.5	8.7	9.2	9.1	10.5	12.7	13.9	15.8	12.94
1926	17.8	15.7	14.7	15.1	12.3	9.4	9.2	9.3	11	12.8	13.3	14.8	12.95
1927	17.5	18.5	16.8	13.5	11.1	8.4	9.1	9.1	11.1	13.3	12.7	14.7	12.98
1928	16	17.7	16.6	15.3	12.4	8.5	9	8.6	10.1	12.1	12.3	14.5	12.76
1929	15.8	16.2	15.4	12.8	10.3	10.1	7.8	8.1	9.1	11.4	13.1	13.9	12
1930	15.1	15.3	14.8	13.5	10.3	8.3	6.8	8.9	8.6	10.2	11.6	13.3	11.39
1931	15	13.9	13.9	12.6	10.3	8.1	8.2	7.9	8.4	11.8	13.9	15.1	11.59
1932	14.6	15.4	14.8	13.2	10.1	8.8	6.9	7.3	9.3	12.2	13.6	14.8	11.75
1933	17.1	16.7	16.4	13.7	10.4	7.9	8	8.4	10.2	11.4	12.8	15.6	12.38
1934	15.7	16.4	14.6	13.6	10.1	8.4	7.6	8.9	10.7	11.9	15.1	19	12.67
1935	19.2	18.7	16.4	14.7	10.3	8.8	7.8	9	8.7	11.7	11.8	16.7	12.82
1936	16.6	16.2	13.3	14.2	9.8	8.8	7.6	9.9	10.1	12.6	13.4	14.1	12.22
1937	15.3	14.4	15.1	12.9	10.9	7.4	7.6	9.2	9.7	10.9	14	16.5	11.99
1938	17.2	18.5	17.7	15.5	12.4	9.1	7.2	8.8	10.2	12.4	14.1	13.7	13.07
1939	14.9	15.8	15.7	13.6	11	10.4	6.3	8.9	10.2	11.2	13.7	15.5	12.27
1940	17.3	15.9	14	11.3	9.6	9	8.1	9.4	10.9	11	12.6	15.7	12.07
1941	17.1	15.9	16.1	12.6	10.9	7.6	8.2	7.4	10.2	10.8	13.3	14.8	12.08
1942	15.1	15.4	14.9	13.8	11.1	9.3	8.6	9.3	10.8	13.1	13.6	14.3	12.44
1943	16.3	16.7	15	13.7	9.7	9.2	7.3	7.4	9.8	10.9	13.5	16.4	12.16
1944	16.2	16.6	15.1	14.3	10.3	8.5	8.3	8.2	9.6	11.3	13.1	13.9	12.12
1945	16.3	16.1	15.1	13.2	9.7	7.7	7.3	9.7	10.3	10.1	13.9	13.2	11.88
1946	15.7	16.2	15	13.6	11.6	9.1	9.3	9.2	10.6	11.2	11.2	13.9	12.22
1947	15.3	15.9	15.1	13.1	11.2	8.9	8.4	9.1	10.4	11.9	13.6	15.8	12.39
1948	17.8	16.8	16.2	13.4	11.2	8.4	8.9	9.1	11.1	11.3	12.9	15.7	12.73
1949	15.2	17.4	14.6	11.9	10.9	8.9	9.7	8.6	9.9	12.3	12.9	14.8	12.26
1950	16	15.8	14.6	12.1	12.6	8.7	8.1	8.2	10.2	11.8	14.1	14.9	12.26
1951	15.7	16.7	15.7	13.7	9.9	7.7	8.4	8.1	10.7	11.7	13.1	14	12.12
1952	15.2	17	14.8	13.6	11	9.1	7.8	9.1	10.9	12.4	13.1	15.7	12.48
1953	15	15.2	15	12.4	10.7	8.8	8.4	9.8	10.7	11.3	14.3	15.4	12.25
1954	16.4	17.3	17	12.2	12.1	10.2	8.2	8.4	10.3	11.2	14	15	12.69
1955	16.4	17.3	15.9	14.2	12.4	7.9	7.6	9.8	10.4	12.9	14	15.5	12.86
1956	18.3	16.8	14.7	16.4	11.7	9.9	8.6	8.9	11.1	12.8	14.2	15.8	13.27
1957	17.6	18	17.6	14.8	12.1	9.7	7.8	9.9	10.6	11.4	13.1	13.7	13.03
1958	15.4	17.3	16.5	12.7	11.1	9.4	7.8	9.1	10.3	13.6	14.1	16.2	12.79
1959	17.6	16.6	15.9	13.9	9	8.7	8.9	9.8	11.1	10.4	13.2	15.8	12.58
1960	16.7	16.4	14.6	13.2	11.6	9.6	8.9	8.5	10.3	13	13.4	14	12.52
1961	16.4	17	14.6	13.7	10.7	9	8.2	8.3	9.6	13.8	13.8	16.8	12.66
1962	18.1	16.7	16.3	13.8	13.4	10.5	9.3	9.3	10.7	13.7	14.3	15.4	13.46
1963	16.9	17.9	15.6	12.4	11	8.7	8	7.8	10.1	12.6	12.4	14.8	12.35
1964	15.4	17.1	15.3	12.9	10.7	8.7	9.3	9.3	10	11.9	13.6	16	12.52
1965	18.8	16.4	14.5	13.1	10.9	9.1	7.1	8.1	10.3	10.8	12.7	15.1	12.24
1966	15.6	17.9	16.3	13.9	9.9	9	8	7.8	9.9	11.8	12.2	14.2	12.21
1967	15.6	16.2	15.6	13.4	11	8.3	7.7	10.1	9.4	12.8	13.2	15.8	12.43
1968	16.2	16.5	17.9	13.1	11.8	9.6	7.7	9.2	9.6	11.1	13.1	14.4	12.52
1969	16.3	15.6	16.1	12.6	10.4	7.7	7.5	8.9	12.2	11.2	14.2	17.2	12.49
1970	18.2	16.4	16.6	14.4	9.8	9.9	9.7	9.5	10.8	12.7	14.2	16.3	13.21
1971	16.6	17.8	15.7	13.8	12.2	11.3	8.5	10	10.6	11.5	13.2	15.4	13.05
1972	15.5	14.9	16.3	13.7	10.9	7.3	8.7	7.6	10.8	11.7	14	13.2	12.05
1973	15.6	16.5	15.5	13.1	11.7	10.1	8	9	10.7	12.1	13.5	15.4	12.6
1974	15.3	17.6	13.4	13.3	10.4	9	8.9	8.1	10.6	11.1	14.1	16.3	12.34
1975	18.2	17.3	16.6	14.4	12.4	8.3	8.4	9.6	9.9	11.4	12	13.8	12.69
1976	15.4	13.5	15.1	13.1	11	8.3	8.3	8.8	9.4	10.7	11.5	14.4	11.63
1977	14.7	15.5	15	13.3	9.6	8.7	7.8	8.2	7.5	10.4	11.6	13.1	11.28
1978	15.9	16.6	15.6	14.7	10.8	8.2	8.7	9.3	9.5	10.2	13.2	15	12.31
1979	16.9	16.3	15.9	13.2	10.7	9.8	9	8.1	9.9	11.1	13.5	14.4	12.4
1980	15.9	16.8	14.5	12.8	11.7	9.6	8.8	9.1	11	12.2	12.5	14	12.41
1981	17.4	17.1	16.9	15.2	11.3	10.4	9.4	8.3	10.2	11.1	13.2	16	13.04
1982	16.6	17.5	15.6	12.2	11.7	8.8	8.6	9.6	10.1	10.6	13.5	13.5	12.36
1983	15.2	15.5	15	13.1	10.8	9.6	8.3	9.4	10.6	12.2	12.8	14.5	12.25
1984	15	16.3	16	13.8	11	10.8	9.8	10.1	10.6	11.8	14.5	16.3	13
1985	18	17.3	15	13.8	11.3	10.8	9.8	8.8	11.1	11.1	13	16.1	13.01
1986	18.8	17.6	15.6	14.6	11.8	9.8	7.8	7.8	9.8	11.8	13.5	14.8	12.81
1987	18.3	16.1	14.3	13.1	12.1	9.6	8.8	10.6	10.6	12.1	13.8	15.3	12.89
1988	17.1	17.3	14.5	12.3	11.1	10.3	10	9.6	11.6	12.6	14.3	16.8	13.13
1989	16.5	16.3	99	99	12	99	99	99	99	99	99	99	99