1941	-0.40	4.10	7.00	11.30	14.00	18.70	19.90	20.10	12.90	9.40	2.40	1.10	10.18
1942	-8.50	-3.00	2.90	9.90	17.30	20.40	23.00	22.60	21.90	14.70	6.00	4.10	10.69
1943	-2.20	4.50	6.50	12.60	14.80	18.30	22.30	24.10	20.20	13.90	6.40	3.20	12.12
1944	1.80	-0.50	2.70	11.70	15.40	20.10	21.10	22.80	17.20	13.20	6.80	0.60	11.29
1945	-2.40	2.40	7.10	11.70	19.60	20.80	22.90	21.90	17.10	11.10	5.50	2.20	11.53
1946	-2.90	2.40	6.80	13.70	19.00	22.20	24.90	25.00	20.90	8.20	7.10	-0.80	12.46
1947	-6.80	0.10	10.10	14.30	18.00	21.30	22.80	21.40	20.70	10.00	8.00	3.00	11.59
1948	6.60	1.50	6.30	12.80	18.10	18.30	20.50	22.50	18.50	13.10	4.80	-2.50	12.17
1949	2.00	2.00	2.00	13.00	17.60	17.10	20.30	19.50	17.70	12.30	9.40	3.70	10.87
1950	-2.60	3.00	7.40	14.30	18.70	21.90	25.10	23.70	19.00	10.60	7.20	5.70	12.67
1951	3.40	4.80	8.10	12.00	17.70	20.40	21.70	22.70	19.60	10.60	9.50	3.30	13.02
1952	1.70	1.60	5.00	15.20	15.90	20.10	24.10	25.40	18.20	12.70	6.40	3.20	12.47
1953	1.20	0.90	5.50	12.80	15.50	20.70	23.30	20.30	19.00	13.00	3.60	0.40	11.58
1954	-5.30	-5.20	6.80	9.30	15.70	21.50	21.30	21.70	19.20	11.50	5.70	4.60	10.22
1955	2.30	5.00	4.60	8.20	16.30	19.70	21.00	19.40	17.40	12.70	5.70	5.20	11.41
1956	3.10	-7.40	1.20	12.40	15.80	19.00	22.20	22.90	18.80	11.90	3.10	0.80	10.68
1957	-1.40	6.80	8.50	12.40	13.70	22.40	22.60	21.40	17.20	11.80	7.70	1.20	11.99
1958	-0.30	6.80	1.90	9.40	20.40	19.80	23.40	23.00	17.60	12.40	6.70	6.20	11.86
1959	1.60	-0.80	8.80	12.20	16.00	19.20	22.10	20.50	15.60	10.50	6.10	5.10	11.50
1960	-0.10	2.40	6.50	11.50	15.50	20.30	20.20	21.70	16.30	15.20	9.70	6.40	12.03
1961	0.80	3.40	9.20	15.10	14.60	21.20	21.00	21.60	18.70	14.70	8.60	0.90	12.94
1962	1.80	0.50	2.70	13.00	17.80	18.70	20.80	23.30	17.40	12.60	7.20	-1.00	11.39
1963	-5.40	-2.00	4.80	12.50	17.30	22.00	23.60	23.90	19.00	12.10	12.10	-2.00	11.58
1964	-5.70	1.00	4.50	12.50	15.50	22.50	21.00	20.20	16.50	13.10	7.90	2.50	10.58
1965	1.80	-2.60	7.40	9.90	15.80	19.90	22.60	19.70	18.90	11.10	6.50	4.60	11.13
1966	-2.70	8.90	6.00	13.90	16.50	19.50	21.20	21.20	17.80	16.80	6.20	3.00	12.49
1967	-1.70	3.00	8.50	11.30	17.00	19.10	22.90	22.00	19.00	14.70	7.50	0.40	12.19
1968	-1.00	5.30	7.20	15.00	19.10	21.10	21.50	19.30	16.80	11.90	8.00	0.10	12.05
1969	-2.00	1.50	4.10	11.40	20.00	18.60	20.40	20.40	17.90	11.80	10.60	-1.70	11.23
1970	1.00	2.40	6.40	12.60	14.40	20.00	20.60	21.00	16.40	10.90	9.30	2.40	11.11
1971	1.50	3.30	4.10	12.80	18.90	19.50	21.30	22.40	14.50	10.20	7.00	3.20	11.49
1972	0.30	3.80	9.40	13.60	17.30	21.70	21.20	19.80	14.40	9.50	7.90	2.30	11.84
1973	0.10	3.70	5.50	10.80	17.90	20.20	21.90	21.20	18.30	11.20	4.20	2.20	11.44
1974	1.80	6.80	8.70	10.60	15.00	18.20	20.70	22.40	13.60	9.00	6.90	3.40	11.33
1975	3.50	1.90	10.50	12.00	17.80	19.30	21.20	19.90	19.30	11.40	4.80	2.20	12.08
1976	1.20	0.20	3.90	12.40	16.50	18.40	21.50	17.90	16.10	12.50	8.30	3.30	10.93
1977	3.20	7.70	10.40	10.90	17.60	20.50	21.60	20.70	14.80	12.40	7.60	-0.90	12.56
1978	1.50	2.00	8.20	11.20	14.80	18.80	20.60	19.80	15.30	11.60	2.40	3.40	10.44
1979	0.00	3.30	10.20	10.70	17.20	21.80	19.80	19.90	17.50	11.10	7.30	5.20	11.85
1980	-1.80	2.50	6.40	9.10	14.10	19.40	20.60	20.20	16.20	12.90	5.80	0.90	10.88
1981	-1.60	2.20	9.60	11.20	16.40	20.70	21.00	21.10	18.10	13.80	5.40	2.60	11.57
1982	0.50	-0.20	6.40	8.90	18.60	21.30	21.20	21.00	20.40	13.50	6.40	5.00	11.72
1983	4.60	1.80	8.80	15.00	18.40	18.60	22.70	22.00	17.30	11.70	3.70	2.00	12.47
1984	1.90	0.90	5.30	10.70	16.70	18.30	19.50	20.00	19.00	14.00	6.90	1.20	11.27
1985	-3.50	-3.20	5.80	12.40	18.60	17.50	21.80	22.10	17.30	10.90	5.40	6.50	10.53
1986	2.50	-1.70	5.80	15.10	18.60	20.80	19.50	22.80	17.80	12.30	6.20	0.80	12.18
1987	-2.60	2.60	1.40	11.70	15.20	20.80	22.10	20.50	21.30	12.90	7.90	3.20	11.22
1988	4.70	4.80	6.40	11.20	17.60	20.00	24.40	23.10	17.70	12.00	1.30	2.80	12.20
1989	0.00	5.10	10.30	15.00	15.70	18.00	22.10	21.60	17.00	12.70	5.80	3.60	12.18
1990	1.30	7.30	11.20	12.20	18.00	20.50	21.80	22.40	16.10	14.00	8.50	2.00	13.08
1991	1.80	-0.20	9.10	10.80	12.60	20.90	22.40	21.20	18.90	11.60	7.60	-1.20	11.56
1992	1.60	3.90	8.20	12.70	17.60	20.60	22.60	26.70	18.60	13.10	8.30	1.10	12.73
1993	1.50	99	5.00	12.60	20.00	21.70	22.50	23.40	18.10	14.50	3.00	99	12.15
1994	99	99	99	12.70	18.50	21.00	24.30	24.10	21.50	11.20	7.00	3.40	13.05
1995	0.60	7.80	7.10	12.50	16.80	20.50	24.80	21.60	16.60	13.40	4.20	2.20	12.44
1996	-0.20	-0.60	2.60	12.60	19.30	21.90	22.00	22.10	14.00	12.70	10.00	1.70	11.55
1997	0.30	5.30	6.70	8.20	18.60	21.90	21.10	20.80	17.10	9.70	7.80	4.10	11.60
1998	4.60	7.00	5.40	14.40	16.80	22.80	23.80	23.50	16.70	13.60	4.90	-1.60	13.13
1999	1.90	2.40	9.10	13.40	17.50	20.30	21.90	22.70	99	12.40	5.10	2.60	11.83
2000	-1.00	5.20	8.10	16.20	19.60	99	23.50	25.60	17.90	14.60	11.90	5.20	13.92
2001	4.20	5.40	11.80	11.90	18.30	19.00	23.00	24.00	99	14.80	4.70	-1.90	13.35
2002	1.20	8.50	10.30	12.10	20.10	22.90	24.20	22.20	17.40	13.20	10.60	1.30	13.40
2003	0.40	-2.10	7.10	11.60	21.50	25.00	25.00	25.60	17.80	10.80	9.20	2.80	12.77
2004	-0.20	3.60	99	13.10	16.00	99	23.10	22.00	17.20	15.10	7.60	3.70	12.31
2005	1.70	-1.30	5.80	12.60	17.70	20.30	22.60	99	18.40	12.80	6.70	3.30	11.93
2006	99	99	6.50	13.60	99	20.10	24.60	21.00	19.20	15.20	8.90	4.10	12.93
2007	7.50	7.10	10.10	14.70	19.40	23.50	25.70	24.2	16.3	11.7	5.3	1.1	14.13
2008	3.0	6.1	9.2	13.8	19.0	22.8	23.5	99	99	14.8	9.2	4.6	13.87
2009	-0.3