1931	13.40	13.70	22.30	29.90	33.00	34.80	34.50	33.90	31.00	26.70	20.60	15.30	25.62
1932	99	17.30	22.90	28.70	33.30	35.30	33.60	30.90	30.80	25.30	19.50	14.60	25.57
1933	12.30	16.80	21.70	27.30	33.10	35.40	33.70	31.60	30.60	26.40	20.60	15.70	25.34
1934	10.60	18.70	21.60	28.10	32.50	35.00	32.50	32.70	30.50	24.80	20.30	16.00	25.25
1935	99	99	23.90	26.10	32.50	34.90	33.60	31.10	30.70	24.90	21.20	14.80	25.25
1936	12.30	17.90	20.00	28.00	34.70	34.30	31.90	31.50	30.60	27.30	19.40	14.70	25.23
1937	12.60	16.30	20.80	26.70	33.50	35.30	33.30	31.20	30.90	26.00	20.20	12.80	25.12
1938	11.80	15.30	23.30	28.90	34.30	35.90	34.10	32.70	31.10	27.00	19.00	14.10	25.52
1939	14.20	16.50	19.10	25.60	32.50	34.90	33.70	32.50	31.10	26.60	21.20	16.80	25.17
1940	15.20	18.00	20.80	27.30	33.70	35.20	34.30	32.30	29.90	28.10	21.90	15.40	26.12
1941	13.50	18.30	25.10	30.10	34.70	35.60	34.10	32.70	30.60	29.50	21.70	15.70	26.77
1942	13.20	17.10	24.20	30.80	33.90	99	33.10	32.50	30.50	27.70	22.70	14.30	26.42
1943	11.80	16.80	23.70	28.20	33.20	35.30	34.10	30.60	30.70	26.90	21.00	17.30	25.55
1944	13.30	15.20	21.80	28.60	33.10	35.70	33.80	30.80	29.90	25.40	20.70	14.70	25.47
1945	12.00	16.50	22.90	26.80	33.10	34.40	33.10	32.00	30.20	25.90	20.90	13.80	25.21
1946	13.60	17.30	21.70	31.10	34.40	35.90	34.70	32.60	29.90	27.60	18.70	11.90	25.94
1947	13.00	16.20	23.20	28.70	33.20	35.20	34.60	33.10	30.50	25.90	22.20	14.40	25.64
1948	13.10	15.10	22.00	30.00	35.10	34.00	33.80	31.90	30.20	27.50	18.60	15.60	25.47
1949	13.40	16.00	21.20	28.60	35.00	33.60	34.20	30.90	30.90	24.90	18.50	14.90	25.23
1950	12.70	13.70	21.00	26.60	33.40	35.20	33.80	31.10	30.40	26.00	19.00	12.50	24.82
1951	13.20	15.50	21.40	26.60	33.10	35.10	34.40	32.10	30.20	28.70	20.80	16.20	25.30
1952	13.60	17.90	22.30	30.00	33.70	35.90	33.70	31.40	29.20	25.80	20.30	14.30	25.83
1953	13.50	18.10	24.80	28.90	33.40	35.70	33.00	31.90	30.60	26.00	20.80	18.10	25.92
1954	13.00	15.20	22.60	28.80	34.00	35.70	34.00	32.30	31.20	25.00	21.00	14.60	25.91
1955	13.10	17.70	24.00	27.20	31.70	35.50	33.60	31.60	31.10	25.80	20.00	15.60	25.49
1956	13.00	17.50	22.20	28.90	34.50	34.20	30.40	29.60	30.20	25.80	19.70	15.10	25.13
1957	12.50	16.40	21.10	26.20	30.10	34.30	34.20	32.30	29.30	25.90	20.70	15.20	24.84
1958	15.70	17.60	22.60	30.70	32.80	35.80	34.60	32.80	31.00	25.90	20.00	16.30	26.23
1959	14.10	16.00	24.10	29.40	33.30	35.80	32.70	32.20	30.90	28.30	20.10	15.00	26.10
1960	13.90	19.10	20.00	26.90	32.40	35.70	33.30	32.60	31.00	26.20	19.10	13.80	25.43
1961	14.20	14.90	23.40	27.20	33.70	33.90	33.70	32.20	31.20	26.10	19.30	14.70	25.30
1962	13.50	17.90	23.00	29.50	33.50	35.70	34.80	32.60	30.20	26.30	19.90	14.40	25.97
1963	14.80	19.30	22.70	28.40	32.40	36.10	34.70	33.20	30.90	27.50	21.80	15.40	26.35
1964	11.30	16.80	24.90	30.70	34.10	33.10	34.00	33.40	30.20	25.20	18.60	13.50	25.64
1965	16.60	17.40	22.30	25.10	32.50	35.10	33.80	31.80	30.20	28.50	22.30	14.30	25.76
1966	15.20	19.30	22.70	28.00	33.30	35.10	33.40	32.00	30.00	27.20	18.50	13.90	25.75
1967	12.00	18.10	21.30	27.90	32.90	35.30	33.90	31.50	31.00	26.90	21.70	14.70	25.53
1968	13.10	15.00	23.00	29.10	31.70	36.50	34.60	32.30	29.90	26.50	21.00	15.30	25.62
1969	14.10	16.50	25.20	29.70	33.00	36.00	34.50	31.70	30.80	27.90	22.30	16.40	26.42
1970	14.70	17.50	22.20	30.10	35.40	35.10	33.80	33.30	30.50	27.70	21.10	16.10	26.48
1971	13.40	17.30	22.90	31.10	33.80	37.90	33.00	31.90	30.70	26.30	21.20	16.10	26.30
1972	14.40	13.50	23.40	28.00	33.70	36.10	33.80	32.50	29.50	25.70	21.20	15.40	25.66
1973	12.60	17.90	22.40	29.80	34.60	37.10	33.70	32.20	31.50	26.60	20.30	15.20	26.18
1974	13.90	14.50	25.20	30.30	33.90	35.60	34.30	32.80	30.70	25.30	19.90	14.50	25.97
1975	12.80	15.20	21.40	28.60	34.20	35.60	33.50	31.80	30.20	26.90	20.60	16.70	25.44
1976	15.30	17.30	21.30	28.30	34.60	35.30	33.40	31.50	28.90	28.00	21.10	15.30	25.97
1977	13.00	18.30	25.60	29.70	33.30	35.10	33.70	31.70	30.40	28.10	22.90	17.30	26.43
1978	13.80	16.70	21.80	28.70	35.50	36.10	30.70	32.30	30.00	26.80	21.50	16.40	25.93
1979	14.70	16.20	20.50	29.80	31.00	36.90	34.40	31.50	30.20	26.30	21.50	16.50	25.78
1980	14.70	18.00	21.50	31.40	33.40	36.70	34.80	32.00	30.30	27.00	20.60	15.90	26.41
1981	14.50	17.50	22.30	30.30	34.50	36.60	33.60	32.30	31.30	26.60	20.50	16.60	26.32
1982	14.60	15.70	20.10	29.00	32.60	36.20	34.40	32.20	29.20	27.60	21.40	15.80	25.80
1983	14.00	16.30	21.20	26.60	99	36.70	35.00	32.70	31.60	26.80	21.50	15.60	25.85
1984	14.20	15.20	25.40	30.20	35.60	36.40	33.60	31.60	29.80	25.60	21.20	16.10	26.20
1985	14.70	18.30	25.10	29.30	34.40	36.50	32.80	31.70	30.10	26.30	21.70	15.30	26.42
1986	13.70	16.40	22.50	29.70	34.90	36.30	33.50	30.70	29.30	27.30	21.30	13.40	25.91
1987	14.80	18.20	22.80	29.10	32.30	36.40	34.00	33.70	30.80	26.70	21.30	14.90	26.12
1988	15.40	17.50	23.10	31.00	36.50	36.60	34.50	32.00	31.50	27.60	21.20	16.70	26.82
1989	13.70	16.60	22.00	28.70	32.80	35.10	32.90	32.00	30.20	26.70	21.60	16.10	25.75
1990	16.80	17.40	22.30	29.60	35.80	35.20	34.10	32.90	31.50	26.30	21.70	15.50	26.64
1991	14.40	16.00	23.00	28.70	33.80	37.40	34.50	32.50	30.60	26.60	21.60	16.40	26.22
1992	14.60	17.10	22.20	27.90	34.70	38.30	34.60	31.50	30.70	27.40	21.50	99	26.41
1993	15.30	20.20	22.30	29.90	35.90	36.90	34.60	32.70	32.10	26.70	22.40	16.70	27.23
1994	15.10	17.00	25.30	28.30	35.90	36.50	32.90	32.30	30.30	26.80	23.00	16.50	26.67
1995	15.20	18.70	21.70	27.80	35.10	37.10	33.80	33.10	31.30	28.00	21.70	16.20	26.67
1996	14.40	18.60	24.90	30.70	33.60	36.20	34.20	32.30	31.30	26.20	99	15.00	26.63
1997	14.20	18.40	22.00	28.30	33.00	34.90	33.80	32.20	31.50	25.80	21.40	15.20	25.88
1998	15.20	18.50	23.10	31.40	35.00	36.70	34.60	33.90	31.80	29.00	21.80	17.20	27.18
1999	14.80	18.30	24.50	31.90	35.50	36.30	34.40	31.50	31.50	28.90	23.50	17.10	27.36
2000	14.70	16.90	23.40	32.70	36.70	37.20	34.90	33.30	31.00	28.20	21.90	17.10	27.33
2001	99	18.50	24.20	99	36.90	36.60	99	99	31.40	28.30	22.50	18.60	27.69
2002	99	17.70	25.00	31.60	37.60	38.20	35.00	32.80	31.30	28.00	22.60	17.50	27.85
2003	16.30	18.80	24.30	31.10	35.20	37.60	33.40	32.80	31.30	27.80	21.00	17.00	27.26
2004	15.90	20.10	27.20	33.00	36.40	37.00	34.30	33.50	31.20	26.50	22.50	17.40	27.88
2005	14.7	16.1	24.4	29.8	34.8	37.5	35.0	33.0	31.8	27.8	22.5	15.90	27.06
2006	14.80	15.90	21.90	24.10	37.90	36.70	36.00	32.90	32.00	29.90	22.70	16.80	26.73
2007	15.80	19.80	23.80	33.30	36.30	36.30	34.80	33.6	32.5	27.5	22.9	15.8	27.79
2008	13.9	18.0	27.2	31.1	36.5	36.7	35.1	32.4	31.5	29.0	22.2	17.2	27.45
2009	16.5	16.5	25.1	31.1	37.6	37.0	36.3	33.9	32.0	27.6	21.3	17.5	28.01
2010	16.2	19.2	28.3	33.9	38.4	36.5	35.1	99	99	28.9	22.0	16.1	28.44
2011	13.9	18.5	25.1	29.1	36.6	37.2	35.3	33.0	30.7	27.6	4.6	17.0	27.31
2012	14.5	16.6	24.0	29.9