1931	99	99	99	99	99	99	99	99	99	99	99	13.40	99
1932	13.20	13.30	18.40	25.00	27.60	34.40	32.90	31.00	29.70	23.90	18.10	12.20	23.41
1933	9.90	13.70	17.40	21.10	28.30	33.00	33.60	29.60	28.40	23.80	18.30	13.90	22.44
1934	8.80	16.30	17.20	23.20	26.70	33.20	33.50	30.70	29.20	23.00	17.20	13.20	22.74
1935	8.90	13.40	18.10	19.40	28.50	32.00	32.20	29.30	28.10	21.80	17.20	11.30	21.84
1936	9.60	13.30	15.70	21.30	30.80	32.60	33.10	31.20	29.10	23.70	16.50	11.00	22.35
1937	9.50	12.70	15.50	21.40	29.10	33.80	31.40	32.50	28.40	21.70	16.40	11.50	21.95
1938	9.60	11.10	16.70	22.80	32.30	31.70	32.70	32.00	28.30	23.30	15.70	12.20	22.31
1939	11.30	11.80	13.70	20.30	28.70	33.30	33.00	31.70	29.70	23.60	17.50	12.90	22.23
1940	11.20	13.40	16.20	21.50	29.60	33.20	33.70	30.30	28.30	24.30	18.20	12.80	22.73
1941	11.30	14.70	20.40	25.90	31.50	34.90	33.80	32.30	28.40	26.60	18.90	14.00	24.29
1942	10.40	11.80	19.50	24.70	29.20	33.10	31.90	30.80	29.00	24.00	19.40	12.60	23.15
1943	10.70	14.10	18.80	21.90	27.50	33.00	32.40	32.00	30.30	24.20	19.10	14.50	23.05
1944	10.60	12.40	18.00	22.60	30.30	33.50	33.10	29.60	27.70	23.40	17.40	13.10	22.76
1945	9.80	12.30	17.40	22.50	28.70	34.00	33.00	30.60	30.00	24.10	18.30	12.40	22.82
1946	12.10	15.40	17.90	27.90	32.40	34.00	33.70	31.00	29.00	25.10	17.10	11.20	24.00
1947	10.90	13.70	19.20	26.00	30.80	34.50	33.60	31.90	29.80	21.80	19.00	12.60	23.53
1948	12.00	12.80	16.70	24.00	31.10	31.90	33.20	30.00	29.10	24.60	16.70	12.30	22.89
1949	11.20	12.20	17.30	24.70	31.00	30.90	32.30	31.20	30.30	22.90	16.30	11.30	22.72
1950	10.40	11.20	16.40	20.40	28.90	33.40	31.60	29.90	27.80	23.40	16.40	11.50	21.76
1951	10.10	12.70	17.30	21.10	27.60	31.80	32.60	31.10	29.20	26.40	18.80	13.10	22.52
1952	12.30	14.30	16.60	25.40	29.40	33.50	31.90	31.10	29.00	24.20	18.10	12.90	23.24
1953	10.90	15.50	20.50	24.50	29.60	33.80	32.70	31.60	29.00	23.40	18.00	15.30	23.53
1954	9.90	12.70	17.80	23.70	30.30	33.60	33.10	32.50	30.10	22.30	17.60	12.90	23.24
1955	11.70	15.60	19.80	23.10	26.90	34.80	33.60	31.50	29.20	23.80	18.00	12.50	23.41
1956	11.80	14.80	17.40	24.60	33.20	33.20	30.20	30.30	29.40	23.40	16.90	12.50	23.14
1957	10.30	12.80	17.10	20.40	25.80	31.70	33.10	31.60	28.50	23.00	16.90	12.80	21.98
1958	12.50	14.00	18.70	25.30	28.20	32.80	33.30	31.10	29.60	24.30	18.10	12.80	23.39
1959	11.00	11.40	18.30	23.50	28.10	33.90	31.50	31.40	29.70	25.50	16.60	12.10	22.81
1960	10.80	14.20	15.90	20.80	28.60	34.30	33.10	32.50	29.20	24.10	17.40	12.80	22.75
1961	11.50	11.00	17.90	21.20	29.40	33.60	32.60	31.40	30.40	23.30	15.50	11.40	22.55
1962	11.20	13.90	18.20	23.20	28.90	33.70	33.10	31.40	28.00	23.00	17.00	11.60	22.75
1963	11.40	16.00	17.10	22.50	26.40	33.90	33.90	31.60	28.80	24.50	17.70	13.00	22.95
1964	8.60	13.30	18.90	23.10	28.50	32.00	31.40	31.90	29.00	23.70	16.60	12.20	22.50
1965	12.60	11.90	17.40	19.90	26.50	32.20	31.60	30.20	29.10	25.20	18.00	11.00	22.23
1966	12.60	15.30	17.10	21.50	28.50	33.70	32.50	31.50	27.90	22.90	16.70	11.30	22.60
1967	11.00	14.50	16.90	21.50	26.80	32.90	32.80	30.60	29.10	21.90	17.00	12.00	22.19
1968	9.70	11.20	17.70	22.90	26.00	33.50	32.80	29.60	29.30	22.50	17.30	12.10	22.04
1969	11.50	12.80	20.60	23.00	26.80	33.00	32.60	31.10	28.70	23.80	17.80	13.40	22.82
1970	11.00	13.90	16.80	25.40	30.50	34.00	32.70	31.30	28.70	24.80	17.10	13.00	23.30
1971	10.70	13.30	20.30	24.60	29.40	32.90	31.70	30.30	28.20	24.00	18.20	12.90	23.05
1972	11.60	10.30	18.00	22.80	28.50	33.90	33.30	31.70	28.60	23.30	18.40	12.80	22.78
1973	10.00	14.00	17.10	24.50	29.80	35.40	32.40	31.50	29.40	23.40	18.30	12.50	23.22
1974	10.70	11.20	20.30	26.00	28.80	32.40	32.40	31.90	28.90	23.20	17.50	11.30	22.98
1975	10.80	11.70	16.30	23.10	29.00	32.60	31.40	30.10	28.90	24.80	16.90	13.50	22.24
1976	12.10	12.70	16.10	22.80	30.30	32.30	32.50	28.70	29.10	24.20	18.70	12.70	22.75
1977	10.20	13.90	21.50	24.10	27.80	33.00	31.30	31.30	29.40	25.10	99	13.60	23.23
1978	10.50	13.30	15.90	24.50	32.10	34.40	30.10	30.30	29.60	24.70	16.10	13.60	22.93
1979	11.90	13.00	16.10	25.60	26.10	32.90	32.70	30.00	27.70	24.40	18.80	13.90	22.73
1980	11.50	13.30	15.80	25.10	27.40	32.00	31.60	30.20	28.10	23.80	17.50	13.20	22.52
1981	11.40	13.30	17.40	24.50	29.40	32.50	31.90	30.50	28.70	22.90	17.50	13.10	22.77
1982	11.90	11.30	15.10	23.10	27.70	33.20	33.30	30.40	28.40	23.70	16.90	12.10	22.34
1983	10.40	12.70	15.10	19.90	27.70	31.20	31.90	30.50	29.60	23.20	17.30	11.90	21.80
1984	10.50	10.90	19.90	22.90	31.20	34.80	30.70	30.00	27.30	23.60	17.50	12.10	22.60
1985	11.80	15.20	20.10	24.40	29.30	33.80	31.50	31.10	29.70	23.30	17.70	12.90	23.33
1986	11.30	13.10	16.10	22.70	28.40	32.90	31.90	30.70	28.60	24.30	18.50	12.30	22.62
1987	13.00	14.00	16.90	23.50	26.10	31.30	33.30	33.00	30.70	23.30	18.20	13.70	22.97
1988	13.40	14.90	16.90	25.50	30.90	32.70	31.90	30.90	29.50	23.90	18.50	13.40	23.56
1989	10.80	12.60	17.40	22.40	29.10	32.50	32.30	30.20	29.00	23.90	18.00	13.20	22.63
1990	12.90	13.30	17.00	22.80	31.30	33.80	32.60	31.00	30.70	22.90	18.40	11.80	23.32
1991	10.90	12.50	17.30	21.30	26.70	32.20	33.30	31.80	28.60	23.10	17.30	13.40	22.23
1992	11.40	13.10	16.50	21.50	26.90	32.80	32.00	31.40	28.10	23.60	17.50	14.70	22.35
1993	10.80	16.10	16.20	24.40	30.70	32.80	31.40	32.80	29.10	23.40	18.50	14.30	23.41
1994	12.60	12.80	19.40	22.20	28.70	33.70	31.10	30.70	27.00	21.90	18.10	12.20	22.71
1995	99	13.50	16.30	20.60	29.10	34.00	31.60	30.30	28.30	23.80	17.80	12.30	22.37
1996	11.20	14.80	18.60	24.40	28.30	32.90	99	30.90	30.10	23.20	17.10	12.00	23.01
1997	11.10	13.60	17.60	21.70	26.30	31.50	32.00	31.10	30.30	22.10	16.80	11.80	22.18
1998	10.80	12.60	15.80	99	28.80	32.50	32.40	31.30	29.70	24.60	18.40	99	22.57
1999	11.50	14.80	18.40	26.20	31.10	34.00	33.10	31.30	30.50	25.00	18.30	14.10	23.99
2000	11.50	99	17.70	26.90	33.20	33.30	32.10	31.30	28.30	24.50	17.90	99	23.75
2001	11.30	15.10	19.90	99	99	33.30	31.40	99	28.70	24.70	99	14.20	23.14
2002	11.50	13.00	19.60	25.70	32.00	99	33.70	30.40	27.40	24.00	17.90	13.40	23.57
2003	99	13.30	18.10	99	28.10	99	99	99	29.10	23.30	17.00	13.60	22.75
2004	11.90	14.70	22.50	26.20	30.50	32.10	32.40	30.80	29.20	22.00	18.50	13.90	23.70
2005	11.10	11.70	18.50	23.10	26.30	33.20	31.40	31.10	29.10	23.80	17.00	99	22.52
2006	11.20	11.70	18.10	18.60	32.70	32.10	31.90	29.90	28.60	24.90	17.80	12.10	22.46
2007	12.10	13.90	17.60	27.10	29.30	29.30	31.60	31.4	28.6	23.5	17.3	12.7	23.12
2008	9.4	14.0	22.0	23.1	29.8	32.5	31.3	30.0	28.2	25.2	17.9	14.2	23.01
2009	13.0	13.0	19.0	22.7	30.0	31.8	32.6	31.7	29.5	24.0	17.0	13.1	23.37
2010	12.9	13.8	22.4	26.5	29.9	31.0	31.7	29.5	28.5	24.8	17.7	10.9	23.48
2011	10.9	13.1	19.7	23.8	32.2	33.8	31.0	30.4	28.7	23.8	18.6	11.8	23.07
2012	9.9	11.7	18.7	23.4