1781	-1.6	-0.9	2.4	8.7	12.2	14.2	15.2	16.7	12.7	4.7	1.9	1.5	7.30
1782	-0.8	-5.5	0	3.8	9.3	15.5	17	14.4	10.9	3.9	-2.5	-2	5.30
1783	0.9	0.4	-0.4	6.3	10.8	12.9	16	14.4	12.1	8.5	1.5	-2.1	6.80
1784	-5.1	-4.4	0.1	2.1	12.7	13	15	13.6	14.4	2.6	1.5	-4.4	5.10
1785	0.8	-6.4	-6	1.3	9	11.5	13	13.2	14.2	6.3	2.6	-1.6	4.80
1786	0.1	-2.9	-0.5	7.1	9	13.7	11.6	12.3	9.5	3.8	-0.2	-0.7	5.20
1787	-3.3	0.9	3.2	3.8	7.1	13.9	14.2	16.1	12.1	9.5	2.1	4.2	7.00
1788	-1.7	2.2	2.2	5.6	11.5	14.6	17.4	14	13.6	5.9	0.1	-10.2	6.30
1789	-0.8	-0.4	-3.4	7.4	13	10.8	14.6	14.4	11.1	6.8	0.7	1.5	6.30
1790	-0.4	1	1.6	3.8	11.9	14.2	13.4	15.7	11	8.8	3.1	-0.8	6.90
1791	1.1	-1.7	2	8.9	9.6	12.8	14.6	16.4	11.1	7.5	1.7	0.3	7.00
1792	-0.7	-2	3.7	7.8	9	13.6	15.2	15.8	9.9	8.4	2.4	-1.2	6.80
1793	-2.5	0.9	2.4	4.2	8.8	12.1	17.6	17.2	11	10.2	4.4	1.1	7.30
1794	-1.4	3.1	5.9	10.1	10.7	14	18.2	14	9.6	6.7	3.8	-2.7	7.70
1795	-6.9	-0.3	1.6	9	10.8	14	12	15.7	13.9	12.5	0.3	3.2	7.20
1796	6.3	-1.2	-1.3	4.4	10.5	13	15.2	14.5	14.3	6.1	1.1	-2.2	6.70
1797	-1.2	1.2	-0.2	7.6	13.2	11.2	17	16.4	12.6	7.4	5.1	1.4	7.60
1798	-2.3	-0.7	1.2	6.6	11.1	13.6	14.6	15.1	12.9	7.6	1.7	-4.6	6.40
1799	-3.4	1.1	0.7	3.8	8.9	11.3	13.6	15.8	11.6	7	2.9	-5.2	5.70
1800	1.6	-1.5	-1.5	12.1	12.4	10.6	15	16.1	12.2	6.2	3.2	1	7.30
1801	0.5	-0.8	3.1	6.5	12	11	14.2	13.7	12.3	8.6	4.3	-0.8	7.10
1802	-4.3	-0.4	1.9	6.5	10	15.2	14.4	18.5	12.1	11.3	2.7	-0.5	7.30
1803	-3.5	-4.4	1.1	9	7.6	12.1	16	15.7	9.3	6	3	0.7	6.10
1804	3.6	-4.4	0.7	5.2	11.8	13.7	14.6	14.6	13	8.3	1.8	-2.1	6.70
1805	-1.8	-0.8	0.1	3.7	8.5	12	13.4	13.1	12.2	4.5	-1.1	-1.9	5.20
1806	0.7	1.3	1.6	2.5	13	13.5	15.2	14.8	12.1	7.5	5.4	4.8	7.70
1807	-3.4	0.7	-2.6	4.4	12	13.5	18.6	19.6	10.6	10.4	4.7	-1	7.30
1808	-2.7	-3.3	-3.5	4.4	13	13.2	18.1	17.2	12.7	5.2	3.4	-4.7	6.10
1809	1.7	3.8	2.5	2	12	13	15.5	13.51	12	6.6	1.3	0.6	7.00
1810	-3	-3.5	4	5	10.5	12	15	14.5	15	7	4.6	1	6.80
1811	-5.5	0	4	7.5	14.5	17	17	15	12.5	12.5	4.5	0	8.30
1812	-4	0.5	1.5	2	11.5	13.5	13.5	14	11	10	0.5	-7	5.60
1813	-4.9	1.4	0.1	7	10.8	10.7	12.2	11.7	9.8	7.1	0.6	0.2	5.60
1814	-3.2	-7.7	-0.1	7.9	8	10.9	15.4	13.7	9	6.5	4.2	1.5	5.50
1815	-7	2.3	4.3	6.6	11.3	11.9	12	12.9	11.3	7.7	-0.8	-2.8	5.80
1816	-3.1	-3.6	-0.6	5	7.6	10.2	12	12	10.1	7.8	0.1	-1.9	4.60
1817	1.2	0.5	-0.8	-0.4	9.4	14.4	13.4	13.8	14	2.8	4.3	-1.1	6.00
1818	0.4	0.2	1.3	8.2	9.5	14.4	15.2	13	11.8	7.4	4.6	-1.4	7.10
1819	0.5	-0.5	1.9	7.4	11.5	13.3	15.4	14.4	12.7	6.9	1.7	-1.2	7.00
1820	-5.1	-0.1	-0.9	7.5	11.1	10.4	13.8	17.1	9.2	6	0.4	-2.7	5.60
1821	0	-2	1.7	7.8	8.4	9.8	12.6	15.2	12.1	7	6.7	3.2	6.90
1822	-2.7	1.5	6.1	7	12.9	18.21	15.8	14.2	11.3	10.4	6.7	-5.1	8.00
1823	-3.4	0.1	0.6	4.1	11.8	11.7	13.2	15.6	12.8	7.5	2.3	0.4	6.40
1824	-3.1	1.3	-0.7	3.3	9.2	11.9	15.6	14.3	13.3	7.6	4.7	3.4	6.70
1825	-2.8	-2.5	-1.4	7.6	10.3	12	14.4	14.4	12.2	6.8	3.2	4.4	6.60
1826	-6.5	1.9	2.4	4.8	7.4	12.3	15.8	17.8	13.6	8.7	0.2	-0.3	6.50
1827	-4.7	-4.5	2.1	6.8	12.3	12.5	16.8	13.1	12.4	8.9	-1.7	3	6.40
1828	1.5	-1.4	1.3	5.7	10.8	13.4	15	12.8	11.8	6	4.2	1.7	6.90
1829	-5.3	-4.3	0.7	5.9	9.5	11.1	15	12.5	10.1	5.3	-0.6	-7	4.40
1830	-7.8	-3.6	3.2	8	11.3	12.7	15.6	14.4	9.1	6.3	4.3	-1.3	6.00
1831	-2.7	0.5	2.2	7.9	9.7	11.7	14.8	14.6	10	12.1	1.4	-0.4	6.80
1832	-0.4	-0.5	1.4	5.9	8.5	11.5	14.2	16.2	11.2	6.9	1.8	-1.4	6.30
1833	-3.3	2.3	0.8	3.2	14.1	14.7	11.8	11.2	9.7	7.8	2.5	2.3	6.40
1834	2.6	-0.5	0.6	3.2	13.6	15.5	17.8	15.8	15.3	7.4	2.9	-1.4	7.70
1835	-0.2	-0.4	-0.3	3.8	10.3	13.2	17	14	12.1	4.9	-1.3	-2.8	5.90
1836	-2.6	-2.2	5.5	4	7.1	13.8	15.6	15.2	10.2	8	1.5	-0.7	6.30
1837	-1.5	-1.1	-2.7	2.8	6.6	14.2	13.2	17.3	9	6.2	0.5	0	5.40
1838	-5.4	-2.7	0.6	1.9	10.3	12.4	14	13	12.2	6.3	3.6	-2.5	5.30
1839	-4.1	-1	-1.2	1.5	8.5	16	16	12.4	12.4	9.1	5.8	1.8	6.40
1840	-0.4	-2.7	-3.9	6.7	9.4	12.8	12.4	14.4	10.9	4.2	4.6	-4	5.40
1841	-3.4	-1.3	4.3	6.2	14.3	11	12.8	13.9	13.1	8.7	3	0.9	7.00
1842	-6.9	-0.7	1.3	4.1	9.9	14.1	14.2	16.7	10.6	3.1	0	3.2	5.80
1843	-1.5	2.5	0.4	4.9	7.8	9.6	12.4	14.4	10.7	7	2.8	1	6.00
1844	-4.8	-3.5	-0.8	6.8	8	14	12.4	11.2	12.1	7.6	3.4	-2.9	5.30
1845	0.2	-8	-3.1	5.8	6.2	13.8	15	11.9	11.5	7.7	4.9	-0.1	5.50
1846	0.3	1.1	3.2	5.6	11	15.9	16.6	15.8	12.8	8.2	2.3	-5.4	7.30
1847	-0.3	-4.4	-0.1	1.7	13.5	9.8	15.2	14.6	8.8	7.1	4.5	-1.4	5.80
1848	-8.3	1.5	1.9	7.3	10.2	14.3	14.8	14.6	11	8.1	0.5	2.1	6.50
1849	-0.8	0.3	-0.8	3.7	10.3	14.4	14.8	12.9	11.3	8	1.3	-3	6.00
1850	-6.1	1.7	-1.4	5.1	8	13	13.8	14.4	9.1	3.9	3.2	0	5.40
1851	0.5	-1.7	-0.2	6.5	5.8	13.2	13.2	14.1	7.7	8.2	-3.6	-0.5	5.30
1852	1.5	-2	-1.7	2.8	10.3	13.4	16.2	14.6	10.8	6.4	7.7	4.7	7.10
1853	2.1	-4.7	-3.1	2.6	8.6	12.3	16	15.3	11.2	8.9	1.3	-5	5.50
1854	0.4	-4.7	0.4	6.21	10.4	11.7	15	13.5	11.5	8.3	-0.6	-1	5.90
1855	-5.8	-1.9	0.4	3.7	8.9	12.9	14.6	15.8	11.6	10.6	0.2	-4.4	5.60
1856	1.7	1.3	-0.1	7.9	8.4	14.6	13	16.6	10.3	9.3	-2.5	-0.2	6.70
1857	-4.1	-0.7	0.1	4.6	10.3	13	16.8	15.5	13.4	9.9	3.3	1.3	7.00
1858	-4.3	-4	-0.2	6.6	7.7	16.7	13.4	13	14.1	8.1	-0.8	-1	5.80
1859	-2.1	-0.4	3.9	5.9	9.3	13.5	19.2	17.1	11.6	9.1	1.5	-4.1	7.00
1860	0.9	-6.1	-1.6	4	10.3	12.7	11.4	13.5	10.9	6.1	-1.2	-1.4	5.00
1861	-4.7	2.7	1.5	3.4	8.5	13.8	14.4	16.7	11.3	9.3	3.2	-1.8	6.50
1862	-2.6	-2	5.7	8.1	12.2	11.6	15.4	13.8	12.3	9.3	2.4	0.1	7.20
1863	1.2	-0.6	1.2	6.1	11	12.4	13.6	16.9	10.6	9.4	2.5	-0.5	7.00
1864	-5.3	-1.9	2.1	2.7	9	11.8	13.4	12.6	10.7	4.9	0.1	-4.1	4.70
1865	-1.2	-5.7	-5	9.91	13.6	11.6	17	13.6	13.9	7.8	3.5	-1.2	6.50
1866	1.7	0.9	0.4	6.8	6.6	14.4	13.8	13.3	12.8	6.7	1.2	2	6.70
1867	-2.7	1.8	0.4	5.3	10.1	12.5	13.2	15.6	12.4	5.5	-0.6	-4.8	5.70
1868	-4.9	0.2	-0.8	4.3	15.2	14	14.6	15.1	14.5	6.7	-0.6	3.8	6.80
1869	-3.9	4	-3.2	7.3	11.5	9.5	16.8	12.7	13.1	3.7	1	-1.4	5.90
1870	-3.7	-4.2	-2.3	4.2	11.5	12.7	16.6	11.8	9.1	5.9	1.2	-6.9	4.70
1871	-6.6	0.3	2	4.7	6.9	9.1	15.2	14.7	13.4	3.7	-2.7	-6.1	4.60
1872	-0.3	0.7	2.7	6	9.3	12	15.2	13	12.5	8.4	4	2.6	7.20
1873	1	-2.4	3.5	4.1	6.1	12.5	16.6	15.8	10.1	8	1.5	-1.2	6.30
1874	-0.4	-1.9	0.2	6.6	5.7	13.4	17.4	12.3	13.6	9	-0.6	-4.2	5.90
1875	0.2	-6.1	-1.7	5.2	11.6	13.8	13.6	16.1	11.6	4.4	0.1	-3.5	5.40
1876	-2.7	0	1.3	5.7	5.1	12.6	15.2	15.3	9.9	9.3	0.7	2.6	6.30
1877	1.3	-0.2	-0.7	3.7	6.4	15.6	13.6	15.8	8.3	4.7	3.5	-2.1	5.80
1878	-3.8	0.1	-0.6	5.4	10.7	12.4	13.4	14.3	11.2	7.5	0.4	-3.3	5.60
1879	-2.7	-1.3	0.4	3.8	5.5	13.3	12	16.2	11.9	4.7	-1.9	-6.1	4.70
1880	-5.4	1.3	3.4	6	7.6	11.5	16	13.4	12.1	6.7	2.3	2.3	6.40
1881	-5.9	0.3	1.7	3.2	8.4	12.4	17.4	15.4	10	2.1	4.9	-0.3	5.80
1882	0.7	-0.4	4.4	4.9	9.8	11.2	14.2	12.2	9.9	7.9	1.9	0.9	6.50
1883	-1.5	0.2	-4.2	3.8	10	12.5	14	14.2	11.2	5.7	2.3	-2.9	5.40
1884	0.7	1	3.2	4.2	11	9.2	16.1	15.2	12.6	4.8	0.2	-1	6.40
1885	-3.2	2.8	0.1	7.5	7.6	14.8	15.4	14.1	11.7	5.3	2.2	-2.3	6.30
1886	-3.1	-4.9	-0.6	7.3	10.6	11	15.6	14.7	14.2	8.5	2.6	-1.5	6.20
1887	-3.8	-4.1	-1	5.1	6.7	13.6	17.2	14.3	10.5	2.1	1.6	-3.7	4.90
1888	-3.8	-3.5	-0.6	3	10.6	13.7	12.4	13.3	11.3	4.2	2.1	1.9	5.40
1889	-4.2	-5.7	-1.8	3.9	12.6	14.5	14	13.4	8.9	6.7	2.5	-4.1	5.10
1890	1.6	-5.7	1.6	4.6	11.2	11.2	13.1	14.6	10.5	4.9	0.3	-6.9	5.10
1891	-6.8	-2.7	0.9	2.4	10.4	13.1	13.7	13.2	12.5	9	1.3	0.3	5.60
1892	-3.8	-0.3	-1.2	5.5	9.8	12.9	14.1	17.4	12.7	6.4	3.5	-3.5	6.10
1893	-8	0.1	2.2	8.5	9	13.2	15	15.6	11.7	9.1	0.1	-1.8	6.20
1894	-2.8	-1.3	2.1	8.1	8.6	11.8	15.7	14.4	9.7	6.7	3.2	-2.6	6.10
1895	-6.5	-9.3	-0.1	6.4	9	12.9	16.3	14.8	15.8	6.4	4.9	-1.9	5.70
1896	-3.8	-2.3	3.8	2.4	7.1	13.1	15	11.7	10.9	6.6	-1	-1	5.20
1897	-2.6	1.5	3.3	4.8	7	14.4	14.3	14.6	10.1	5.9	2.9	-0.1	6.30
1898	2.9	-2	0.8	5.8	9	12	13	17.2	13.3	9	4.8	0.8	7.20
1899	1	1.9	1.9	4.6	8.2	12.3	14.2	15.8	10.9	8.1	4.2	-3.6	6.60
1900	-1.2	1.3	-2.2	4.1	7.9	13.8	16.5	14	13.9	7.9	3.7	2.3	6.80
1901	-2.7	-6.2	0	5.3	10.3	13.5	15.4	14	12.4	7	-0.5	-0.2	5.70
1902	0.1	-2	1.3	7	5.2	11.5	15.2	14.2	11	5.9	1.5	-1.6	5.80
1903	0.2	2.7	3.9	1.4	10.1	11.9	13.6	14.5	12.2	8.9	1.9	-1.5	6.70
1904	-1	-1.2	1.7	7.2	10.7	13.7	17.8	15.4	9.1	6.8	1.3	0.4	6.80
1905	-4.1	-2	2.3	3.9	8	13.9	17.4	14.4	11.8	1.1	1.9	-1.2	5.60
1906	-1.3	-2.8	-0.3	4.9	9.5	10.9	14.6	15	9.9	9.8	4.4	-4.2	5.90
1907	-3.5	-4.7	-0.7	2.8	11.5	12.6	12.6	15.4	12.5	10.2	3.6	1	6.10
1908	-1.6	-2.1	0.1	2.5	11.7	14.8	14.2	12.6	10.1	7.8	0.5	-0.9	5.80
1909	-4	-5.3	0.2	6.6	8.2	11.2	12.2	14.2	10.8	9.1	-0.6	0.5	5.30
1910	-1.2	0	1.9	4.4	8.5	13.1	12.6	13.9	9.1	8.3	1.1	2.4	6.20
1911	-3.9	-1.4	2.2	4.4	9.5	12	17.6	17.5	13.9	8	5.2	2.2	7.30
1912	-1.2	3.1	4.1	3.6	10.2	13	14	11.3	5.4	5.2	-0.8	2.8	5.90
1913	-0.4	-1.3	4.6	4.9	9.2	11.3	11.2	12.8	10.6	10	5.2	-0.1	6.50
1914	-6	3.4	2.1	7.8	7.5	11.1	13.2	15.2	10.3	6.5	1.5	2.4	6.30
1915	-2.5	-0.4	-0.4	4.3	11.4	14.8	13.8	12.6	9.1	3.9	-0.3	4.1	5.90
1916	1.8	-0.3	2.9	5.4	10.8	10	13.4	13.6	9.6	7.4	3	0.9	6.50
1917	-5.4	-4.3	-1.1	1.4	13.3	15.5	14.6	14.2	14.2	4.9	2.3	-4.5	5.40
1918	0.9	0.4	2.7	6.4	11.2	9.7	14.2	13.7	12.2	5.5	2	2.5	6.80
1919	-1.3	-1.7	1.4	1.9	8	12.5	11.2	15.4	14	3.3	0.2	0.3	5.40
1920	1.7	2.3	4.7	6.5	12.1	11.6	14.8	12.7	11.4	6	2.4	-0.3	7.20
1921	2.4	-1.5	4.3	4	11.3	11.7	17.4	15.2	12.6	10.7	-0.2	-1	7.20
1922	-3.5	-2.1	2.3	3.2	11.4	13.4	13.4	14.3	8.7	3.4	-0.6	0.1	5.30
1923	-2.6	0.4	2.3	4.8	10.3	8.6	17	15.3	11.9	9.9	2.2	-3.4	6.40
1924	-2.2	-5.3	0.4	4.6	11.2	12.1	14.4	11.3	12.1	8	2.7	1.6	5.90
1925	1.3	1.5	-2.4	5.6	10.1	12.5	14.4	14	8.7	7.6	-0.3	-0.7	6.00
1926	-1.7	4.4	1.3	7.4	8.1	9.9	13.2	14.2	13.9	7.6	6.5	-3.2	6.80
1927	-1.1	-1.2	3.2	4.8	9.9	13	14.6	14.1	11.7	6.6	2.9	-2.5	6.30
1928	0.3	0.1	1.6	5.7	6.8	12.8	18	15.4	10.9	8	3.9	-2.7	6.70
1929	-5.9	-8.5	1.6	2.1	10.2	12.8	15.8	15.3	14.5	8.4	4.3	1.9	6.00
1930	3	-2.8	2.9	6	8.7	16.1	13.6	13.9	12	7.2	5.2	-2.1	7.00
1931	-2.4	-3.6	-2.2	3.4	12.5	15	14	12.8	6.7	5.9	3.9	-2.9	5.30
1932	0.5	-6.9	-1	4.2	9.3	11.8	14.6	17.1	14.6	6.8	3.4	2.6	6.40
1933	-3.9	-2.3	3.1	4.8	7.5	10	15.6	15.4	12.3	7.8	1.6	-5.9	5.50
1934	-1.2	-1.4	1.9	8.6	11.5	13	16.2	13.9	14	7.4	2.4	4.3	7.60
1935	-5	-1.3	0	3.9	7.9	15.1	16	14.2	12.9	6.6	4.2	-1.7	6.10
1936	2.3	-0.5	3.5	4.8	9.4	12.3	13.8	14	11.1	2.9	2.3	1.1	6.40
1937	0.4	0.8	1.2	4.9	12.3	14.1	15.2	14.6	11.4	8.6	1.7	-2.7	6.90
1938	-1.3	-1.3	5.8	1.1	8.1	14.7	14.4	14.4	12.6	7.3	6.8	-2.9	6.60
1939	0.8	1	-1.9	7.5	6.5	13.3	14.3	14.8	10.4	4.9	4.6	-3.2	6.10
1940	-7.4	-1.1	1.2	6.3	9.4	12.6	13.7	12.5	11.5	6.5	3.4	-6.6	5.20
1941	-4.8	-0.6	2.3	3.2	6	13.7	15.2	13	10.3	5	0.7	-2.1	5.20
1942	-7.7	-6.3	2.8	4.5	10.2	12.6	14.2	15.3	14.5	11.1	-0.8	1.8	6.00
1943	0	1.3	5	7.1	10.3	11.2	15.4	17	12.6	9.5	0.1	-1.1	7.40
1944	0.4	-4.6	-3.1	6.7	9	11.4	14.2	17.8	10.9	5.9	1.6	-2.3	5.70
1945	-6.8	2	3.4	6.5	12.5	16.11	16.1	14.2	12.2	8	1	-0.5	7.10
1946	-2.4	-0.2	2.9	9	11.4	12.2	16	14.4	13.1	5.5	2.3	-3.5	6.70
1947	-5.8	-3.8	3.4	8.9	12.4	15.1	17.1	17.2	16	7.5	3.8	-1.7	7.50
1948	2.5	-1.6	5.4	7.3	11.5	12.1	12.4	14.1	12	7.9	4.7	1.1	7.50
1949	-0.2	0.4	-0.4	8.8	8.8	11.8	16	15	15.1	10.1	1.4	1.3	7.30
1950	-2.47	2.09	3.58	4.22	12.34	16.5	17.27	15.39	11.21	6.52	2.85	-3.59	7.16
1951	-0.01	0.15	0.55	5.4	9.44	12.86	15.51	15.12	12.91	6.1	5.13	2.04	7.1
1952	-2.54	-3.6	1.8	8.51	9.45	13.99	17.72	16.57	7.94	5.91	0.22	-2.83	6.1
1953	-4.39	-2.75	3.92	7.23	10.7	12.54	15.32	14.74	12.4	8.87	4.0	3.01	7.13
1954	-6.36	-3.91	3.71	2.67	8.23	13.08	12.26	13.49	11.63	8.25	3.88	0.54	5.62
1955	-0.35	-3.09	-0.96	4.69	8.35	12.71	13.99	13.97	11.1	5.86	2.0	1.85	5.84
1956	-0.84	-12.15	1.43	3.7	10.55	9.92	14.73	12.96	13.3	5.89	-0.99	0.51	4.92
1957	-1.06	2.41	6.59	4.99	6.38	14.02	14.74	12.78	10.52	8.23	2.11	-0.01	6.81
1958	-1.67	1.5	-2.54	2.52	12.79	12.04	15.26	15.52	13.37	6.34	1.23	0.78	6.43
1959	-1.83	1.62	5.16	7.33	10.1	13.12	16.71	14.18	12.7	7.55	2.44	1.05	7.51
1960	-1.95	0.17	2.94	5.14	10.9	13.49	12.74	14.34	10.48	7.73	4.28	-1.89	6.53
1961	-1.89	3.57	4.51	9.11	7.36	13.81	13.22	14.5	16.14	9.29	2.81	-0.88	7.63
1962	-0.57	-2.99	-2.12	6.47	7.68	12.21	14.17	16.07	11.69	7.83	0.99	-3.91	5.63
1963	-8.55	-5.46	1.81	6.99	8.76	13.08	15.88	13.5	12.2	7.28	6.27	-3.49	5.69
1964	-2.87	-0.33	-0.89	7.03	11.45	14.1	17.08	13.99	12.4	4.5	2.51	-0.92	6.5
1965	-0.6	-6.26	1.0	3.64	7.91	13.92	13.07	13.51	10.81	7.29	0.44	0.53	5.44
1966	-4.32	4.69	-0.07	7.78	9.86	14.1	12.88	12.65	12.92	10.17	0.4	-1.17	6.66
1967	-1.67	0.37	2.67	4.16	10.01	12.32	16.89	14.65	11.75	10.87	3.41	-3.12	6.86
1968	-3.75	-0.47	2.21	7.11	9.12	13.24	13.49	12.81	10.88	9.81	2.23	-3.41	6.11
1969	0.15	-3.56	0.41	4.84	11.74	10.75	15.56	13.05	12.54	9.46	3.04	-6.36	5.97
1970	-0.9	-2.65	-1.24	2.69	8.09	14.51	14.45	14.79	12.31	7.04	4.88	-2.76	5.93
1971	0.77	-2.73	-2.03	8.05	11.46	11.05	16.82	15.94	10.28	8.33	1.23	2.13	6.78
1972	-1.98	2.75	4.94	4.11	8.7	11.99	14.46	14.04	8.48	5.02	2.89	1.52	6.41
1973	-2.61	-3.13	0.34	1.75	10.82	12.97	13.8	16.46	13.1	5.6	1.99	-0.66	5.87
1974	2.81	0.64	4.9	5.17	8.48	11.15	13.84	15.59	11.2	1.48	2.82	1.63	6.64
1975	2.52	0.32	0.91	4.42	10.16	11.29	15.25	14.79	14.49	5.92	1.02	-1.73	6.61
1976	-1.44	0.41	-0.11	4.6	10.92	15.53	16.33	12.65	10.68	9.33	1.95	-2.12	6.56
1977	-0.72	2.1	5.68	2.99	9.41	13.17	14.81	13.54	9.77	9.7	2.43	1.78	7.06
1978	-1.65	-2.73	2.18	4.37	7.89	11.97	13.43	12.78	10.87	6.87	2.76	1.0	5.81
1979	-4.42	-1.08	2.99	3.08	10.61	13.35	13.89	13.28	11.52	9.15	1.27	2.43	6.34
1980	-3.54	1.5	2.04	1.89	7.25	11.66	12.52	15.49	13.2	6.64	1.59	-1.43	5.73
1981	-3.84	-3.44	5.72	6.47	10.05	13.07	13.91	14.95	12.27	7.12	2.27	-2.04	6.38
1982	-0.25	-1.31	1.57	3.23	10.86	14.07	16.81	14.46	14.78	7.76	5.08	0.63	7.31
1983	2.3	-4.47	3.0	7.14	9.03	13.59	20.0	15.14	12.21	8.04	1.86	1.1	7.41
1984	-1.02	-4.06	-0.27	3.89	7.64	12.04	14.67	14.55	10.1	8.83	6.61	0.18	6.1
1985	-6.5	-3.18	0.05	5.28	10.88	11.14	16.5	15.2	13.46	7.37	-1.63	3.57	6.01
1986	-1.62	-8.51	1.7	4.3	12.43	13.3	14.65	14.82	11.62	8.79	4.92	0.48	6.41
1987	-7.49	-0.15	-2.96	7.68	6.39	11.96	15.08	14.5	15.0	9.29	2.87	1.92	6.17
1988	2.92	-0.96	-0.09	6.77	11.56	12.6	15.63	15.37	11.31	9.54	1.16	-0.12	7.14
1989	1.51	2.98	6.38	4.99	11.49	11.99	15.65	15.52	11.61	9.62	1.63	2.57	8.0
1990	1.8	5.8	5.8	4.3	12.6	13.3	15.8	17	10.8	10.5	99	99	99
1991	-1.4	-2.7	5	4.2	6.1	11.9	16.8	16.6	14.1	5.8	2.5	-2.2	6.40
1992	-0.4	0.9	2.8	5.3	12.5	13.6	16.4	19.1	12.4	5.1	4.9	0.1	7.70
1993	2.2	-1.8	1.4	8.1	12.5	13.8	13.9	15	11.2	6.1	-0.9	1.8	6.90
1994	0.5	0.1	6.1	4.6	10.6	14.5	18.9	17	11.7	7.5	6.2	1.2	8.20
1995	-2	3	0.5	6.1	10.4	11.1	18.1	14.6	9.8	11.3	2	-1.8	6.90
1996	-1.6	-3.2	-1.2	6.2	9.8	14.1	14	13.9	8	7.3	2.7	-2.1	5.70
1997	-1	2.7	4.5	3.7	11	12.8	13.9	17	13.3	6.2	3.7	1.1	7.40
1998	0.5	3.4	1.8	6.4	11.5	14.9	15.2	16.1	10.9	7.3	-1	0.2	7.30
1999	2	-3.2	3.6	6	12.2	12.5	16.1	15.5	14.6	7.8	0.5	-0.1	7.30
2000	-2	1.9	2.5	8.3	12.6	15.7	12.9	17.2	12.6	8.6	4.6	3.3	8.20
2001	0	0.8	4.3	4.3	13.1	12.3	16.3	17	8.7	12.8	0	-3.7	7.20
2002	0.7	3.2	4.8	5.6	11.3	16.7	15.5	15.4	9.9	7.6	5.4	1.2	8.10
2003	-2.3	-3.8	4.8	6.3	12.7	19.3	17.2	20.7	12.5	4.3	5.8	1.3	8.20
2004	-2.1	0.2	1.9	7.1	9	13.4	15.3	16.4	12.6	10.2	1.6	0.4	7.20
2005	-0.9	-3.9	2.3	7	11.3	15.4	15.7	13.4	13.2	10.6	2.3	-2.8	6.9
2006	-2.3	-2.5	-0.3	6.1	10.9	15.0	19.8	12.1	15.5	11.7	6.4	2.7	7.9
2007	2.2	2.9	2.6	11.2	12.1	15.1	15.5	14.9	10.1	6.9	1.0	-0.1	7.9
2008	2.5	2.7	1.6	5.3	12.7	15.0	15.5	15.7	10.2	8.5	3.6	-0.4	7.7
2009	-2.7	-1.7	0.9	10.1	12.7	12.9	16.3	17.7	13.3	7.3	6.8	-0.9	7.7
2010	-4.6	-1.2	2.0	7.1	8.5	14.3	17.7	14.6	10.7	6.8	3.1	-2.5	6.4
2011	-1.0	0.7	4.2	10.2	12.4	13.9	13.6	17.3	14.4	8.1	6.6	1.4	8.5
2012	-0.8	-6.3	6.1	6.6	12.4	15.2	15.7	17.4	12.4	8.2	5.1	0.2	7.7