1949	-16.7	-22.5	-14.8	99	99	99	99	99	99	-3.2	99	-9.2	99				
1950	-19.5	99	99	-12.3	-1.5	99	6.9	6.4	2.8	-2.9	-6.2	-5.8	-5.64				
1951	-12.4	-20.1	-15.3	-11.7	-0.2	5.7	6.5	6.1	3.9	-3.2	-4.5	-11.4	-4.25				
1952	-15.2	-16.3	-17.6	-9.4	0.2	4.1	6.3	7.0	3.6	-1.2	-4.4	-6.2	-4.52				
1953	-11.6	-14.5	-17.1	-4.9	-0.2	2.8	6.7	5.6	2.3	-3.7	-8.3	-15.4	-4.09				
1954	-12.0	-18.3	-11.5	-5.8	0.2	3.0	4.9	5.5	2.4	-2.4	-4.2	-14.2	-4.47				
1955	-18.4	-13.5	-13.7	-13.6	-1.7	3.9	4.6	4.3	1.6	-0.2	-5.2	-8.5	-5.51				
1956	-17.6	-16.3	-13.7	-6.3	-2.3	1.8	5.8	5.9	1.6	-3.3	-8.1	-15.4	-5.08				
1957	-19.0	-17.9	-14.6	-9.1	-1.2	4.5	7.6	6.8	4.0	-2.6	-5.7	-11.2	-5.22				
1958	-15.6	-12.4	-12.6	-10.4	0.2	3.7	7.2	6.3	2.3	-2.2	-8.3	-7.4	-4.42				
1959	-8.6	-17.7	-21.4	-9.5	-0.5	3.1	5.9	5.3	2.1	-1.6	-4.8	-10.3	-4.59				
1960	-11.2	-11.4	-19.8	-12.5	-1.6	3.9	8.7	8.3	3.1	2.4	-3.6	-8.1	-3.67				
1961	-11.7	-20.0	-20.9	-9.9	-1.2	4.8	6.6	5.7	2.5	-1.9	-6.7	-6.3	-5.07				
1962	-9.4	-15.8	-7.1	-5.5	-0.2	2.9	6.4	5.4	2.3	-1.9	-5.2	-7.7	-2.87				
1963	-6.5	-11.6	-14.0	-6.0	-3.1	2.1	4.5	6.3	1.6	-3.4	-5.6	-6.3	-3.62				
1964	-10.3	-10.1	-19.9	-10.3	-3.2	2.7	4.2	5.1	2.8	-2.7	-6.9	-8.3	-4.57				
1965	-11.8	-8.3	-14.3	-10.0	0.9	3.0	6.9	6.8	2.9	-1.6	-4.2	-9.4	-3.17				
1966	-15.5	-13.6	-16.3	-8.5	-2.6	2.8	5.1	6.2	3.1	1.1	-5.3	-9.9	-4.41				
1967	-7.8	-15.0	-17.4	-12.2	-0.3	2.5	6.1	6.2	2.0	-3.2	-7.6	-9.5	-4.72				
1968	-15.7	-15.5	-19.7	-6.5	0.1	3.1	7.1	4.9	2.4	-1.2	-4.9	-6.9	-4.62				
1969	-8.6	-9.5	-15.5	-9.4	-0.4	2.5	5.4	5.5	2.1	-3.2	-5.2	-11.9	-3.60				
1970	-17.8	-13.7	-15.4	-10.4	-4.6	1.6	4.3	3.8	2.6	-1.5	-5.8	-9.5	-5.73				
1971	-14.1	-19.7	-17.3	-11.7	-2.6	2.8	6.3	4.5	2.3	-3.8	-6.5	-19.6	-5.77				
1972	-19.9	-17.3	-20.3	-13.8	-1.3	1.0	3.0	4.1	2.7	-2.2	-7.7	-10.8	-7.61				
1973	-11.2	-18.4	-17.4	-6.5	-3.0	2.3	5.2	5.5	2.6	-1.4	-5.0	-8.2	-4.84				
1974	-12.3	-13.7	-11.7	-8.0	-1.3	3.1	6.0	5.7	2.1	-0.8	-6.4	-16.6	-3.79				
1975	-17.1	-15.5	-17.4	-9.8	-1.4	2.9	6.3	6.3	1.7	-1.5	-6.3	-12.0	-5.70				
1976	-17.1	-17.7	-16.4	-11.0	-2.3	3.4	5.7	4.1	3.6	-2.2	-4.2	-6.2	-5.51				
1977	-9.1	-12.0	-11.1	-6.3	-0.6	2.7	7.7	5.7	1.7	-2.5	-3.7	-9.4	-2.81				
1978	-13.5	-13.2	-15.7	-8.6	-2.5	1.3	7.2	5.8	2.8	-2.2	-9.2	-2.5	-4.77				
1979	-7.8	-11.9	-12.3	-5.2	-1.3	2.1	5.8	5.7	2.0	-1.3	-7.9	-9.6	-2.88				
1980	-4.7	-9.8	-9.0	-9.2	-0.5	2.3	5.9	6.0	3.0	-1.7	-4.8	-8.8	-2.67				
1981	-13.5	-18.1	-13.7	-9.1	-1.3	3.7	6.2	4.9	2.7	-1.7	-6.5	-6.8	-4.60				
1982	99	-20.5	-17.5	-10.4	-3.7	2.7	5.8	4.5	1.1	-2.7	-7.9	-14.4	-5.82				
1983	-30.1	-23.9	-24.8	-12.3	-3.7	2.0	4.1	3.2	1.6	-3.6	-7.4	-12.5	-9.11				
1984	-25.4	-31.8	-20.7	-15.1	-5.5	1.0	6.6	4.1	1.4	-3.2	-5.6	-12.7	-8.89				
1985	-7.9	-15.4	-14.5	-7.9	0.6	4.5	5.9	5.5	3.3	-2.6	-4.0	-5.2	-3.77				
1986	-8.0	-4.8	-15.2	-8.1	-1.4	2.4	5.2	5.8	3.2	-4.5	-9.1	-11.8	-3.31				
1987	-13.5	-20.3	-17.0	-13.9	-1.9	3.5	5.2	7.4	3.1	-2.5	-5.0	-9.0	-5.56				
1988	-13.5	-10.0	-13.9	-9.8	-1.9	1.9	5.0	5.3	2.5	-0.9	-3.8	-9.6	-4.01				
1989	-18.7	-24.0	-23.0	-10.9	-3.3	1.8	4.8	4.6	0.9	-3.2	-4.3	-9.5	-7.07				
1990	-17.3	-22.8	-19.7	-12.6	-2.1	4.7	6.7	4.5	2.0	-2.7	-3.2	-14.1	-6.00				
1991	-20.6	-16.3	-14.8	-14.0	-4.1	2.5	6.6	4.6	2.1	-1.9	-8.2	-8.8	-6.52				
1992	-13.6	-26.2	-20.0	-12.1	-5.3	0.7	4.6	4.1	1.6	-0.1	-7.6	-12.0	-6.89				
1993	-21.9	-22.0	-25.2	-12.8	-3.7	3.2	6.7	5.0	99	0.1	-7.9	-13.0	-7.34				
1994	-18.0	-17.5	-22.3	-9.3	0.3	2.5	5.9	5.2	1.9	-2.5	-6.3	-12.4	-6.09				
1995	-21.0	-22.0	-22.8	-7.1	1.4	5.0	7.3	5.0	3.7	-3.6	-2.4	-7.8	-5.74				
1996	-12.5	-15.4	-16.3	-9.0	-1.7	1.4	4.9	4.4	1.6	-3.0	-6.2	-6.0	-4.97				
1997	-8.5	-17.9	-16.8	-10.9	-0.8	5.4	4.3	4.6	2.0	-1.4	-5.2	-6.5	-4.27				
1998	-8.8	-19.3	-16.9	-6.1	-0.8	3.9	6.8	6.1	3.4	-1.9	-4.6	-5.1	-3.72				
1999	-11.4	-18.0	-16.6	-6.0	-4.2	2.5	7.7	6.1	1.8	-2.3	-6.5	-7.7	-4.33				
2000	-11.8	-16.0	-16.1	-3.7	-1.7	4.9	6.7	5.9	3.8	-2.0	-3.7	-5.9	-3.45				
2001	-11.8	-15.3	-11.9	-5.8	-1.8	3.5	7.1	7.4	3.9	0.0	-5.4	-6.1	-3.00				
2002	-7.5	-19.0	-16.5	-9.4	1.2	4.2	6.3	5.6	99	-0.7	-2.7	-5.3	-3.33				
2003	-6.0	-12.8	-9.6	-7.1	0.0	5.9	6.5	7.0	4.2	1.1	-4.6	-6.2	-1.72				
2004	-8.5	-9.7	-13.8	-7.3	1.4	4.6	5.8	6.5	3.1	0.2	-4.0	-10.9	-2.32				
2005	-11.6	-9.8	-5.9	-5.7	-0.7	5.2	7.3	6.9	2.2	-2.0	-3.1	-6.6	-2.34				
2006	-13.5	-10.3	-7.7	-7.5	0.5	3.6	6.5	7.2	4.3	-0.6	-6.3	-8.5	-2.53				
2007	-9.5	-6.3	-11.1	-8.4	-0.9	4.3	8.1	7.1	2.6	-2.2	-5.1	-9.6	-2.49				
2008	-15.2	-16.9	-13.0	-6.0	99	4.7	99	6.2	2.9	-2.2	-5.3	-9.1	-3.81				
2009	-8.5	99	99	99	99	4.3	7.9	7.7	2.6	-2.0	-7.0	-4.0	-3.35				
2010	-6.6	-5.2	-7.5	-3.7	2.0	5.0	7.5	8.3	5.4	0.5	-1.7	-2.5	0.00				
2011	-6.8	-9.4	-12.9	-13.6	-2.1	4.4	8.5	7.4	3.1	-2.3	-5.9	-9.1	-2.67
2012	-12.0	-13.1	-17.3	-5.8	0.9	7.2	99	99	4.6