1890	-12.1	-11.3	-8.6	-3.1	-0.1	3.9	6.2	5.7	2.2	-1.6	-6.5	-6.4	-2.64	
1891	-9.8	-16.2	-7.1	-6.4	1.6	6.1	6	7.4	2.7	-3.2	-4.2	-8.2	-2.61	
1892	-8.8	-8	-6.9	-3.1	1.2	5.8	5.2	5.9	2.4	2.5	-5.1	-3.8	-1.06	
1893	-6.3	-8.4	-6.7	-5.4	-0.4	4.2	6.2	7.3	5.3	-0.5	-2.1	-10.8	-1.47	
1894	-12.5	-13.8	-10.8	-7	1.4	1.8	6.8	6	2.9	0.2	-7	-9.4	-3.45	
1895	-4.3	-3.9	-4.3	-3.2	-0.2	3.4	7.6	6.1	2.9	1.2	-5.8	-7.8	-0.69	
1896	-10.8	-12.4	-9.4	-4.9	-2.1	99	5.2	6.2	2.3	1.3	-6.2	-10.4	99	
1897	-9.2	-9.7	-6.2	-8.1	-1	5.3	5.8	5.6	3.4	0.2	-4.9	-7.8	-2.22	
1898	-12.4	-16.7	-7.8	-5.1	-0.5	3.3	4.4	4.1	1.2	-2.1	-7.6	-11.4	-4.22	
1899	-10.7	-10.7	-6.9	99	99	4.7	6	6	3	-2.4	-6.1	-8.8	99	
1900	-10.5	-5.3	-3.3	-5.6	1.6	5.5	7.8	7.5	2.7	99	-6.2	-10	99	
1901	99	99	-6.2	-5.6	0.6	3.5	6.2	5.5	2.7	-1.9	-2.3	-6	99	
1902	-9.5	-6.2	-9.3	-4.1	1.4	5.7	6.2	7	4.1	-0.4	-5.3	-9.8	-1.68	
1903	-9.3	-9.8	-12.5	-4.2	-1.1	3.3	5.8	6.2	4.3	0.7	-2.5	-3.4	-1.88	
1904	-10.8	-10	-10.1	-8.6	0	5.3	6.4	7.6	2.1	-3.5	-3.5	-4.6	-2.48	
1905	-12.4	-8.7	-6.3	0.1	1.1	2.8	6.2	6.3	2.6	0.9	-2.6	-10.2	-1.68	
1906	-11.9	-14.2	-7.7	-7.2	1.5	4.2	4.4	7.3	3.9	-1.7	-5.8	-8.4	-2.97	
1907	-10.7	-11.5	-14	-5.8	0.9	2.6	5.6	6.9	2.4	-0.5	-4.9	-10	-3.25	
1908	-10.3	-10.2	-7.5	-1.4	-0.3	3.1	8.2	6	4.8	-2.1	-3.5	-8	-1.77	
1909	-12.4	-9	-1.8	-2.8	1.9	6	6	5.6	4.2	-2.3	-3.3	-10.4	-1.53	
1910	-10.4	-14.3	-9.4	-3.1	0.1	2.4	6.6	7.7	2.4	-1	-5.3	-6.4	-2.56	
1911	-11.2	-13.7	-7.5	-3.2	-0.8	3	6.6	7.4	4	0.7	-3.7	-10.4	-2.4	
1912	-7.7	-5.2	-7	-2.4	0.3	5.2	5.6	6.2	4	-1.5	-3.7	-7.6	-1.15	
1913	-9.5	-7.1	-10.7	-5.3	-0.3	4.9	5.4	4.8	3.5	-0.7	-8	-10.8	-2.82	
1914	-11.8	-10.2	-8	-5	-1.9	1	4.4	4.9	2.2	-0.7	-4	-12	-3.43	
1915	-11.3	-9.1	-5	-5.4	2.2	3.6	6.8	6.4	5.5	0	-1.2	-3.6	-0.93	
1916	-7.5	-8.5	0.2	-3.8	2.9	5.3	6.2	7.6	5.5	-1.2	-3.1	-3.2	0.03	
1917	-1.3	-4.3	-5.2	-2.8	1.1	4.8	8.4	7.8	2.9	-2.3	-5.3	-7.4	-0.3	
1918	-7	-12.7	-9.3	-8.2	-0.5	1.3	5.8	5.7	3.6	-1.4	-6.6	-8.4	-3.14	
1919	-8.2	-8.2	-5.3	-5.2	1	1.7	6.4	6.1	3.1	0.8	-2.5	-5.8	-1.34	
1920	-11.3	-9.7	-9.9	-2.1	0	5	6	4.6	99	99	-7.4	-7.4	99
1921	-10.8	-12.9	-11.2	-6.1	1.2	3	5.6	6.5	2.9	-1.2	-2.5	-8.8	-2.86	
1922	-11.4	-15.1	-6.5	-1.2	0.8	1	5.2	6.4	2.1	0.4	-3.5	-6	-2.32	
1923	-11.3	-4.6	-6.4	-2.1	2.5	5.2	6.8	5.9	3.1	0.2	-2.5	-5.2	-0.7	
1924	-6.2	-6.6	-4.6	-1.8	3.1	6.6	7	6.7	3.2	-1.7	-3.4	-10.8	-0.71	
1925	-10.7	-12.3	-5.8	-5.8	0.3	3.2	6.2	5.6	4.1	0.4	-1.7	-2	-1.54	
1926	-6	-6.8	-7	-2.8	2.9	6.5	7.6	6.7	3.2	1.6	-4.2	-4.4	-0.23	
1927	-7	-9	-7.8	-3.2	2.7	5.4	6.2	7.1	5.3	0.1	-2.8	-4.2	-0.6	
1928	-8.1	-9.7	-3.2	-1.9	3.7	6.4	7.8	8.4	5.5	0.4	-2.1	-4.8	0.2	
1929	-1.6	-4.9	-3.4	0.1	3.7	6	8.2	7.7	3.3	-0.7	-4.6	-8.4	0.45	
1930	-10.1	-8.7	-2.8	-2	2.6	4.5	7	6.6	6.1	0.1	-3.8	-6.8	-0.61	
1931	-4.6	-7.7	-9.3	-4.8	3.1	6.3	8	8.4	6.3	-0.4	-6.8	-7.4	-0.74	
1932	-10.7	-3.5	-1.1	-0.9	4.1	5.5	8.6	7.2	4.5	0.5	-4.2	-8.8	0.1	
1933	-11.2	-4.8	-6.5	-2.4	2.5	4.3	8.2	7.9	3.7	-0.1	-2.7	-6	-0.59	
1934	-8.7	-9.1	-8.8	-1.1	-0.2	5.1	8.8	7.2	3.6	-0.2	-2.2	-4.6	-0.85	
1935	-9.5	-10.1	-5.1	-0.5	4.5	6.2	8	7.6	5.9	-0.7	-4.5	-5.2	-0.28	
1936	-3.1	-3.5	-5.1	-1.5	2.2	5.1	9.4	7.1	4.7	0.1	-2.8	-9.2	0.28	
1937	-12.2	-9.2	-1.8	-6.1	0.1	4.5	6.6	6.3	3.8	-0.8	-1	-6.2	-1.33	
1938	-9.7	-9.4	-9.3	-5.1	1.2	3.5	5.2	6	3.8	-2.1	-5.7	-8.8	-2.53	
1939	-4.7	-10	-7.8	-0.8	2	5.8	8.2	6.3	4.9	0.7	-3.6	-4.6	-0.3	
1940	-6.2	-3.5	-4.4	-1	1.6	4.6	7.2	5	2.5	-0.2	-3.9	-4.6	-0.24	
1941	-3.6	-4.4	-2	-0.7	2.8	6.1	7.4	8.3	4.6	2	-3.8	-6.8	0.83	
1942	-7.4	-4.5	-5.4	-4.9	2.6	5.9	8	7.6	3.7	-1.5	-1.6	-4.4	-0.16	
1943	-2.5	-9.1	-9.9	-6.2	0.1	3.6	6.6	5.8	3.4	-1.8	-3.6	-4.6	-1.52	
1944	-10	-7.2	-6.5	-2.3	-0.2	4.7	6.6	7.5	2.8	-1	-5.9	-8.8	-1.69	
1945	-5	-12.3	-6	-6.9	1	5.2	6	6	2.9	1.1	-3.4	-2.6	-1.17	
1946	-9	-5.2	-3.5	-5	2.6	5	6	6.5	3.7	0.8	-0.9	-2.4	-0.12	
1947	-5	-1	-2.1	-3.2	2.2	6.8	7.2	6	3.7	-0.7	-2.1	-2.6	0.77	
1948	-6.9	-7.7	-10.7	-4.1	0.2	6.7	9	7.4	4.1	-1.2	-4.3	-9.2	-1.39	
1949	-10.5	-13.6	-7.7	-9.1	0.5	6	8	6.6	2.9	-1.9	-4.1	-6.4	-2.44	
1950	-11.4	-9.9	-4.4	-3.6	2.2	5.9	7.4	6.7	3.3	-1.7	-3.8	-2.2	-0.96	
1951	-7.7	-10.8	-5.6	-4.4	1.5	6.1	6.6	6.2	5.2	-1.5	-2.4	-8.4	-1.27	
1952	-8.7	-6.9	-8.2	-3.9	2.4	4.5	6.4	6.8	4.5	0.3	-1.6	-2.6	-0.58	
1953	-8	-6	-8.9	0.4	3.2	4	7.2	6.6	3.7	-1.5	-5.4	-12	-1.39	
1954	-6.7	-10.1	-4.8	-3.4	3	4	6.2	7	4.3	0.1	-5	-9	-1.2	
1955	-8.7	-4	-3.8	-4.7	2	5.2	4.4	5.9	3.2	1.4	-0.5	-3.8	-0.28	
1956	-10.4	-7.2	-4.9	-0.4	-0.1	3.6	6.2	7.5	3.7	-1.2	-5.6	-11.4	-1.68	
1957	-11.4	-6.8	-4.7	-2.3	1.6	6.4	6.8	7.3	5.4	-1.1	-3.1	-6.4	-0.69	
1958	-8.1	-4.5	-5.4	-4.3	1.7	5.7	8.5	7.4	4.3	-0.4	-4	-3	-0.18	
1959	-3.2	-9.5	-9.6	-1.8	2.5	4.3	6.6	6.3	3.3	-0.4	-3.6	-7.5	-1.05	
1960	-5.5	-6.2	-8.3	-4.4	1.8	4.7	7.8	9.1	4.3	3.4	-1.6	-5.3	-0.02	
1961	-6.1	-11	-10.3	-2.3	1.1	5.3	7	6.8	3.6	0.2	-3.9	-3.2	-1.07	
1962	-6.8	-7.9	-0.9	-2.9	2.5	4.9	7	6.9	4.3	0	-2.8	-4.8	-0.04	
1963	-3.6	-3	-6.3	-1.6	-0.9	3.8	6.1	7.2	2.1	-2.6	-4.2	-2.3	-0.44	
1964	-4.9	-3.4	-11.9	-3.8	0.5	3.6	5.5	7.2	5.5	-0.7	-3.8	-5.6	-0.98	
1965	-7.6	-3.2	-3.6	-3.1	3.2	5.1	8.3	7.1	3.9	-0.4	-1.5	-5.9	0.19	
1966	-7.1	-4.2	-7.4	-2.5	0.6	3.5	7.4	7.6	4.7	3.2	-2.7	-7.1	-0.33	
1967	-3.6	-9.6	-11.6	-6.8	1.7	3.2	6.5	6	3.1	-1.8	-4.6	-6.1	-1.97	
1968	-7.7	-5	-10.4	-1.8	2.2	4.1	7.7	5	3.6	0.1	-3.6	-4.9	-0.89	
1969	-4.1	-3.5	-5.8	-4.1	0.8	3.4	5.2	5.1	1.8	-1	-2.8	-6.9	-0.99	
1970	-6.7	-6.3	-4.2	-3.5	-1.3	2.7	5	5.1	3.3	-0.6	-3.9	-6	-1.37	
1971	-7.4	-11.6	-6.2	-4.4	-0.2	4.5	7.5	5.6	2.9	-0.9	-4	-12.9	-2.26	
1972	-13	-8.9	-11.8	-4.6	0.2	1.5	4.4	4.9	3.6	-0.7	-5.5	-7.6	-3.13	
1973	-6.4	-11.3	-9	-1.8	-0.4	3.3	6.6	6.6	4.5	0.1	-1.6	-4.9	-1.19	
1974	-8.2	-6.7	-6	-4.5	1.8	5.8	7.4	6.9	3.6	0.7	-4	-11.5	-1.23	
1975	-10.6	-7.4	-6.9	-3.1	1.7	4.6	6.4	7	2.8	0.3	-3.5	-6.9	-1.3	
1976	-8	-10.7	-10.9	-4.1	1.4	4.4	6.6	4.7	4.4	-1.3	-2.9	-3.2	-1.63	
1977	-2.9	-5.1	-4.1	-2.2	2	4.8	8.5	7	2.9	-1.1	-1.3	-5.9	0.22	
1978	-8.7	-4.8	-9.3	-2.8	-0.6	2.7	7.2	6.5	4	-0.9	-6.4	-0.1	-1.1	
1979	-4.4	-4.6	-7.2	-1.4	2.1	3.8	6.7	6.7	3.8	-0.2	-5.8	-7.3	-0.65	
1980	-2.4	-6.6	-5.3	-5.6	1.4	3.6	6.6	6.4	3.8	0.4	-2.3	-5.7	-0.48	
1981	-6.3	-8.6	-5.7	-3.9	-0.1	4.3	6.9	5	4	-1	-4.7	-3.9	-1.17	
1982	-4.8	-13	-10.9	-4.6	-0.5	3.2	5.5	4.9	1.3	-1.6	-6	-10	-3.04	
1983	-18.7	-12.8	-12.9	-4.3	-0.7	3.6	5	3.9	2.2	-2.1	-5.3	-6.8	-4.08	
1984	-19.1	-19.7	-8.1	-7.6	-0.6	3.2	7.4	4.4	2.6	-2.2	-3.6	-9.9	-4.43	
1985	-2.5	-6.7	-5.9	-2.6	3	5.6	6.8	6.3	4.6	-1	-1.8	-1.2	0.38	
1986	-5.2	-0.6	-9.9	-3.6	0.3	3	6.9	7.1	5	-2.5	-7.3	-8.4	-1.27	
1987	-7.4	-8.6	-8.7	-6.3	0.4	6.2	6	8	4.3	-0.9	-3.6	-6.5	-1.43	
1988	-8	-4.7	-5	-3.8	-0.2	3.7	6	6.6	3.4	0.5	-2.5	-6.9	-0.91	
1989	-11.1	-12.6	-13.9	-4.3	-1.1	2.3	5.1	4.9	1.4	-1.9	-2.4	-4.8	-3.2	
1990	-9.6	-11.5	-9.1	-7.2	-1	3.9	6.9	5.4	3.1	-0.6	-1.2	-8.8	-2.48	
1991	-10.7	-9.5	-6.8	-5.7	0	4.6	8.3	5.9	3.9	-0.9	-5.8	-6.3	-1.92	
1992	-6.9	-17.7	-7.8	-6.1	-3.2	1.1	5.4	4.8	2.4	1	-5.6	-9.5	-3.51	
1993	-15.3	-13.4	-14.4	-6.5	-1.8	3.7	6.9	5.6	4	1.2	-6.5	-9.5	-3.83	
1994	-8.2	-8.7	-12	-2.9	2.1	2.9	5.3	5.2	2.1	-0.3	-3.9	-9.6	-2.33	
1995	-10.8	-10.1	-12.7	-2	1.6	4.6	6.9	5	3.9	-1.3	-0.6	-5.5	-1.75	
1996	-7.2	-6.2	-5.4	-1.1	2.7	3.2	5.1	5.4	3.5	-1.8	-3.7	-4	-0.79	
1997	-5	-12.2	-10.1	-4.7	1.5	6.5	6	5.4	3.4	0.9	-2.2	-4.4	-1.24	
1998	-5.2	-12.6	-7.7	-2	1.2	5.8	7.2	6.6	4.3	-0.7	-4.4	-4.4	-0.99	
1999	-9.5	-9.8	-6	-0.4	-1.4	3.1	6.7	6.7	2.9	-0.3	-4.1	-4.8	-1.41	
2000	-6.8	-9.6	0	-0.3	-0.3	5	7	6.5	4.1	-0.7	-2.5	-8.4	-0.5	
2001	-9.3	-7.8	-5.6	-1.9	1.2	5.3	6.2	7.2	4.7	1.1	-2.8	-2.7	-0.37	
2002	-6.6	-11.5	-8.9	-4.4	2.9	4.5	6.3	6	4.7	-0.4	-1.8	-3.9	-1.09	
2003	-2.1	-9.8	-5.9	-3.3	1.9	5.8	7.9	8.4	5.8	2.8	-2.8	-2.6	0.51	
2004	-5.2	-5	-8.8	-3.2	2.8	5.1	6.1	7.3	3.8	1.5	-1.3	-7.9	-0.4
2005	-8.3	-3.4	-2.5	-1.4	1.0	5.3	7.6	6.8	3.5	-0.6	-1.20	-4.0	0.23
2006	-9.50	-4.30	-2.50	-3.30	2.20	4.60	7.60	7.20	5.1	1.2	-4.7	-6.1	-0.21
2007	-6.4	-2.5	-7.5	-4.6	0.4	5.7	8.5	9.2	3.5	-0.6	-3.2	-8.3	-0.48
2008	-11.1	-12.5	-8.2	-1.3	3.2	6.1	9.5	7.2	3.6	-0.1	-2.0	-7.3	-1.08
2009	-5.3	-5.5	-9.8	-2.9	0.5	5.1	8.7	8.1	3.4	-0.4	-6.6	-2.3	-0.58
2010	-3.5	-1.0	-3.7	-0.7	5.1	6.7	8.0	9.5	6.8	2.8	1.3	0.1	2.6
2011	-6.5	-8.0	-8.3	-8.3	-0.1	4.8	7.6	6.4	3.4	-1.5	-5.2	-6.6	-1.86
2012	-7.9	-7.5	-10.9	-1.8	2.8	8.1	10.4	8.6	5.5	2.7	-2.9