1941	21.70	25.30	28.60	31.80	33.30	33.10	28.30	28.60	29.30	30.90	26.80	24.50	28.44
1942	21.50	24.30	28.70	32.40	32.80	33.40	28.90	27.80	28.30	29.30	26.30	21.90	28.18
1943	21.50	24.40	28.40	30.70	34.30	31.30	28.30	28.10	28.20	29.10	27.10	23.80	27.78
1944	21.90	23.30	27.50	30.10	33.20	32.30	28.50	28.10	29.40	29.30	26.50	23.70	27.83
1945	20.10	23.40	28.60	30.60	32.50	32.90	28.20	28.50	28.50	28.70	25.20	20.80	27.58
1946	21.80	25.40	27.40	31.90	32.60	31.90	29.10	27.50	28.60	29.70	24.60	22.40	27.61
1947	21.40	24.40	28.40	30.60	33.40	33.40	29.90	29.80	28.30	27.90	25.90	22.70	27.98
1948	21.10	23.60	28.70	32.30	34.20	33.60	31.50	29.40	29.80	30.80	27.10	23.80	28.73
1949	99	24.30	29.10	32.40	34.50	33.40	30.20	29.20	29.50	30.00	25.90	22.40	28.70
1950	22.50	21.50	27.70	31.50	33.40	33.30	27.80	28.60	28.70	28.80	23.00	20.10	27.43
1951	18.80	21.60	27.10	29.60	33.90	33.20	31.30	28.50	30.60	30.70	26.10	21.40	27.62
1952	21.30	23.50	27.10	32.20	34.80	32.90	29.10	27.70	28.90	29.30	24.10	21.50	27.69
1953	19.90	24.70	29.10	31.60	33.40	33.10	29.70	27.40	28.40	27.60	23.70	22.10	27.51
1954	19.10	23.70	27.50	31.70	34.30	33.10	29.60	29.10	27.40	26.40	23.80	20.80	27.32
1955	20.60	23.80	28.90	29.70	33.90	32.40	30.80	28.00	28.30	27.70	22.70	20.60	27.30
1956	20.30	21.70	28.10	31.70	34.20	32.40	27.40	27.40	28.20	26.00	23.20	20.50	26.77
1957	19.50	20.00	25.50	30.70	32.90	32.50	29.90	29.00	29.40	29.10	26.50	22.10	27.12
1958	21.10	22.60	28.00	32.70	34.80	33.70	29.50	29.50	27.60	27.50	25.40	21.90	27.88
1959	19.80	22.20	28.10	31.90	34.80	33.00	28.00	27.60	27.60	27.50	24.20	21.00	27.22
1960	19.50	24.10	25.50	30.80	33.40	32.20	30.00	27.70	29.60	28.40	24.10	22.10	27.19
1961	20.40	20.80	28.20	31.10	34.10	32.00	28.70	28.70	27.80	27.00	24.60	20.10	27.12
1962	18.80	23.20	26.70	31.60	34.60	32.70	29.50	28.70	28.50	26.10	24.40	21.70	27.08
1963	20.90	24.20	27.40	31.00	33.50	33.10	29.80	28.10	27.70	28.30	25.50	22.30	27.60
1964	18.30	22.60	28.50	32.30	33.40	32.50	29.10	28.30	28.90	27.90	23.60	21.00	27.31
1965	22.30	22.70	26.50	30.90	33.30	33.40	29.60	28.90	29.10	29.20	25.90	21.90	27.73
1966	21.90	24.90	26.40	30.90	34.00	32.90	30.40	29.30	29.10	29.70	25.90	21.10	28.11
1967	18.70	24.10	26.80	31.00	34.30	31.90	29.00	28.10	28.60	28.70	25.40	22.70	27.31
1968	19.50	21.10	27.20	31.30	33.00	33.90	30.80	27.90	30.30	29.20	25.60	21.50	27.71
1969	20.90	22.10	29.40	32.60	34.60	33.40	30.80	28.40	29.20	29.10	27.00	22.60	28.25
1970	20.90	22.70	27.30	32.70	35.10	31.70	29.30	28.70	28.30	29.30	24.10	20.40	27.73
1971	19.70	22.30	27.30	33.00	33.70	31.20	28.80	28.40	29.20	27.70	24.10	20.90	27.15
1972	20.30	19.70	27.90	30.80	34.10	33.10	29.60	29.10	29.70	29.50	24.90	21.30	27.47
1973	18.80	23.50	27.50	32.90	34.50	32.90	28.60	28.10	26.90	27.70	23.60	20.80	27.19
1974	19.70	20.20	28.30	31.90	33.00	33.10	30.50	29.50	30.70	29.50	23.40	20.80	27.55
1975	18.70	22.20	25.60	31.90	33.60	32.00	29.20	27.50	27.70	27.30	22.50	20.50	26.58
1976	20.30	22.50	26.90	30.50	33.20	31.50	28.70	27.30	27.80	28.50	26.90	21.40	27.05
1977	19.50	23.00	28.90	32.10	33.70	31.90	28.80	28.30	28.40	29.40	26.50	22.10	27.66
1978	19.50	22.90	26.10	31.90	34.40	32.70	28.90	28.10	28.40	28.40	25.80	21.80	27.43
1979	20.80	21.50	26.30	30.60	33.50	34.30	30.00	27.70	29.90	28.80	26.10	22.10	27.61
1980	20.30	23.30	27.60	33.40	34.70	31.60	29.60	28.30	29.30	29.40	25.70	21.20	27.94
1981	20.10	22.90	27.70	32.10	34.10	33.90	29.10	27.60	29.30	28.00	21.90	20.70	27.33
1982	20.70	22.20	25.90	30.50	31.00	32.50	29.90	28.10	28.90	28.90	99	21.50	27.03
1983	19.30	21.00	25.90	29.10	33.60	32.70	29.30	27.80	28.90	26.40	21.60	19.50	26.43
1984	18.30	21.20	27.50	31.60	33.60	32.30	28.50	26.80	27.20	26.80	23.30	20.50	26.38
1985	19.10	22.00	28.90	30.40	33.50	32.80	29.10	27.50	28.90	26.90	24.70	22.50	27.03
1986	21.00	22.70	99	32.20	33.70	32.50	29.80	27.90	29.90	29.30	25.70	20.30	27.92
1987	20.50	23.70	28.20	32.10	34.20	34.20	32.90	31.60	31.70	31.30	26.70	22.70	28.95
1988	22.10	24.90	27.90	32.90	35.10	34.10	29.50	28.90	30.10	28.50	24.50	22.20	28.43
1989	19.10	22.40	27.30	31.60	34.60	32.50	29.40	28.10	29.70	29.00	26.10	21.50	27.67
1990	22.10	22.90	26.30	31.70	34.60	33.30	29.50	28.00	28.40	28.00	25.20	21.50	27.62
1991	19.20	22.50	27.90	31.80	34.50	99	29.90	28.50	29.00	27.50	24.90	21.10	27.52
1992	99	20.10	27.10	30.20	34.50	34.50	30.40	28.60	27.90	28.20	24.20	22.30	27.12
1993	21.00	23.60	26.90	31.70	34.90	34.50	29.80	30.10	29.80	29.70	25.90	22.70	28.35
1994	21.70	22.00	29.30	31.50	34.80	32.50	28.10	29.40	29.40	27.90	24.70	20.90	27.83
1995	19.30	22.70	26.40	30.90	34.70	99	30.70	29.50	29.90	30.30	24.50	22.10	27.81
1996	20.60	23.70	29.70	31.70	34.50	33.50	30.10	28.10	28.50	28.10	24.00	21.50	27.88
1997	19.70	22.10	28.00	30.10	33.30	30.30	29.70	28.30	29.10	27.70	25.70	20.70	27.12
1998	20.10	22.10	26.90	32.50	35.50	34.10	29.70	29.60	29.10	30.80	23.90	20.50	27.92
1999	19.20	23.70	27.30	32.10	33.60	32.40	29.70	28.70	30.10	27.70	24.50	20.70	27.46
2000	20.70	21.10	26.70	32.80	33.50	33.70	29.30	29.50	29.80	29.70	25.40	99	27.74
2001	19.60	22.20	27.70	31.50	34.10	30.90	28.30	28.70	30.50	29.70	25.10	21.50	27.44
2002	19.70	22.10	28.10	32.70	35.10	33.50	30.30	28.70	29.30	30.10	25.10	22.20	28.02
2003	21.50	23.90	27.70	32.70	34.50	33.50	29.50	28.70	28.70	28.10	26.10	21.10	28.09
2004	20.20	22.30	29.10	32.90	33.90	32.80	30.90	26.80	30.20	27.60	26.00	22.70	27.82
2005	18.90	21.80	27.50	31.10	34.20	33.40	29.50	28.30	28.60	27.80	24.30	19.90	27.34
2006	20.10	25.20	26.50	31.30	34.20	31.40	29.00	27.50	29.30	28.90	25.10	22.30	27.37
2007	20.90	24.20	27.30	32.80	34.30	33.30	29.50	28.8	29.3	27.5	25.5	21.3	27.98
2008	19.5	19.7	28.1	31.3	33.7	32.5	29.8	28.1	29.3	28.9	25.2	23.7	27.28
2009	21.9	24.1	29.0	32.3	34.7	33.9	30.3	30.0	30.1	28.9	25.5	22.7	28.70
2010	21.4	24.1	29.8	33.8	36.3	34.3	30.1	29.4	29.3	29.7	25.8	20.5	28.89
2011	19.3	23.1	27.7	31.9	34.1	33.9	30.3	28.5	28.5	28.7	26.6	22.3	27.76
2012	19.2	21.3	26.5	31.9