1881	18.30	23.10	25.30	30.20	29.10	28.80	28.50	27.90	28.50	26.80	22.50	18.50	25.62
1882	19.90	21.30	27.40	29.30	28.60	28.90	28.50	28.00	27.90	26.50	23.40	19.70	25.68
1883	18.10	20.20	26.20	29.10	30.30	29.10	28.50	28.20	28.40	27.20	21.70	17.50	25.56
1884	18.70	21.10	28.00	30.00	28.90	28.60	28.40	28.50	27.30	26.20	21.60	19.20	25.40
1885	20.10	20.80	27.00	31.10	30.30	30.10	28.70	27.70	28.10	27.20	22.80	19.20	26.09
1886	19.10	21.10	26.20	29.80	29.60	29.70	28.60	28.30	28.10	27.90	23.80	20.10	25.95
1887	18.40	20.60	26.70	28.70	29.50	28.90	28.20	28.20	28.20	26.20	22.70	18.90	25.53
1888	18.10	21.30	27.20	29.60	29.90	31.20	28.40	27.80	28.20	26.70	22.90	18.20	25.85
1889	20.30	20.90	27.10	30.30	30.60	29.40	28.80	28.20	28.10	27.00	23.10	19.30	26.00
1890	19.30	21.90	27.40	29.90	30.20	28.80	28.00	27.80	27.90	26.10	21.90	19.50	25.71
1891	18.80	20.80	24.70	30.30	29.80	30.50	28.50	28.20	28.00	26.80	23.40	19.70	25.78
1892	19.60	22.90	27.20	29.90	30.70	29.10	28.20	27.80	28.30	27.20	21.40	17.80	26.00
1893	18.10	18.60	23.70	28.80	28.00	28.30	28.20	28.40	27.90	27.10	22.90	18.80	24.82
1894	19.40	22.60	27.10	29.40	31.10	29.00	28.10	27.80	28.20	27.10	22.30	19.60	25.91
1895	19.10	21.30	26.60	28.40	30.90	28.90	28.80	28.10	28.90	26.50	23.80	18.80	25.91
1896	18.80	23.00	28.20	31.60	30.00	28.70	28.80	28.40	28.40	27.20	23.40	19.10	26.28
1897	20.30	22.70	26.80	30.00	30.80	29.30	28.80	27.90	28.40	27.00	22.90	18.70	26.17
1898	18.30	21.50	26.20	29.70	30.60	29.30	28.10	28.00	28.00	26.30	22.70	19.60	25.62
1899	17.70	21.80	27.90	30.10	30.70	29.20	28.60	30.60	29.30	26.90	22.30	19.40	26.23
1900	21.10	23.70	28.20	30.20	29.90	29.80	29.20	28.90	28.00	27.60	23.30	20.70	26.61
1901	18.20	21.90	26.80	30.80	30.40	30.40	29.10	28.70	28.60	28.10	23.10	19.30	26.40
1902	19.90	21.90	27.80	28.50	29.20	29.80	28.50	29.10	29.00	27.40	23.00	19.30	26.12
1903	19.80	21.50	26.90	30.40	31.60	30.20	29.50	28.50	28.20	27.20	22.80	18.50	26.33
1904	18.90	21.60	27.00	30.20	29.40	29.30	28.20	28.90	28.60	27.10	23.10	20.00	25.90
1905	18.60	18.40	24.80	27.50	29.10	31.70	28.50	28.90	28.50	27.30	23.10	19.50	25.53
1906	18.70	21.60	24.80	30.70	31.20	30.20	29.20	28.60	28.50	27.10	23.40	20.10	26.12
1907	20.30	22.20	25.30	28.70	30.10	29.50	29.20	28.80	29.20	28.10	23.60	19.30	26.26
1908	18.20	22.70	27.60	32.20	30.40	30.00	28.60	28.70	28.80	27.50	22.70	18.80	26.39
1909	21.20	22.40	28.40	28.30	30.40	28.90	28.70	28.30	28.70	27.30	24.00	19.80	26.28
1910	19.10	21.80	26.90	30.10	30.70	29.40	29.00	28.90	28.70	27.20	22.70	18.60	26.19
1911	21.20	21.70	26.50	29.70	30.60	29.30	29.40	28.80	28.70	27.40	23.80	18.40	26.31
1912	20.00	23.50	27.30	28.90	30.20	30.10	28.90	28.70	29.20	27.30	22.70	19.00	26.27
1913	19.20	22.10	25.80	30.80	29.70	28.10	28.80	28.50	29.00	26.80	22.30	19.20	25.84
1914	19.30	23.60	27.00	28.50	29.60	29.40	28.70	28.80	28.60	27.20	23.50	19.90	26.12
1915	19.80	22.40	26.20	30.40	30.50	29.60	29.50	29.40	28.50	28.70	25.30	19.50	26.68
1916	18.90	22.30	28.20	30.50	31.80	28.80	29.10	28.40	28.60	27.70	23.50	19.10	26.44
1917	18.70	22.10	26.30	30.20	29.30	29.10	28.80	28.40	28.30	27.60	23.40	19.00	25.94
1918	17.90	22.00	27.70	29.00	29.20	28.00	29.70	28.60	29.10	27.80	23.80	18.90	25.98
1919	20.20	21.60	27.80	29.80	30.50	29.20	28.90	28.50	28.60	27.60	23.50	19.20	26.26
1920	19.60	22.10	26.70	29.70	30.70	31.60	29.00	28.80	28.90	27.70	23.70	19.20	26.48
1921	19.80	22.10	28.10	29.60	31.80	29.60	29.10	28.30	28.60	26.60	22.70	20.10	26.29
1922	19.70	22.80	28.30	30.60	31.10	28.70	28.90	28.60	28.20	26.40	23.20	19.60	26.38
1923	19.10	21.90	26.10	29.90	31.20	31.10	28.70	28.20	29.10	27.00	23.40	19.90	26.28
1924	20.10	23.10	28.90	31.70	31.70	31.90	29.20	29.00	28.50	28.10	23.40	19.50	27.13
1925	18.70	21.50	27.40	29.60	30.60	29.80	28.50	29.40	29.00	27.10	23.40	19.40	26.21
1926	19.00	23.20	25.90	29.30	30.60	31.70	28.90	28.50	28.90	27.30	22.30	20.20	26.25
1927	19.90	22.20	26.00	30.80	30.10	30.20	29.00	28.80	29.10	28.10	23.60	20.30	26.50
1928	20.30	23.10	28.50	29.90	30.30	29.10	28.90	29.10	29.60	28.20	24.30	20.50	26.80
1929	20.70	21.80	27.40	30.40	31.90	30.20	28.60	28.80	28.90	27.20	23.50	19.50	26.66
1930	18.90	22.40	27.80	30.80	30.80	30.20	28.70	28.70	29.20	28.40	23.30	19.20	26.56
1931	21.50	22.80	27.30	31.10	30.40	31.30	29.10	29.50	29.20	27.60	23.30	20.30	26.86
1932	21.10	22.30	28.30	30.80	30.60	29.90	28.90	28.70	29.00	28.40	23.70	20.40	26.83
1933	18.40	23.10	27.70	29.60	29.80	29.60	28.80	28.50	28.60	27.40	23.70	19.90	26.30
1934	19.20	22.40	28.10	30.60	31.30	29.90	29.30	28.80	29.10	27.60	22.80	20.20	26.58
1935	19.00	22.90	27.60	29.60	32.60	31.20	29.50	28.80	29.10	28.00	23.70	20.20	26.85
1936	19.70	22.50	28.80	31.20	29.70	28.60	29.10	29.20	28.70	27.40	24.40	20.70	26.63
1937	18.50	22.00	26.90	30.30	30.90	29.70	29.20	28.90	28.90	27.40	23.60	19.40	26.42
1938	20.90	21.10	29.40	31.80	29.60	29.30	29.10	28.70	29.40	28.20	23.20	19.40	26.68
1939	20.70	23.80	27.60	31.70	31.60	30.20	28.70	28.20	28.70	27.90	23.70	20.40	26.85
1940	19.10	22.60	25.90	30.70	30.70	30.20	28.90	28.90	28.80	28.20	25.60	20.40	26.67
1941	20.30	23.20	29.50	31.90	31.60	29.90	29.10	29.20	29.50	27.40	23.60	21.40	27.13
1942	19.70	22.60	28.70	30.20	32.80	31.70	29.20	28.40	28.10	27.80	24.60	20.40	27.10
1943	21.10	21.20	27.40	29.10	31.00	29.90	28.70	28.70	29.00	28.30	23.90	21.20	26.56
1944	20.40	22.20	26.90	28.70	31.80	31.60	29.00	28.80	29.40	27.20	23.50	21.20	26.73
1945	18.70	22.10	28.30	29.10	30.50	30.90	29.50	29.60	29.10	26.90	23.50	19.20	26.62
1946	19.60	24.70	28.00	28.20	30.40	30.20	28.90	29.00	28.60	26.90	24.60	21.10	26.53
1947	19.90	22.80	27.90	31.80	31.60	30.60	29.30	29.00	29.20	27.60	24.30	20.40	27.09
1948	20.70	23.20	27.10	30.10	30.20	30.70	29.20	28.90	28.80	28.30	24.80	19.70	26.87
1949	20.70	22.80	28.30	28.80	29.40	30.30	29.20	29.10	28.90	28.60	22.70	19.20	26.54
1950	20.70	22.90	27.40	31.30	30.80	30.30	29.00	28.90	29.10	27.20	22.90	20.40	26.64
1951	19.50	23.40	27.70	30.60	32.10	30.60	29.30	29.70	29.50	29.10	24.40	21.20	27.19
1952	20.90	24.70	26.70	30.10	30.70	30.90	28.80	29.10	29.00	27.70	24.30	20.40	27.01
1953	19.70	24.40	29.70	32.10	31.90	30.20	29.40	29.30	29.10	27.80	23.80	21.70	27.32
1954	19.20	25.70	28.70	32.70	31.50	29.60	29.40	29.30	29.30	27.20	22.70	20.90	27.25
1955	20.10	23.30	28.90	30.60	32.00	29.00	29.00	28.70	29.20	27.40	23.90	20.10	26.92
1956	21.10	21.80	28.20	31.30	31.40	28.50	29.10	29.20	29.10	27.70	23.70	21.20	26.77
1957	20.90	22.20	26.60	31.00	33.30	31.50	29.10	29.70	29.30	28.30	24.10	21.50	27.27
1958	22.30	23.70	28.50	31.30	31.70	32.20	29.40	29.40	29.30	28.70	25.30	21.70	27.78
1959	21.00	22.70	28.50	31.20	31.60	29.90	29.40	29.10	28.70	27.40	23.50	20.30	27.06
1960	19.70	24.90	26.70	32.10	31.90	31.30	28.80	29.60	29.10	28.10	23.50	20.90	27.17
1961	20.70	21.10	29.40	31.70	31.50	30.20	29.10	29.30	28.90	27.90	23.40	18.50	27.01
1962	18.70	22.90	28.10	30.60	30.60	29.90	29.90	29.30	29.30	27.30	24.00	20.80	26.59
1963	19.30	24.80	28.00	30.10	29.80	30.10	29.20	29.50	29.50	28.20	24.80	21.50	27.01
1964	21.30	24.40	29.30	30.60	30.90	31.20	28.50	29.30	29.10	28.30	24.50	20.90	27.41
1965	20.60	22.90	26.40	30.00	31.30	31.30	28.90	28.70	28.80	27.50	24.90	20.60	26.85
1966	19.80	24.70	28.30	31.60	32.70	29.50	29.30	28.90	28.10	26.70	23.40	19.30	26.97
1967	20.20	24.50	26.70	29.70	31.30	30.00	29.40	28.80	28.70	27.60	23.50	22.10	26.64
1968	20.20	22.70	28.40	30.10	31.50	28.30	28.80	28.50	29.70	27.30	23.70	20.20	26.78
1969	19.70	24.50	29.30	30.70	30.90	31.20	29.20	28.60	28.90	27.80	25.10	20.50	27.18
1970	20.40	23.60	28.00	30.90	31.90	29.60	29.30	29.30	28.60	27.80	23.70	19.70	26.97
1971	20.30	22.60	26.80	27.70	29.30	29.10	28.50	27.60	29.10	27.80	23.30	20.30	25.98
1972	19.50	20.50	27.90	30.70	32.10	31.30	29.60	28.20	29.50	28.10	25.00	21.80	26.89
1973	21.90	24.90	26.70	31.80	30.00	29.60	29.10	28.60	28.40	27.50	24.00	19.70	27.03
1974	19.50	22.50	27.70	29.90	30.20	30.40	28.60	29.30	28.70	28.50	25.30	19.50	26.69
1975	19.50	22.90	28.30	30.40	31.30	29.90	28.50	28.60	28.50	28.70	23.10	19.50	26.60
1976	19.80	23.90	28.10	30.50	30.10	30.20	29.40	28.50	28.70	28.90	26.70	20.80	27.03
1977	19.70	23.10	28.90	29.50	29.00	29.30	29.00	29.20	29.00	27.90	25.60	20.40	26.75
1978	18.90	22.30	26.30	29.90	30.50	30.10	28.90	29.10	28.30	28.10	25.90	20.70	26.56
1979	21.10	21.50	27.40	30.50	32.60	31.60	30.30	29.60	29.70	28.70	27.10	21.30	27.57
1980	20.60	23.70	27.50	31.70	31.10	29.90	29.50	29.70	29.80	28.00	24.50	21.10	27.28
1981	20.40	23.20	26.90	28.60	28.90	30.80	28.90	29.40	29.00	28.50	24.20	21.80	26.66
1982	21.30	23.30	26.00	29.70	32.10	30.40	30.50	28.90	29.80	28.90	24.50	20.50	27.27
1983	20.00	22.50	27.50	30.10	30.60	30.80	29.90	28.90	29.30	27.90	24.50	20.20	26.88
1984	19.70	21.80	28.10	30.30	30.90	28.90	29.10	29.10	28.90	28.30	23.60	20.60	26.58
1985	20.30	22.80	29.50	31.20	30.50	30.50	28.50	29.40	29.20	27.50	24.40	21.50	27.03
1986	19.80	23.30	28.40	29.80	29.90	30.80	28.90	29.90	28.60	26.90	25.00	21.70	26.90
1987	19.80	23.50	27.80	30.60	30.90	31.70	29.70	29.50	29.50	28.20	24.80	21.40	27.31
1988	20.30	23.80	28.00	30.50	30.90	29.70	99	29.80	29.50	28.30	99	21.80	27.17
1989	18.60	23.00	27.60	31.20	31.20	29.70	29.30	29.20	29.20	28.10	99	99	26.93
1990	20.50	23.90	25.40	29.30	30.10	30.30	28.70	29.90	29.20	27.10	25.50	21.20	26.75
1991	20.40	25.10	28.70	30.80	31.00	30.10	30.10	99	29.90	27.70	23.70	20.30	27.35
1992	19.50	99	28.50	31.50	30.50	30.30	29.10	29.20	29.30	28.30	24.80	20.50	27.00
1993	20.50	24.30	26.70	28.30	29.80	29.70	29.60	28.60	28.50	28.30	25.00	21.10	26.65
1994	20.80	22.40	99	30.10	31.40	29.90	29.30	29.20	29.60	99	24.80	21.30	27.07
1995	19.10	99	27.80	31.50	31.50	30.40	29.40	29.60	28.70	28.30	24.70	21.30	27.11
1996	99	23.60	28.90	30.50	32.10	29.50	29.50	28.20	29.60	27.90	24.90	20.70	27.23
1997	19.40	22.70	28.40	27.70	31.10	31.10	29.40	29.00	99	27.90	26.10	20.50	26.97
1998	18.50	23.50	26.00	29.70	31.30	99	29.90	29.50	29.10	29.00	25.90	21.50	26.97
1999	20.00	24.80	29.30	31.70	30.40	30.10	29.10	28.90	28.30	28.10	24.90	22.10	27.26
2000	20.90	22.50	28.10	30.30	30.10	29.80	29.40	29.70	28.90	99	25.80	99	27.19
2001	19.50	24.30	28.10	30.70	30.50	29.10	28.90	29.70	29.80	28.70	26.30	21.10	27.20
2002	21.00	23.70	28.60	29.70	31.10	30.20	30.70	28.80	28.90	28.10	24.90	21.60	27.23
2003	18.30	24.30	27.00	31.00	31.60	30.50	29.80	29.90	29.60	28.30	24.90	20.80	27.23
2004	19.50	23.30	28.70	30.10	32.30	30.70	29.60	29.00	29.00	27.30	24.70	99	27.08
2005	20.20	24.90	28.40	30.50	31.20	32.00	29.00	29.70	29.60	27.20	23.70	21.10	27.33
2006	20.40	26.30	28.70	30.40	30.90	30.50	29.30	28.70	29.60	28.60	25.40	21.80	27.49
2007	20.00	23.40	27.10	30.90	31.0	30.7	29.20	29.8	29.2	28.3	24.9	20.5	27.19
2008	20.3	21.7	28.8	30.5	31.3	29.5	29.1	29.4	29.3	28.1	25.2	21.7	26.98
2009	22.0	24.9	28.7	32.5	30.9	32.0	29.5	29.4	29.9	28.0	25.5	21.3	27.92
2010	18.5	24.2	30.4	32.2	31.3	31.1	29.8	29.9	29.4	28.7	26.5	20.4	27.78
2011	19.3	23.9	28.1	29.9	30.8	30.7	29.7	29.0	29.1	29.0	25.3	20.9	27.10
2012	20.0	23.4	29.0	30.7