1903	11.00	12.30	15.40	19.20	19.80	19.60	20.80	19.80	20.20	19.90	16.30	12.70	17.21
1904	11.60	12.70	16.60	17.10	18.60	20.90	20.00	20.40	20.80	18.90	15.70	12.30	17.17
1905	10.10	10.10	14.40	16.60	19.20	20.40	20.50	19.90	20.70	19.10	15.90	12.20	16.60
1906	11.10	11.90	14.50	18.80	19.70	20.40	21.00	20.10	21.30	19.20	16.20	13.10	17.20
1907	13.20	12.40	14.80	17.20	19.40	20.20	19.80	20.90	20.30	19.30	15.90	13.30	17.21
1908	11.60	12.90	17.00	19.90	19.40	20.20	20.10	20.90	20.70	18.70	15.70	13.10	17.53
1909	11.70	13.30	18.20	17.70	19.60	20.10	21.30	19.90	21.20	20.00	17.10	12.60	17.77
1910	11.40	12.70	15.80	99	99	19.00	19.50	20.40	21.10	18.70	16.10	11.90	17.05
1911	11.40	12.50	14.90	16.90	18.10	19.70	19.90	20.20	20.50	18.10	14.40	11.70	16.54
1912	11.60	13.00	15.80	16.20	19.60	20.20	20.30	20.50	20.40	18.70	16.40	11.90	17.03
1913	12.80	99	16.80	18.40	18.20	19.80	20.90	20.20	20.20	18.60	15.40	11.50	17.19
1914	11.60	13.30	15.60	16.50	19.40	20.80	20.80	19.90	20.40	17.40	15.60	12.90	16.90
1915	12.80	12.90	15.90	18.60	18.90	19.80	20.20	20.70	20.30	20.60	17.60	13.10	17.60
1916	11.60	13.10	17.30	17.70	20.20	20.60	19.70	20.50	20.60	19.30	16.60	11.80	17.53
1917	11.30	12.20	15.90	17.70	18.90	19.80	20.00	20.30	20.40	19.20	16.60	12.60	17.01
1918	11.60	12.90	16.40	17.60	19.60	18.70	20.10	20.10	20.10	18.60	15.60	12.80	16.99
1919	12.70	12.90	18.20	18.00	19.60	20.60	20.10	21.10	19.30	18.70	16.20	12.80	17.52
1920	12.70	12.20	15.10	17.60	19.20	20.00	21.00	20.20	20.60	19.10	16.80	14.30	17.28
1921	13.80	14.60	16.90	18.30	19.70	19.60	20.60	20.70	21.30	17.90	16.40	12.70	17.84
1922	12.60	14.20	17.70	19.70	20.20	20.40	20.90	20.50	21.20	18.80	17.10	13.20	18.00
1923	13.50	12.40	17.80	19.20	19.90	20.40	20.40	21.20	20.70	18.80	16.60	13.60	17.84
1924	12.30	13.10	19.20	19.40	19.40	20.60	20.60	20.40	19.80	19.90	16.40	12.60	17.89
1925	9.90	11.10	16.20	17.80	18.50	20.40	20.00	20.30	19.70	18.10	15.70	13.20	16.69
1926	11.80	13.10	15.40	18.00	19.00	19.90	20.20	20.80	20.70	19.30	15.70	13.70	17.26
1927	11.10	12.10	14.80	18.40	19.50	20.50	20.90	20.70	19.70	19.10	15.80	13.60	17.19
1928	12.40	14.50	16.90	19.30	19.10	20.20	20.80	20.70	20.40	18.60	15.10	13.60	17.63
1929	11.90	12.80	17.40	18.10	19.20	20.40	20.70	20.40	20.30	19.20	15.40	12.20	17.45
1930	9.90	13.60	16.10	18.30	19.80	19.60	21.10	20.30	21.10	18.20	16.10	12.60	17.19
1931	99	99	99	99	99	99	99	99	99	99	99	99	99
1932	99	99	99	99	99	99	99	99	99	99	99	99	99
1933	99	99	99	99	99	99	99	99	99	99	99	99	99
1934	99	99	99	99	99	99	99	99	99	99	99	99	99
1935	99	99	99	99	99	99	99	99	99	99	99	99	99
1936	99	99	99	99	99	99	99	99	99	99	99	99	99
1937	99	99	99	99	99	99	99	99	99	99	99	99	99
1938	99	99	99	99	99	99	99	99	99	99	99	99	99
1939	99	99	99	99	99	99	99	99	99	99	99	99	99
1940	99	99	99	99	99	99	99	99	99	99	99	99	99
1941	11.70	13.90	17.50	18.90	19.50	20.10	20.30	20.90	20.20	19.20	15.30	13.80	17.57
1942	12.10	13.80	16.50	18.60	19.40	20.20	21.10	20.40	20.10	19.80	16.90	12.30	17.73
1943	12.30	11.90	15.20	17.10	19.40	19.80	20.40	19.70	20.50	19.30	16.60	13.60	17.04
1944	11.50	12.10	16.80	17.70	19.80	20.10	21.10	21.00	19.70	19.30	15.20	12.80	17.33
1945	12.20	11.40	16.90	18.50	19.10	20.40	20.50	19.80	20.90	18.80	16.40	12.90	17.31
1946	12.60	15.50	16.60	17.60	19.10	19.90	20.10	20.30	20.60	18.30	16.50	13.40	17.50
1947	11.90	13.70	16.60	19.20	19.30	20.10	20.30	20.60	20.40	17.80	16.10	14.10	17.45
1948	12.20	12.40	16.70	17.80	18.50	19.90	19.90	20.40	20.50	18.40	15.40	12.30	17.18
1949	11.70	12.30	16.10	16.00	18.60	19.50	19.70	20.10	20.40	19.60	15.60	10.80	16.83
1950	11.70	12.30	15.90	18.70	20.20	20.00	19.80	19.30	20.70	19.50	15.60	12.60	17.04
1951	11.40	13.60	16.80	17.80	18.80	19.60	19.80	20.60	20.50	19.20	15.90	14.50	17.22
1952	12.60	14.70	15.50	18.70	18.90	20.60	20.20	20.40	19.90	19.70	15.60	12.20	17.61
1953	11.20	13.90	16.50	18.70	18.90	19.60	19.70	21.10	20.10	18.50	16.10	13.90	17.21
1954	10.80	13.90	17.60	18.70	19.00	18.90	19.40	20.50	99	18.30	16.00	13.00	17.24
1955	11.60	13.20	17.70	18.20	19.40	19.60	19.50	19.70	20.70	19.90	16.10	11.70	17.38
1956	10.50	13.00	16.10	19.20	19.40	19.30	20.30	20.60	20.80	19.50	16.10	12.70	17.21
1957	11.20	11.60	16.40	18.80	19.20	20.00	20.20	21.10	20.60	18.40	15.50	12.50	17.14
1958	12.30	12.30	18.20	18.80	19.40	21.10	21.00	19.60	21.30	19.90	16.40	12.80	17.73
1959	11.30	11.80	16.40	18.80	18.70	19.80	21.00	20.90	20.30	18.90	15.70	13.20	17.20
1960	12.40	15.70	16.00	20.30	20.60	20.40	99	21.70	99	99	99	99	18.34
1961	99	99	99	99	99	21.00	21.30	21.90	21.50	20.50	16.20	11.10	99
1962	9.50	10.70	17.30	20.40	99	99	99	99	22.40	20.20	15.50	13.20	17.42
1963	11.60	14.10	17.10	18.80	19.30	20.30	21.10	21.70	99	20.60	16.80	13.30	18.00
1964	11.30	12.20	15.90	17.70	20.00	19.70	19.70	21.00	20.10	20.40	19.90	99	17.60
1965	99	99	99	99	99	99	99	99	99	99	99	14.40	99
1966	12.00	14.70	17.30	19.00	20.80	19.50	21.00	20.90	20.50	18.80	17.40	13.70	18.03
1967	12.30	12.90	15.30	18.30	19.00	20.20	20.70	21.20	20.50	19.00	14.70	12.50	17.32
1968	12.00	12.10	16.60	17.60	19.10	18.90	20.30	21.10	20.50	20.30	17.00	14.50	17.33
1969	13.10	14.90	18.90	19.60	20.60	20.70	21.40	20.10	20.70	18.80	16.00	13.50	18.28
1970	10.90	13.40	16.60	18.90	20.10	20.20	19.40	20.00	20.50	18.30	16.30	13.30	17.34
1971	11.50	12.90	17.90	17.60	19.30	19.80	20.10	19.70	20.20	19.50	16.90	13.60	17.39
1972	12.10	99	17.10	17.70	19.60	20.30	20.70	20.50	20.80	19.60	17.40	13.80	17.75
1973	11.90	14.20	17.30	18.90	19.10	19.60	20.90	20.40	20.00	19.70	16.50	12.70	17.69
1974	10.60	13.30	16.40	18.10	19.40	19.90	19.50	20.60	19.70	20.00	18.10	11.30	17.36
1975	11.90	13.10	17.20	18.90	19.60	20.60	19.40	20.80	20.00	19.50	15.20	11.40	17.29
1976	11.40	13.60	16.40	18.50	18.90	19.30	20.00	19.80	20.30	18.50	16.20	11.90	17.03
1977	10.90	13.10	17.50	16.70	18.10	19.20	20.40	20.50	21.00	17.90	15.70	12.30	16.91
1978	9.60	13.00	16.10	18.60	19.40	19.30	20.10	21.80	20.50	20.40	15.90	13.90	17.25
1979	12.60	12.90	16.50	19.60	20.40	21.30	20.30	21.10	20.10	18.70	17.10	12.70	17.88
1980	10.90	12.30	16.70	19.60	18.90	20.90	20.70	20.30	20.80	18.60	16.40	13.60	17.40
1981	11.90	12.90	15.70	16.60	18.90	20.90	20.10	20.70	20.50	19.50	16.90	10.90	17.35
1982	12.80	12.70	15.90	17.50	20.40	20.50	20.50	21.10	20.40	19.10	15.30	11.70	17.26
1983	10.70	99	15.50	18.00	19.10	20.70	20.50	20.60	20.10	20.00	17.10	12.00	17.16
1984	10.50	13.30	16.70	18.50	18.30	20.50	19.30	20.80	18.80	19.30	15.60	12.50	16.97
1985	11.40	11.60	16.00	18.00	19.10	19.80	18.60	20.60	19.70	19.30	15.40	13.00	16.83
1986	11.30	13.20	16.90	17.30	18.70	21.60	20.00	20.70	19.90	18.10	15.50	13.50	17.18
1987	12.20	14.30	15.60	18.70	19.70	21.10	20.30	20.50	20.50	19.40	17.70	14.70	17.79
1988	12.50	14.70	15.60	19.50	19.50	21.00	20.30	19.90	19.70	20.00	17.60	13.90	17.92
1989	10.60	12.10	15.80	17.60	20.00	19.90	19.70	20.50	20.20	19.30	15.30	11.80	17.08
1990	11.20	13.10	14.10	16.00	19.50	19.90	19.50	21.00	20.10	19.20	16.70	12.70	16.84
1991	99	99	99	99	99	99	99	99	99	99	99	99	99
1992	99	99	99	99	99	99	99	99	99	99	99	99	99
1993	99	99	99	99	99	99	99	99	99	99	99	99	99
1994	13.00	12.30	15.90	18.70	20.20	19.90	21.50	21.50	20.90	19.30	17.70	99	17.84
1995	11.30	12.40	16.50	19.40	99	99	20.10	20.70	20.50	19.90	17.30	12.60	17.54
1996	10.80	99	17.30	18.70	19.30	20.30	19.50	99	21.10	99	16.20	14.20	17.34
1997	11.60	11.60	17.00	16.70	19.80	19.70	20.50	21.60	20.30	19.70	16.50	99	17.43
1998	99	14.00	14.90	20.50	20.60	99	20.50	20.70	21.50	22.40	18.80	14.90	18.41
1999	13.10	16.90	17.90	20.30	18.90	21.30	20.10	99	20.60	20.20	17.40	15.30	18.55
2000	11.90	99	99	18.40	19.40	20.50	20.50	20.60	20.00	19.70	99	99	17.79
2001	99	99	99	99	99	20.70	20.80	20.80	21.50	19.80	16.50	13.30	99
2002	12.30	14.40	16.70	99	99	20.10	20.70	20.70	21.30	19.70	99	13.00	17.92
2003	11.80	99	15.60	18.60	19.80	20.20	20.80	21.10	21.30	20.00	15.70	14.00	17.59
2004	12.10	13.10	17.70	17.60	20.90	20.40	20.10	21.50	20.50	19.20	16.00	13.70	17.76
2005	11.70	14.00	16.80	19.00	19.30	21.10	20.70	20.70	22.30	19.80	15.90	14.00	17.92
2006	12.50	15.90	18.00	18.80	20.20	20.70	21.40	22.00	21.00	20.50	16.50	13.40	18.46
2007	11.80	12.80	16.40	18.40	20.80	20.70	20.4	21.5	21.1	19.5	17.0	13.0	17.82
2008	12.0	12.3	16.7	19.6	20.5	20.4	20.5	20.5	21.3	19.8	16.6	14.0	17.77
2009	13.0	15.3	18.2	19.6	20.3	21.2	21.3	21.1	21.8	20.1	16.8	12.9	18.56
2010	13.5	14.5	18.3	19.9	20.2	20.5	21.3	21.6	21.4	20.7	16.9	13.5	18.48
2011	10.9	13.9	16.7	18.9	19.8	20.8	20.4	20.7	20.8	19.5	15.6	13.3	17.62
2012	10.6	13.2	16.4	17.4