1897	99	99	10.20	15.50	19.90	19.00	18.20	17.10	16.70	15.00	11.10	8.20	13.75
1898	8.60	5.40	13.30	18.80	18.30	18.70	17.30	17.30	16.40	14.40	9.80	6.90	13.88
1899	3.80	7.30	13.80	14.30	19.10	19.00	17.70	18.10	17.40	14.60	10.90	8.60	13.58
1900	5.00	6.30	13.40	13.90	17.20	19.20	18.40	17.80	16.20	13.80	12.10	7.20	13.49
1901	3.20	5.50	10.90	15.80	18.40	21.10	18.80	17.50	16.60	15.70	11.50	7.90	13.52
1902	7.80	8.90	12.40	15.40	18.70	19.10	17.40	17.40	16.60	12.90	10.40	8.30	13.74
1903	5.80	5.70	9.00	15.30	19.00	20.00	19.30	17.50	17.30	14.00	11.00	8.80	13.52
1904	6.30	9.00	10.80	17.20	17.30	18.90	17.50	16.90	16.10	14.30	9.20	7.10	13.53
1905	2.80	-0.20	6.60	12.50	18.40	19.70	17.90	17.70	16.70	14.70	10.80	7.30	12.06
1906	4.50	3.80	9.10	16.40	20.10	18.70	18.10	17.10	16.80	14.30	12.20	9.10	13.20
1907	8.70	3.80	6.40	13.30	16.80	19.60	18.80	17.50	17.70	15.90	99	99	13.34
1908	6.90	7.90	11.60	18.40	18.80	20.60	17.60	16.70	16.90	14.80	9.90	7.40	14.09
1909	5.20	6.30	13.20	14.20	18.80	17.80	18.00	18.00	17.80	16.00	13.20	8.80	13.83
1910	7.70	6.70	11.60	15.60	17.80	17.60	16.50	16.80	16.10	13.30	9.90	7.70	13.20
1911	6.20	8.10	7.90	15.20	19.60	17.90	18.80	17.30	15.60	13.70	7.40	7.70	12.95
1912	5.90	7.90	10.40	14.20	17.20	18.70	17.40	16.50	15.30	14.20	8.60	7.60	12.83
1913	6.80	5.00	8.00	15.70	16.20	16.70	17.30	17.60	17.10	13.90	8.90	5.80	12.57
1914	8.20	5.40	8.90	14.10	17.00	18.10	17.40	17.10	15.80	12.20	10.30	7.70	12.53
1915	7.30	5.90	9.80	15.20	18.80	18.30	18.10	17.20	16.40	17.00	11.80	8.40	13.63
1916	7.00	6.60	14.70	16.60	19.00	17.30	16.80	17.10	15.80	14.10	11.40	7.20	13.73
1917	6.50	6.50	9.10	11.50	13.60	17.20	17.20	16.90	14.90	13.20	11.40	7.60	12.10
1918	5.80	8.40	11.10	13.60	18.70	17.10	18.30	17.10	16.60	14.40	9.80	6.00	13.21
1919	4.40	5.90	10.20	12.80	16.10	18.20	17.10	16.90	15.70	13.90	10.20	7.00	12.28
1920	8.40	5.10	8.50	15.10	14.70	17.40	17.00	16.90	16.10	14.20	11.10	10.20	12.63
1921	5.50	99	14.20	17.10	21.00	17.50	16.90	15.80	99	11.20	10.10	8.30	13.47
1922	4.40	8.30	13.10	15.80	20.00	18.10	17.60	16.40	15.70	13.20	10.50	5.80	13.45
1923	7.30	5.00	11.80	17.40	18.60	21.00	17.50	17.30	16.00	13.30	10.80	7.80	13.48
1924	5.30	7.10	12.80	16.90	15.90	22.10	17.80	16.90	15.30	14.60	10.40	8.60	13.58
1925	4.30	7.30	11.40	17.10	18.20	16.80	17.10	17.30	16.10	13.90	9.50	8.70	13.13
1926	5.90	8.20	8.10	11.80	16.30	21.10	18.10	17.20	16.60	14.00	8.50	8.20	12.88
1927	5.60	4.60	10.10	15.10	16.90	19.20	17.80	16.60	16.70	14.00	10.00	9.20	12.90
1928	5.60	7.20	11.00	14.60	19.60	18.50	17.90	18.10	17.90	15.50	10.50	7.70	13.80
1929	5.70	6.60	12.70	15.80	19.70	18.40	17.80	16.60	16.30	13.60	11.30	3.30	13.52
1930	4.60	6.50	12.50	15.50	18.30	18.20	17.30	17.40	17.10	13.70	10.30	8.90	12.89
1931	7.90	4.50	10.90	17.60	18.50	20.60	17.80	18.20	15.90	13.90	10.70	8.60	13.78
1932	8.30	5.60	11.70	15.50	17.90	20.40	18.10	17.20	16.50	14.40	12.40	8.10	13.88
1933	5.20	6.90	11.70	13.40	14.90	18.20	17.30	17.30	16.20	14.00	11.70	9.10	12.91
1934	4.90	9.10	10.30	16.60	18.50	18.10	17.30	16.30	17.10	14.40	11.20	6.30	13.58
1935	3.40	6.80	11.10	11.90	19.90	20.30	17.30	16.50	16.10	13.90	10.30	6.10	12.82
1936	4.90	4.90	10.80	14.40	18.20	15.60	16.50	16.20	15.50	12.80	10.50	5.10	12.20
1937	5.40	5.40	9.90	12.30	17.30	18.70	17.70	17.20	16.50	13.20	9.10	7.20	12.32
1938	4.60	4.80	12.20	16.70	18.30	17.00	16.80	16.90	16.70	14.30	8.80	9.50	12.86
1939	6.40	5.20	7.80	14.60	19.90	17.40	17.40	17.30	16.40	13.80	11.30	9.20	13.08
1940	6.30	5.70	7.60	14.40	18.40	19.10	17.70	17.30	15.60	14.80	11.40	6.20	13.13
1941	4.70	7.80	13.40	18.50	18.80	18.30	18.60	17.70	16.70	14.80	10.90	10.00	13.87
1942	5.40	8.10	13.20	16.10	18.50	20.30	17.50	16.70	15.90	14.70	11.90	7.00	14.03
1943	4.90	8.20	11.90	13.20	19.40	18.70	17.70	16.70	17.20	14.80	13.10	8.80	13.57
1944	4.30	5.20	9.80	13.90	20.80	18.30	17.70	17.50	16.70	14.90	11.40	10.20	13.28
1945	3.60	5.90	11.30	13.60	18.90	20.10	17.60	17.50	16.30	13.30	11.60	7.30	13.33
1946	9.30	9.30	10.90	14.80	16.30	18.70	17.60	18.10	17.20	13.50	11.20	8.60	13.68
1947	4.90	7.80	11.20	17.10	19.00	20.30	17.70	17.70	16.60	13.40	11.50	8.80	13.82
1948	6.80	6.20	9.80	17.30	19.70	20.90	17.80	16.80	16.30	13.40	10.00	7.20	13.65
1949	8.60	6.40	11.70	16.00	17.50	20.10	17.50	17.30	16.50	15.40	10.80	6.20	13.75
1950	7.00	6.10	9.30	15.80	18.80	18.40	17.30	16.90	16.00	14.50	11.40	7.80	13.14
1951	4.70	8.40	11.00	13.60	18.70	19.40	18.30	18.00	16.30	16.30	11.50	9.00	13.67
1952	8.20	9.00	9.20	16.20	18.50	18.00	17.90	17.00	17.20	15.20	11.40	9.10	13.90
1953	4.20	9.80	14.30	16.80	19.10	19.90	17.60	17.60	17.20	14.80	11.70	9.60	14.34
1954	5.60	7.40	12.80	17.50	20.60	19.40	17.80	17.50	16.60	13.00	10.90	6.70	14.06
1955	5.40	8.90	13.20	13.90	18.10	19.50	17.80	16.80	16.30	13.10	11.50	7.30	13.43
1956	5.90	8.90	11.50	17.40	18.90	18.30	16.90	17.30	16.70	13.40	11.10	6.50	13.63
1957	4.70	7.00	9.30	14.80	18.30	18.50	18.00	17.90	16.30	14.40	12.30	8.60	13.17
1958	7.40	7.50	12.20	17.50	19.30	20.20	17.80	17.30	17.00	15.00	12.70	9.00	14.38
1959	7.00	6.80	12.90	16.40	19.40	19.50	17.10	18.00	17.20	14.30	11.10	9.90	14.06
1960	5.40	11.70	10.10	15.40	20.00	19.90	17.90	17.80	17.10	13.90	10.90	11.30	14.17
1961	6.40	4.90	12.30	16.60	18.60	19.00	18.10	17.70	17.30	13.50	9.10	6.20	13.73
1962	5.70	6.90	11.30	15.90	18.70	20.00	18.80	17.50	16.00	14.30	12.00	8.20	13.61
1963	7.70	9.80	10.40	14.50	17.40	18.60	18.50	17.10	16.10	15.00	10.70	8.70	13.67
1964	5.60	7.80	13.80	16.70	16.60	20.10	17.00	17.70	16.00	16.10	11.00	8.50	13.93
1965	7.70	5.90	9.40	13.90	18.10	21.10	17.40	16.90	16.80	14.00	11.10	8.90	13.40
1966	7.80	9.40	12.50	16.90	19.40	19.50	18.50	17.50	16.60	14.40	11.10	8.90	14.38
1967	7.10	10.20	9.60	15.00	18.70	19.90	17.60	16.40	16.80	13.70	10.40	7.50	13.69
1968	4.50	5.70	10.90	15.40	19.10	17.50	17.10	17.30	17.40	14.00	10.70	8.60	13.09
1969	5.80	8.90	14.40	15.20	16.70	19.50	17.40	16.70	15.40	14.30	11.70	9.60	13.72
1970	6.00	7.00	10.90	17.50	18.70	17.40	17.70	17.30	16.80	14.60	10.80	9.60	13.69
1971	5.80	7.80	12.00	14.90	15.00	17.00	16.90	16.10	16.20	14.30	10.70	9.80	13.03
1972	8.30	5.50	13.10	14.00	20.20	19.90	17.90	16.70	15.50	13.10	10.70	9.00	13.73
1973	6.10	7.50	11.10	18.60	18.40	17.60	17.80	16.90	16.50	13.30	11.40	7.60	13.68
1974	6.30	7.10	13.30	17.00	18.30	17.90	17.10	16.90	16.00	16.00	10.60	6.60	13.68
1975	3.60	6.20	10.00	16.70	18.90	17.90	16.50	16.90	15.30	15.50	10.90	9.00	12.92
1976	6.90	7.00	10.30	14.40	17.20	17.60	16.90	15.80	16.50	14.80	13.10	9.20	13.29
1977	6.80	9.30	14.80	14.80	14.50	17.70	16.60	16.90	15.40	13.90	12.00	7.30	13.49
1978	5.30	6.10	7.90	15.10	20.30	18.30	16.80	16.90	15.60	15.10	10.30	9.70	12.92
1979	6.40	5.40	9.00	16.20	17.70	18.90	17.60	17.70	16.70	15.30	12.70	7.80	13.61
1980	6.80	8.10	9.80	17.10	19.50	17.40	16.80	16.90	16.20	13.80	11.40	9.60	13.47
1981	4.90	8.00	8.60	15.30	16.60	19.20	17.00	17.00	16.50	15.10	10.50	7.50	13.19
1982	6.80	5.10	4.70	13.90	15.40	18.30	18.60	16.70	16.80	14.40	11.00	8.70	12.43
1983	6.70	6.00	9.80	12.20	16.50	17.90	18.30	17.80	16.20	13.40	10.60	7.90	12.84
1984	4.60	5.90	13.80	15.10	20.50	18.30	16.90	17.50	16.30	14.60	9.10	9.00	13.38
1985	5.10	8.70	15.00	15.80	18.00	18.80	16.70	16.90	15.50	12.50	10.90	8.10	13.58
1986	6.80	7.40	9.60	14.30	15.20	18.20	16.60	17.00	16.00	13.10	11.70	8.30	12.83
1987	7.30	8.10	12.70	17.00	99	20.10	18.40	17.50	16.60	15.50	13.10	11.10	14.53
1988	8.90	9.10	10.90	16.70	18.90	99	99	16.70	16.30	99	10.60	8.50	14.42
1989	2.80	6.30	10.30	15.00	17.90	18.40	17.50	16.20	15.70	14.50	99	7.00	12.82
1990	9.90	5.00	7.10	13.80	15.80	18.60	16.40	16.50	15.70	12.90	11.30	7.10	12.50
1991	2.80	7.10	10.50	13.40	18.00	17.30	18.10	16.50	15.80	99	8.70	6.80	12.34
1992	5.50	4.50	9.90	99	15.70	17.60	16.60	15.70	14.90	12.90	9.80	7.60	11.97
1993	4.00	8.20	6.50	12.10	16.70	19.40	16.40	16.50	16.60	99	99	99	12.09
1994	99	99	99	99	99	99	99	99	99	99	99	99	99
1995	99	99	99	99	99	99	99	99	99	99	99	99	99
1996	99	99	99	99	99	99	99	99	99	99	99	99	99
1997	99	99	99	99	99	99	99	99	99	11.00	99	6.10	99
1998	99	99	99	15.00	18.50	20.50	17.10	16.60	16.90	14.30	12.50	11.30	13.70
1999	99	10.80	13.90	21.90	18.50	18.00	18.80	18.10	16.50	15.10	12.90	9.60	15.45
2000	7.60	99	9.10	17.50	17.50	17.40	17.60	17.50	17.50	16.20	12.90	10.20	14.07
2001	6.30	99	10.90	14.20	17.70	17.90	18.50	18.30	18.10	16.10	13.10	9.80	14.12
2002	7.10	7.80	11.50	16.30	20.00	19.60	19.80	17.80	14.90	15.30	12.70	99	14.38
2003	8.40	7.00	10.30	16.40	17.40	20.70	17.40	17.60	16.70	15.10	11.70	8.00	14.00
2004	8.10	7.30	14.10	17.90	18.90	17.90	18.30	17.90	18.50	13.90	11.90	11.50	14.39
2005	8.00	6.70	12.30	15.30	15.80	20.60	17.20	18.40	17.60	14.50	12.30	99	14.18
2006	9.30	14.10	11.30	16.50	18.40	19.20	99	17.80	99	15.20	13.10	9.00	15.36
2007	7.80	6.30	11.1	17.20	17.1	20.10	18.30	18.3	17.8	16.4	12.3	7.0	14.31
2008	8.2	7.0	13.8	13.1	17.7	17.0	17.5	16.9	17.5	15.9	13.5	99	13.76
2009	7.4	99	13.6	16.9	99	19.9	18.3	18.8	15.4	15.3	12.8	10.2	14.68
2010	9.2	7.8	13.6	99	18.3	19.7	18.4	17.5	16.7	99	12.7	8.2	14.68
2011	6.3	8.1	12.8	14.7	18.4	17.3	17.5	17.0	17.1	14.8	12.3	9.4	13.71
2012	3.8	8.0	12.0	14.4