1931	15.40	15.20	21.20	29.70	33.10	35.10	31.70	30.30	28.60	25.30	19.10	15.50	24.99
1932	15.60	15.70	23.60	28.70	31.80	35.60	31.70	29.10	28.70	25.90	19.60	14.70	25.13
1933	12.30	17.20	22.40	27.10	29.80	32.40	29.40	28.10	27.70	24.80	19.20	15.80	23.76
1934	12.80	18.00	21.30	28.20	32.20	32.80	30.70	28.60	29.80	25.40	19.90	16.10	24.63
1935	12.70	17.20	22.10	25.60	33.50	35.20	30.50	29.50	28.70	25.60	20.60	15.30	24.78
1936	13.20	17.30	21.80	28.30	34.90	31.20	30.10	29.30	28.60	25.70	19.90	15.30	24.63
1937	13.40	16.80	20.70	26.50	32.70	33.90	30.40	31.80	29.60	25.20	19.70	14.30	24.67
1938	13.60	15.40	23.70	29.60	35.10	32.70	31.70	31.20	31.00	27.20	18.70	14.70	25.35
1939	14.90	17.10	19.90	27.40	34.90	32.10	31.20	31.70	29.90	26.90	19.60	15.50	25.03
1940	14.30	16.40	20.90	27.50	34.30	35.10	31.90	28.90	29.20	25.70	20.70	15.30	25.03
1941	13.30	17.70	24.80	31.70	34.90	32.40	33.90	30.90	29.80	28.40	20.20	16.30	26.11
1942	12.90	18.00	24.10	30.40	34.20	35.30	29.60	28.70	27.60	25.60	20.90	14.20	25.30
1943	14.50	16.90	23.20	27.10	32.80	33.60	30.10	28.90	29.60	25.50	20.80	16.30	24.77
1944	13.60	16.50	21.10	27.50	34.80	33.10	30.10	30.20	28.90	25.10	20.60	16.20	24.82
1945	12.30	15.90	23.20	27.60	32.60	35.20	31.00	30.50	28.20	25.30	20.20	13.90	24.85
1946	14.90	18.30	21.90	29.70	33.20	33.60	30.40	29.90	29.50	26.30	19.80	14.50	25.12
1947	13.60	16.90	23.40	30.20	33.80	36.30	32.60	30.90	28.80	25.10	21.30	15.40	25.62
1948	13.20	16.40	20.90	31.60	34.50	35.20	31.30	28.80	29.10	26.90	19.40	15.30	25.23
1949	16.20	17.20	22.70	29.90	34.10	34.90	30.50	30.20	30.30	25.90	18.90	14.80	25.51
1950	15.70	14.60	21.40	27.40	33.40	34.80	30.30	29.70	28.40	25.10	19.10	13.70	24.56
1951	13.80	16.60	22.50	26.60	32.80	33.80	33.10	30.70	29.80	29.30	21.80	15.90	25.38
1952	15.60	19.20	22.50	31.50	33.60	33.40	31.70	29.20	30.60	26.80	20.60	16.10	25.88
1953	14.20	19.30	26.40	29.70	34.00	34.80	30.80	29.40	29.60	26.40	20.30	18.10	25.92
1954	13.80	17.80	22.50	29.60	34.80	34.90	31.70	31.40	30.30	23.70	20.40	16.20	25.75
1955	14.40	17.60	25.10	27.20	31.40	35.20	32.10	29.30	28.80	24.50	19.60	15.80	25.12
1956	14.60	17.60	23.00	29.80	34.70	34.20	30.40	29.60	30.50	24.80	19.20	16.10	25.35
1957	13.90	15.70	21.50	27.40	31.90	33.70	31.30	30.50	27.80	25.90	20.90	15.90	24.72
1958	16.10	15.80	23.90	30.90	33.00	35.10	30.30	29.60	29.00	25.70	20.40	16.60	25.48
1959	14.20	16.40	23.50	28.90	32.50	34.90	31.10	30.40	29.70	27.10	20.60	16.20	25.49
1960	14.00	19.80	22.00	27.60	33.30	35.10	30.90	29.30	30.00	25.40	19.70	16.10	25.28
1961	14.90	15.20	23.00	28.20	32.50	33.50	31.10	28.60	29.50	25.40	18.70	12.90	24.73
1962	12.90	17.70	22.60	29.20	33.00	34.30	31.40	30.20	28.30	24.60	20.00	14.80	24.76
1963	13.00	18.50	22.40	28.20	31.30	33.10	32.50	28.90	28.20	26.80	21.60	15.20	24.94
1964	12.30	16.80	24.20	29.60	31.00	34.00	28.90	29.50	27.60	25.40	19.10	15.20	24.47
1965	15.70	16.70	21.80	26.40	31.30	35.10	31.10	29.60	28.50	26.30	21.20	14.70	24.91
1966	14.90	19.10	22.70	29.00	32.30	32.50	32.20	29.40	28.60	26.30	20.00	14.30	25.14
1967	12.70	18.80	21.30	27.50	32.20	34.70	30.60	28.80	28.20	25.50	19.90	15.50	24.54
1968	13.60	15.40	22.20	27.40	32.20	34.10	30.50	29.70	30.20	25.70	20.40	15.50	24.74
1969	14.50	17.50	24.80	29.40	31.40	34.90	30.90	30.20	28.90	27.30	21.60	15.80	25.58
1970	14.80	16.10	22.10	29.80	33.20	31.60	31.90	29.60	29.60	27.20	20.20	15.70	25.16
1971	13.20	17.60	22.90	29.80	30.80	32.10	29.80	28.50	28.70	25.90	20.40	16.00	24.62
1972	14.60	15.00	23.20	27.90	34.10	35.10	32.00	29.30	28.70	25.90	21.20	16.40	25.25
1973	14.40	18.70	22.40	30.70	33.70	34.30	31.50	29.40	29.80	26.30	20.30	13.80	25.66
1974	14.20	15.70	24.10	30.50	32.80	33.50	30.20	30.50	30.70	26.40	20.20	14.80	25.22
1975	13.60	16.00	22.30	29.50	34.20	31.90	30.20	29.20	27.80	26.40	19.30	16.00	24.60
1976	15.60	17.50	22.00	28.10	31.90	31.70	31.00	28.50	29.10	27.00	21.50	15.20	24.99
1977	13.90	17.10	24.00	28.00	30.70	32.10	29.00	29.80	28.20	26.90	22.40	16.60	24.78
1978	14.00	15.60	20.50	28.40	35.40	33.30	29.50	29.20	28.90	26.60	21.20	15.80	24.93
1979	15.10	16.10	20.60	29.40	31.10	33.50	31.30	30.90	29.70	27.30	22.20	16.60	25.25
1980	14.20	18.20	21.70	30.70	34.50	33.20	29.80	30.40	29.70	27.10	20.50	15.90	25.55
1981	14.80	17.80	21.50	29.40	32.90	34.40	29.90	30.50	30.50	26.30	19.70	15.30	25.30
1982	14.50	15.90	19.70	26.50	29.10	33.10	32.50	29.90	30.00	26.70	21.00	16.10	24.52
1983	13.50	15.90	21.50	25.10	30.30	32.50	30.70	29.50	29.90	25.70	19.80	15.60	24.21
1984	13.40	15.60	24.20	29.20	34.90	34.30	30.50	29.70	28.50	25.70	20.20	16.20	25.15
1985	14.20	17.80	24.60	29.40	33.70	33.90	30.00	30.10	29.30	24.80	20.50	16.60	25.38
1986	14.00	16.20	22.50	28.60	31.40	33.30	30.50	30.50	29.60	25.90	21.40	14.50	25.04
1987	14.80	18.60	23.30	29.30	29.70	34.70	34.70	32.50	31.70	27.50	20.90	15.80	26.02
1988	15.10	18.70	22.50	29.90	35.30	33.00	99	29.10	30.10	26.00	20.70	16.10	25.54
1989	13.30	16.20	22.10	27.30	33.10	32.90	32.00	30.40	29.60	26.50	20.50	14.70	25.00
1990	16.20	17.10	20.90	28.10	31.80	34.30	30.50	30.10	29.20	25.30	20.80	15.70	24.92
1991	13.70	17.70	22.30	27.70	32.80	33.10	33.40	29.80	99	25.30	19.70	15.70	24.98
1992	14.90	15.90	22.40	27.90	32.00	34.90	30.70	29.80	28.90	25.80	99	16.70	24.91
1993	14.20	18.90	20.80	28.30	33.70	33.90	30.70	30.90	28.10	25.50	20.90	15.30	25.22
1994	15.10	16.80	23.60	26.90	33.20	34.00	30.00	29.70	29.30	25.40	20.10	99	24.95
1995	13.40	17.20	21.30	28.10	33.80	99	32.00	29.10	29.50	26.60	20.50	15.90	25.04
1996	14.40	17.30	23.40	28.70	32.40	37.00	31.10	29.10	29.10	25.50	19.30	14.50	25.27
1997	12.90	16.50	21.90	26.70	30.60	31.40	31.40	29.70	29.60	23.90	19.20	12.90	24.03
1998	13.30	17.10	20.50	29.10	33.80	33.10	31.10	29.90	29.90	25.90	20.50	14.90	24.76
1999	13.30	17.40	23.60	30.30	33.30	33.10	31.90	31.20	29.70	26.10	20.90	15.30	25.48
2000	14.00	15.50	22.10	30.40	34.10	31.90	30.10	30.50	29.90	99	21.30	99	25.16
2001	13.20	17.60	22.70	28.70	32.30	31.10	31.20	31.10	30.50	27.10	20.90	16.10	25.14
2002	14.10	17.00	23.50	30.30	33.70	33.90	34.90	30.90	28.10	26.50	20.60	16.10	25.80
2003	12.10	17.00	22.50	29.90	32.70	34.40	30.10	30.30	29.00	99	19.90	15.10	24.97
2004	13.50	18.10	25.30	30.30	32.70	32.10	33.10	30.00	30.20	25.10	20.70	16.20	25.52
2005	13.90	17.20	23.80	28.40	28.90	34.20	30.50	31.50	29.50	25.90	20.50	14.30	25.04
2006	14.80	21.50	22.10	28.90	32.10	31.20	31.40	31.10	29.70	27.00	21.30	16.10	25.35
2007	14.30	18.00	22.10	30.60	32.30	33.20	31.70	31.1	29.9	25.5	20.7	15.3	25.36
2008	13.7	16.2	25.3	28.8	30.7	30.9	31.1	30.1	29.2	27.5	20.9	17.2	24.88
2009	15.4	18.7	23.9	29.7	33.2	34.5	32.5	31.3	29.5	26.0	20.3	16.1	25.92
2010	13.7	18.7	26.3	32.7	34.7	99	31.4	30.1	28.3	26.9	21.3	15.0	26.17
2011	12.9	17.6	99	28.1	33.4	32.3	31.2	99	99	26.7	22.1	15.9	25.13
2012	13.5	16.8	99	28.7