1959	99	99	99	99	99	99	99	99	99	99	99	20.50	99
1960	21.00	21.60	20.40	18.20	16.70	16.10	15.60	16.30	17.10	18.60	19.60	21.10	18.48
1961	22.10	22.00	21.80	19.30	16.00	16.70	16.00	16.00	16.80	16.30	19.10	19.80	18.60
1962	21.20	21.60	20.50	19.40	17.30	16.30	16.50	17.00	16.70	18.10	19.20	21.50	18.63
1963	21.80	22.10	19.70	18.60	17.50	15.40	14.40	16.30	18.00	18.30	19.60	20.70	18.60
1964	20.80	21.20	21.40	18.30	17.50	14.70	15.00	14.90	15.70	17.30	18.70	20.70	18.02
1965	21.70	22.00	21.50	19.30	16.60	13.60	15.90	16.20	17.10	16.60	17.90	19.10	18.26
1966	21.30	20.10	21.70	18.00	16.50	16.00	15.20	15.40	16.40	17.80	18.80	20.80	18.02
1967	21.50	21.90	20.90	18.50	17.50	15.80	13.90	15.90	16.20	18.00	19.60	20.90	18.38
1968	21.80	20.90	20.80	17.70	17.00	13.40	15.00	14.50	15.80	16.80	18.40	21.30	17.75
1969	22.10	22.30	21.00	18.20	16.70	14.80	15.10	16.30	15.70	18.20	18.70	20.30	18.37
1970	22.20	21.70	20.90	18.60	17.60	15.80	14.10	14.60	16.10	16.60	17.60	19.30	18.01
1971	21.00	21.10	21.20	18.00	16.90	15.30	15.00	13.90	14.90	17.00	17.50	19.70	17.59
1972	22.60	20.90	20.70	19.30	17.10	15.10	15.20	14.40	16.70	17.60	18.80	20.60	18.18
1973	21.10	21.30	21.00	19.60	16.50	16.70	15.50	15.10	15.10	17.40	18.20	19.60	18.18
1974	21.40	22.00	20.80	19.20	16.90	15.60	15.40	14.80	15.60	17.10	19.00	20.20	18.12
1975	20.90	22.20	20.30	19.50	17.40	16.80	15.50	15.60	17.10	17.30	18.40	19.40	18.43
1976	22.00	21.40	20.60	19.10	17.40	15.30	14.80	14.60	16.50	17.20	18.10	20.70	18.03
1977	21.70	22.70	20.40	19.80	16.60	15.60	15.20	15.50	16.50	18.10	19.00	21.20	18.48
1978	21.60	21.80	22.50	18.20	16.70	15.10	15.50	14.90	16.30	16.20	19.10	20.20	18.26
1979	20.70	22.40	20.50	19.90	17.50	15.50	14.60	15.40	15.60	17.40	19.40	20.30	18.26
1980	21.20	22.00	22.00	19.50	17.90	15.90	15.90	16.70	15.80	17.30	18.70	21.00	18.60
1981	21.00	21.50	20.10	19.80	17.40	14.60	15.40	14.30	15.50	16.90	19.00	20.30	18.04
1982	21.10	21.50	20.20	18.00	17.60	16.10	15.50	15.80	17.30	17.70	18.50	20.20	18.30
1983	22.30	21.50	21.20	20.50	18.40	16.70	15.90	15.70	17.40	17.30	19.30	21.40	18.87
1984	21.60	21.80	20.60	19.20	17.30	15.90	14.80	15.30	16.30	17.10	18.30	20.20	18.30
1985	22.20	21.90	20.70	19.50	17.20	15.70	15.30	17.10	17.50	18.60	19.90	20.30	18.82
1986	21.80	21.00	20.50	19.20	18.20	16.20	15.30	16.10	17.30	17.40	18.50	20.90	18.48
1987	21.40	23.00	21.30	19.50	18.80	15.20	15.40	15.80	16.40	17.20	18.70	20.70	18.63
1988	21.70	21.70	21.30	18.40	18.20	15.10	14.60	16.60	16.00	17.40	18.60	19.50	18.36
1989	22.20	21.90	21.50	19.60	17.40	14.80	15.40	16.40	16.60	16.70	18.50	20.80	18.38
1990	21.80	21.80	20.10	19.40	16.40	14.90	15.10	15.60	15.70	16.60	18.50	19.90	18.06
1991	21.50	22.20	21.00	21.10	18.40	14.40	16.00	14.60	17.10	17.80	19.10	21.20	18.59
1992	21.80	22.80	21.40	19.30	17.80	99	16.80	15.30	16.30	17.70	19.10	20.90	18.81
1993	22.30	22.10	22.00	19.60	17.70	16.00	16.80	16.50	17.10	17.50	19.60	20.40	19.01
1994	21.20	21.70	21.20	19.80	99	16.10	14.90	14.80	17.00	16.90	19.20	19.90	18.41
1995	21.70	22.40	20.30	17.50	17.40	14.90	14.30	16.50	16.90	17.00	19.00	19.80	18.15
1996	22.20	22.00	19.70	18.60	17.90	16.30	13.40	14.30	16.70	17.40	18.00	21.30	18.02
1997	21.80	21.00	20.50	17.40	16.80	15.00	14.20	15.70	16.70	18.20	18.40	20.00	18.08
1998	21.20	22.30	20.80	19.60	17.00	14.90	15.70	15.40	15.80	17.90	99	99	18.28
1999	22.70	21.90	21.90	19.30	17.00	16.70	16.80	16.30	16.40	99	19.90	22.60	18.99
2000	21.60	22.70	21.20	19.00	16.00	15.80	99	16.90	16.10	17.70	19.50	20.40	18.76
2001	21.00	21.80	21.10	18.70	18.50	16.40	15.10	16.10	16.70	18.50	19.70	21.00	18.67
2002	21.50	21.50	22.10	19.90	16.90	15.10	15.00	16.20	16.80	17.70	18.40	21.20	18.51
2003	22.10	23.60	21.70	20.30	17.50	14.70	14.80	14.30	15.70	17.40	19.70	19.90	18.58
2004	19.70	22.50	20.60	19.90	99	17.00	14.40	16.40	15.90	18.50	21.10	21.90	18.62
2005	21.50	22.50	21.20	19.50	18.30	15.40	16.20	16.40	17.10	18.40	19.50	19.90	18.99
2006	22.10	23.00	20.30	19.10	16.10	16.20	16.10	15.90	16.90	17.90	19.40	20.30	18.58
2007	22.30	22.6	20.50	19.40	18.40	16.60	15.3	16.8	17.6	18.1	19.4	20.9	18.94
2008	21.9	22.5	21.6	18.6	19.1	16.4	99	16.3	99	17.8	19.1	99	18.91
2009	21.4	22.2	21.4	20.3	18.2	99	16.6	99	16.2	17.8	18.8	19.6	18.68
2010	21.9	23.4	22.1	19.5	19.1