1881	2.80	4.60	6.50	12.80	18.20	22.60	26.80	28.60	24.60	17.30	12.60	6.20	15.23
1882	6.30	6.30	7.40	14.00	17.40	21.40	26.00	26.90	23.20	18.60	11.40	5.60	15.43
1883	4.10	5.60	7.10	13.20	17.60	22.80	27.50	28.40	24.00	19.40	11.20	5.10	15.54
1884	4.00	3.90	7.60	12.70	17.50	21.50	26.00	26.10	24.70	16.70	9.70	4.70	14.62
1885	3.60	3.70	6.30	13.10	17.80	22.30	25.30	28.10	24.60	18.30	11.10	7.40	14.91
1886	3.80	2.60	8.40	14.50	18.00	21.40	27.00	28.10	24.20	18.70	12.20	6.30	15.53
1887	5.20	5.60	7.80	13.90	16.90	21.30	26.20	27.80	23.70	19.40	12.10	6.90	15.52
1888	5.40	4.10	9.20	14.20	18.50	21.30	26.90	28.00	22.80	16.80	13.60	7.70	15.64
1889	3.80	4.70	8.70	13.50	17.20	22.80	25.80	28.30	22.50	17.40	11.40	7.00	15.32
1890	5.30	8.30	10.10	15.10	18.60	22.70	26.20	28.30	25.00	17.60	12.70	10.50	16.41
1891	3.90	6.20	9.60	13.60	18.50	22.10	25.80	27.20	25.50	18.70	12.60	6.90	16.18
1892	5.00	5.50	6.80	14.00	18.10	22.70	28.30	27.90	25.10	17.30	11.50	5.00	15.76
1893	3.40	3.00	7.50	13.00	16.80	21.00	27.80	28.00	25.20	17.40	10.20	6.10	14.86
1894	4.90	5.20	9.10	14.80	17.70	24.70	28.20	28.30	23.80	18.20	13.40	7.70	16.20
1895	3.80	4.60	8.70	13.80	18.20	22.30	25.00	28.50	24.10	18.70	12.30	6.60	15.64
1896	4.80	5.00	6.70	14.90	17.30	23.00	25.50	27.20	23.30	17.50	12.00	6.40	15.32
1897	6.20	4.30	8.50	12.70	17.70	21.20	26.20	28.20	23.40	16.50	13.60	5.50	15.41
1898	6.70	6.40	8.00	12.30	18.10	22.30	27.20	28.30	24.50	18.90	13.60	7.80	15.98
1899	4.60	6.60	9.40	13.70	19.20	23.70	26.70	26.60	22.10	15.00	10.60	8.00	15.50
1900	3.80	4.60	7.50	13.60	18.10	21.70	24.90	28.30	24.90	17.80	12.40	7.00	15.47
1901	7.10	3.20	7.50	14.10	17.10	21.80	24.50	27.40	23.10	18.90	11.40	6.20	15.26
1902	5.00	5.20	9.90	12.40	17.80	21.80	24.80	26.10	23.30	17.40	13.80	9.40	15.31
1903	6.10	5.90	10.20	14.50	17.00	21.90	24.50	27.90	24.70	17.70	11.10	5.60	15.91
1904	4.00	6.10	8.10	14.30	17.40	22.40	27.00	27.70	23.00	17.50	10.20	7.90	15.28
1905	6.90	4.50	8.40	12.70	18.00	22.20	26.60	25.50	23.70	18.00	12.40	9.50	15.57
1906	4.50	5.10	8.20	13.20	18.00	21.80	26.30	27.40	23.10	17.50	11.60	6.70	15.52
1907	6.40	3.90	8.00	13.80	18.10	21.50	25.70	28.00	23.40	17.90	12.90	6.30	15.53
1908	6.30	5.30	8.20	14.10	18.00	22.50	25.30	27.40	22.80	18.10	10.60	8.00	15.41
1909	5.50	4.50	7.40	14.00	17.60	22.50	26.70	28.50	24.70	17.10	12.40	6.60	15.74
1910	6.80	4.20	7.40	13.30	18.50	22.50	26.70	27.40	23.40	18.00	11.90	5.90	15.56
1911	5.50	6.30	9.40	13.70	18.10	22.20	26.50	28.00	25.60	17.20	13.00	7.00	15.95
1912	4.80	8.20	9.40	14.00	18.00	22.50	25.80	27.70	22.70	17.10	10.60	7.20	15.65
1913	4.70	5.10	7.30	15.20	17.60	22.00	25.10	26.70	22.10	17.90	12.00	6.70	15.24
1914	4.90	6.40	10.50	12.80	18.60	22.10	28.70	28.70	25.20	17.70	13.20	7.90	16.29
1915	5.40	5.70	7.40	13.70	17.80	23.00	26.90	28.10	25.00	20.00	13.40	7.90	16.19
1916	7.00	6.10	6.90	14.20	19.00	24.40	26.40	28.20	25.50	19.00	14.20	7.90	16.57
1917	2.80	4.50	7.50	13.50	16.80	22.00	27.80	27.10	25.00	18.10	9.80	4.50	15.23
1918	3.10	5.30	8.10	13.40	17.20	21.80	26.90	27.40	23.10	18.10	11.50	7.30	15.03
1919	5.30	5.90	9.60	14.10	18.30	23.00	26.50	27.60	23.70	18.20	12.90	6.70	16.03
1920	5.00	5.20	9.00	14.20	18.30	22.70	27.70	27.50	24.60	18.30	14.20	7.70	16.12
1921	5.70	5.80	7.50	14.40	18.40	20.80	26.10	28.80	23.60	17.70	10.50	6.80	15.58
1922	3.30	7.90	7.80	14.40	19.20	23.00	26.40	29.50	25.00	18.20	11.50	6.30	16.08
1923	3.80	5.30	9.80	13.50	19.40	21.60	25.70	29.50	24.50	17.60	12.00	7.50	15.75
1924	5.50	5.70	6.10	14.50	17.50	22.00	27.90	28.50	23.70	18.20	10.50	6.80	15.63
1925	5.00	4.20	7.70	12.70	18.30	22.50	26.60	28.10	24.60	18.10	13.40	6.70	15.67
1926	4.80	6.00	8.00	12.40	18.50	21.60	26.60	29.20	25.30	16.60	11.60	5.90	15.61
1927	4.90	4.50	7.90	13.70	17.50	22.20	27.90	27.50	23.20	18.40	13.20	8.00	15.57
1928	5.30	5.20	8.70	14.60	19.70	22.30	27.20	27.80	25.70	18.60	12.80	7.30	16.32
1929	4.40	4.60	8.60	13.30	18.60	23.20	27.40	28.70	23.60	18.00	11.50	9.90	15.77
1930	4.80	7.20	10.10	15.20	19.20	23.00	29.30	29.00	23.30	18.20	10.60	7.90	16.65
1931	5.50	5.60	9.10	13.10	17.90	22.70	24.90	28.50	24.00	17.10	13.60	8.30	15.82
1932	6.60	4.90	7.50	12.10	18.30	22.50	27.70	28.40	23.60	16.80	12.10	7.80	15.73
1933	4.10	4.80	7.50	13.70	19.50	23.90	28.80	28.50	24.40	17.50	12.30	7.70	16.07
1934	2.90	5.40	8.00	13.10	19.30	23.50	28.70	28.70	23.50	16.90	11.20	8.70	15.74
1935	5.30	6.00	8.80	13.20	17.80	21.30	26.50	27.30	22.50	17.70	12.50	6.60	15.63
1936	2.30	3.50	5.50	12.20	17.00	22.00	25.10	26.30	24.30	17.20	11.40	8.70	14.45
1937	6.00	7.30	9.00	14.10	17.90	21.10	26.60	28.30	23.50	17.90	13.00	6.20	16.12
1938	4.10	4.30	9.90	13.50	18.70	22.00	26.30	27.00	22.80	19.10	11.10	7.40	15.42
1939	4.20	5.00	8.10	13.40	17.70	21.70	27.10	27.60	24.00	18.10	12.90	7.20	15.60
1940	3.90	4.40	7.70	12.40	17.40	21.50	27.50	26.20	23.60	18.20	12.90	8.30	15.24
1941	5.70	5.60	9.10	12.90	18.50	22.40	25.50	26.70	21.80	16.80	13.50	8.40	15.57
1942	4.50	4.40	10.40	13.20	17.20	21.40	28.00	27.90	23.90	16.80	10.90	6.90	15.58
1943	3.30	4.80	8.30	12.20	18.10	22.10	25.80	27.70	24.30	18.40	11.60	8.30	15.29
1944	5.60	4.80	7.60	12.70	19.40	23.30	27.20	28.00	24.10	17.80	12.90	6.00	15.97
1945	3.00	3.30	8.00	14.20	16.50	22.60	25.10	28.10	23.90	18.20	12.30	6.80	15.10
1946	5.10	5.60	7.60	14.40	18.10	22.90	27.50	27.90	23.90	18.00	14.60	6.20	16.03
1947	5.90	3.30	7.20	13.20	16.70	20.80	27.40	28.40	24.70	16.70	11.10	5.60	15.13
1948	5.10	6.30	8.30	14.80	18.50	22.50	26.60	27.90	24.30	19.30	13.00	10.30	16.02
1949	5.90	6.80	7.60	12.00	18.40	21.20	25.90	27.50	24.10	17.60	12.00	8.10	15.78
1950	7.10	6.40	8.50	14.50	19.20	22.00	26.70	27.70	24.00	17.80	12.70	6.90	16.23
1951	5.40	7.10	8.20	13.30	18.20	21.10	25.40	28.40	21.80	18.80	12.40	8.90	15.58
1952	5.80	5.30	8.50	14.10	18.30	21.50	26.10	28.20	23.60	17.50	14.40	8.30	16.02
1953	5.20	5.80	9.70	12.80	18.20	21.90	26.90	28.20	24.30	19.10	12.50	9.40	16.07
1954	7.50	7.10	9.10	15.30	18.70	20.90	24.80	28.50	24.60	17.10	14.30	8.50	16.44
1955	4.90	7.30	10.50	14.80	18.70	23.80	27.30	27.80	24.30	18.20	11.60	8.70	16.47
1956	5.40	5.00	9.30	13.60	17.50	22.10	27.00	26.50	24.20	19.10	11.80	6.40	15.85
1957	7.00	5.40	7.90	15.20	17.70	21.70	25.60	27.70	22.00	17.70	13.50	8.20	15.65
1958	5.60	6.90	9.10	14.60	18.40	23.20	27.60	27.20	25.00	18.00	13.30	9.60	16.43
1959	5.30	8.80	10.70	14.90	19.10	22.90	26.90	28.00	25.30	19.20	14.40	8.90	17.09
1960	5.50	8.10	10.90	13.80	18.80	22.60	27.90	28.80	24.40	18.80	13.80	7.30	16.86
1961	4.50	5.60	10.20	14.90	19.40	23.10	28.40	28.90	26.50	20.90	14.00	8.40	16.98
1962	4.90	7.10	9.30	13.60	18.30	21.60	27.00	28.50	24.40	18.00	12.30	8.20	16.12
1963	2.60	3.80	8.80	14.80	19.60	23.20	27.30	27.40	22.80	17.40	12.50	8.60	15.70
1964	6.90	5.10	8.90	18.40	19.60	21.90	28.30	29.60	25.10	18.70	12.30	8.10	16.95
1965	5.00	6.00	7.50	12.60	18.60	22.20	26.50	27.70	22.00	17.40	13.30	7.60	15.57
1966	5.00	7.60	10.10	14.40	18.30	22.40	26.30	29.30	23.80	18.60	12.20	6.70	16.30
1967	4.90	6.00	9.40	14.70	19.80	23.30	27.00	29.30	25.40	18.20	13.00	5.60	16.48
1968	5.20	3.30	9.00	15.00	18.90	22.50	26.20	27.80	23.60	17.20	13.20	10.20	15.62
1969	6.30	6.60	8.20	14.70	19.50	21.70	26.40	28.30	25.40	17.90	12.10	6.90	16.44
1970	4.80	6.80	6.60	14.10	19.20	21.60	27.10	28.60	26.10	19.00	12.60	7.50	16.12
1971	5.80	5.90	8.40	14.90	18.90	23.20	27.70	27.70	24.20	17.70	13.50	8.20	16.28
1972	7.80	7.20	9.60	14.30	18.40	21.70	26.40	26.80	23.00	17.70	11.80	7.60	16.07
1973	6.70	7.40	8.90	15.50	18.40	22.30	28.40	28.70	22.90	17.50	11.40	5.70	16.31
1974	4.80	5.10	8.10	14.70	19.00	21.70	25.80	28.00	23.00	18.00	11.60	7.80	15.46
1975	5.00	5.10	8.50	14.90	18.70	22.90	27.30	28.20	26.10	18.90	13.20	8.00	16.38
1976	4.80	7.90	9.40	13.80	18.70	22.30	26.00	27.20	21.70	17.60	10.80	6.70	15.68
1977	4.00	4.30	9.60	15.00	18.70	22.60	27.50	27.10	24.90	19.70	14.00	9.10	16.18
1978	6.20	5.00	8.70	14.00	19.10	23.10	29.10	29.00	25.00	17.80	13.00	8.80	16.59
1979	7.10	7.60	9.40	14.10	18.30	23.60	26.00	28.40	24.80	19.50	12.40	8.50	16.67
1980	5.60	4.50	8.80	13.30	18.60	22.90	24.80	25.50	23.00	17.80	13.00	5.80	15.53
1981	3.10	4.80	9.10	13.40	17.50	22.50	27.60	27.00	22.50	17.30	11.00	7.20	15.13
1982	4.90	5.60	9.80	14.00	20.10	22.60	24.80	27.60	22.60	18.40	14.20	8.20	15.98
1983	6.10	5.40	9.00	16.10	19.60	22.60	25.80	29.10	24.50	17.90	11.90	6.60	16.35
1984	3.60	3.30	6.70	13.90	18.70	23.30	27.60	28.80	23.50	17.60	13.20	7.70	15.57
1985	4.50	6.40	9.80	14.50	19.50	21.80	27.10	28.90	25.00	18.70	12.40	5.90	16.36
1986	3.70	3.90	8.50	14.30	18.20	22.70	25.70	27.90	23.50	16.50	12.20	8.50	15.25
1987	6.00	6.70	8.70	13.50	18.70	23.00	26.00	27.10	23.00	19.30	13.20	8.10	16.14
1988	6.60	5.50	8.60	14.10	18.80	23.40	27.40	28.00	24.80	18.10	10.90	7.00	16.19
1989	7.80	7.60	9.50	15.80	18.90	22.60	27.30	27.90	24.60	17.70	13.50	8.50	16.68
1990	5.20	9.00	10.60	14.70	19.40	24.30	28.40	29.60	25.30	18.60	14.70	8.30	17.36
1991	6.00	5.40	10.60	15.60	18.70	24.00	27.30	28.10	25.60	18.80	12.60	9.20	16.75
1992	6.80	99	99	15.60	18.50	99	26.70	28.00	99	18.50	12.60	8.50	16.62
1993	6.80	7.10	8.70	14.50	18.80	22.70	25.50	26.00	23.20	17.20	99	8.00	15.88
1994	5.70	99	8.10	16.10	20.20	99	30.30	30.00	25.60	19.60	14.20	99	17.43
1995	5.30	6.10	9.70	14.00	18.60	99	27.30	29.80	23.40	18.80	10.80	6.50	16.26
1996	5.50	4.60	8.40	11.90	19.60	23.30	27.70	28.30	23.80	18.10	13.20	7.10	15.91
1997	5.30	5.70	10.40	14.80	19.60	99	26.30	28.00	23.60	17.60	13.70	99	16.19
1998	5.5	7.9	10.3	17.4	21.1	23.2	27.5	29	25.7	20.5	13	9.5	17.55
1999	5.8	5.6	10.4	14.7	19.9	23.3	26	28	26.2	19.6	12.9	7.6	16.67
2000	6.7	4.7	8.8	14.1	19.5	23	27.9	28.6	24.4	19.1	13.6	7.9	16.53
2001	4.2	6.1	9.3	15.1	20	23.3	28.2	28.4	23.8	18.7	11.6	6.8	16.29
2002	5.9	6.6	11	15.7	19.5	23.5	27.9	28.3	24.7	17.9	9.7	7.4	16.51
2003	4.2	6.3	8.3	15.2	19.7	22.8	24.7	27.3	25	17.6	14.6	7.4	16.09
2004	4.7	7.3	9.7	15.5	20	24	28.9	28	24.7	18.1	13.9	8.8	16.97
2005	5.1	4.9	8.1	15.6	19.2	24.5	26.9	27.9	25.6	19.3	12.5	4	16.13