1881	0.83	2.63	4.63	11.43	16.93	22.13	25.63	27.63	23.43	15.23	10.63	3.93	13.76
1882	4.43	4.53	5.93	12.83	16.03	20.43	25.13	25.53	21.63	16.53	9.33	3.03	13.78
1883	2.3	3.1	5.6	11.6	16.1	21.1	25.9	26.8	22.7	17.4	9	3.5	13.76
1884	1.8	1.6	5.6	11.7	16.7	21	25.1	25.1	23	14.7	7.1	2.6	13
1885	0.8	1.2	3.8	12.5	15.9	21.5	24.6	26.5	23.4	16.8	9.8	5.1	13.49
1886	1.4	1	7	12.4	16.8	21.4	25.9	27.3	23	17.1	10.2	3.8	13.94
1887	3.4	2.9	5.3	12	15.4	20.7	25	26.3	21.4	17.3	9.7	4.5	13.66
1888	2.8	1.7	7.5	13.1	17.1	19.5	26	26.8	21.3	14.7	11.7	5.3	13.96
1889	2.1	2.5	6.6	12.5	15.6	21.9	24.7	26.2	20.3	14.8	9.1	4.9	13.43
1890	3.3	6.6	8.6	14.2	17.2	22	25	26.5	24	16.1	10.5	8.9	15.24
1891	2	3.8	7.8	12	17.6	20.6	25.1	25.6	24.4	15.7	10.1	4.8	14.13
1892	2.3	2.8	4.7	12.3	16.4	21.3	26.4	26.2	23.2	15.1	8.7	2	13.45
1893	1.9	0.7	5	12	15.8	19.8	26	26.4	23.5	16.1	8.1	3	13.19
1894	1.9	2.5	7.5	13.3	16.1	23.3	26.9	27.2	22.2	14.8	10.7	4.1	14.21
1895	1.4	2.3	6.8	12.4	17.2	20.5	23.4	26.7	22.5	15.9	8.8	4.2	13.51
1896	2.5	2.9	4.6	13.4	16.4	22.1	24.3	25.7	21.3	15.1	9.3	4	13.47
1897	3.6	2.9	6.2	11	16.5	19.4	24.8	26.7	21.6	13.9	10	2.7	13.28
1898	3.2	3.9	5.4	10.5	16.5	21.1	25.9	26.7	22.1	15.6	11.3	5.4	13.97
1899	2.3	4	7.1	12	18	22.3	24.9	25.6	20.1	12.6	7	5	13.41
1900	1.5	2.5	5.2	12.3	17.5	20.4	23.8	26.6	22.6	15.4	10.3	4.3	13.53
1901	4.2	1.6	5.2	13.2	15.9	20.7	23.6	25.8	21.8	17.1	8.8	3.3	13.43
1902	1.7	2.4	7.8	10.7	16.5	20	23.1	24.4	21.9	15.1	10.7	6.6	13.41
1903	3.8	3.5	8.5	13.2	15.2	19.7	23.2	26.2	23.8	15.7	8.3	3.3	13.7
1904	1.5	4	6.3	13.4	16.1	21.6	25.8	26.5	20.9	15.3	7.4	5	13.65
1905	4.3	2.3	6.4	11.1	16.8	21.6	25.6	24.3	22	15.8	9.7	6.8	13.89
1906	1.6	3.2	6.6	11.5	16.5	19.9	24.8	25.7	20.7	15.2	8.2	4.5	13.2
1907	3.8	1.2	5.4	12	16.2	19.9	24.7	26.1	21.5	15.2	10.7	3.2	13.33
1908	3.2	2.4	6.2	11.9	16	20.9	23.8	25.4	20.3	15.7	7.9	4.6	13.19
1909	2.4	2	5.6	12.5	16.5	20.7	25.2	26.3	22.6	13.9	9.2	3.6	13.38
1910	4.4	2	4.7	11.4	16.9	21.5	25.3	25	21.7	15.4	9.3	3	13.38
1911	2.8	3.6	7.7	11.8	16.3	21.2	25.2	25.9	23.4	14.9	11.1	4.2	14.01
1912	2.3	5.9	7	12.4	16.8	20.8	24.5	26.3	21.1	15.4	8.8	4.4	13.81
1913	1.7	3.3	4.6	13.8	15.9	20.7	24.3	25.2	19.8	15.5	9.2	4.8	13.23
1914	3.5	4.1	9	11.1	17.7	21.5	27	27.2	23.5	15.6	11.8	5.1	14.76
1915	3.2	4.2	5.6	12.5	16.5	22.7	25.6	26.3	23.6	18.2	11.7	5.3	14.62
1916	4.8	4.5	4.9	12.5	17.6	23.5	25.3	26.7	23.9	16.7	12.5	6.2	14.93
1917	1.4	2.7	6.1	12.1	15.2	20.8	26.9	25.4	23.2	17	7.4	2.9	13.43
1918	1	3.1	6.5	12.2	15.9	20.6	26.5	25.6	21.7	16.3	9.6	4.4	13.62
1919	2.9	4	7.5	12.7	17	21.2	24.8	25.6	21.7	16.1	11.3	4.8	14.13
1920	3.3	3.2	7.2	12.2	16.4	21.7	26.6	25.9	22.3	15.9	11.2	5.6	14.29
1921	3.6	3.2	5.3	13.2	16.8	19.5	25.1	26.6	21.7	15.5	7.7	4.9	13.59
1922	1.3	6.5	5.8	12.8	17.6	22.1	25.8	27.6	23.9	16.1	10.4	3.7	14.47
1923	1.5	3.7	8.1	12.2	17.9	20.7	24.8	27.7	23	16.3	10.7	5.9	14.38
1924	2.7	3.7	4	13.8	16.2	20.7	27.4	27	21.6	15.7	8.2	4.3	13.78
1925	2.4	2.2	5.3	10.7	16.9	21.1	24.6	25.9	23	15.7	10.8	5.6	13.68
1926	2.2	3.8	5.4	10.5	16.6	19.9	24.5	27	23.3	14.5	8.8	3.7	13.35
1927	2.7	2	6.1	12.4	16.1	21.2	26.6	26	21.3	16.1	10.9	5.8	13.93
1928	3.6	2.9	6.4	12.5	18.5	20.9	25.6	25.3	24	16.3	11.1	4.8	14.33
1929	1.7	2.2	5.9	12.1	16.4	22	26.5	27.1	21.4	16.5	10.2	8.4	14.2
1930	2.7	4.8	8.3	13.8	17.7	21.9	27.1	27.5	21.5	16.1	8.9	5.3	14.63
1931	3.3	3.4	6.7	11.6	16.4	21.5	23.3	27.2	23.2	15.5	11.5	5.7	14.11
1932	4.5	3	5.8	11	17.8	21.3	26.5	26.7	22	14.9	10.1	5.7	14.11
1933	2.7	2.7	5.2	12.7	18.7	22.9	27.3	26.8	22.4	15.8	10.6	5.5	14.44
1934	1.1	2.5	5.5	11.4	17.8	21.9	26.6	26.8	22.4	15	9.2	5.8	13.83
1935	3.2	4.4	6.8	12.2	17.4	21.4	25.7	25.8	21.7	16.5	10.7	5.1	14.24
1936	0.9	1.4	4.5	11.5	16.7	22.4	25.1	26.4	23.9	16.1	10.2	6.9	13.83
1937	4	6.1	7.3	12.5	17.3	20.5	26.5	27.7	22.3	16.5	11.2	4.5	14.7
1938	2.2	2.4	9	12.5	18.5	21.8	25.9	26.4	22.4	17.6	9	5.1	14.4
1939	2	3.4	6.8	12.7	17.5	21.8	27.3	26.8	23.5	17.5	12	4.8	14.68
1940	2.3	2.6	6.3	12.2	17.4	21.5	27	25.3	23.1	17.5	12.3	6.6	14.51
1941	4.6	4	7.7	11.8	17.8	21.9	25.1	26.2	21.3	16.1	12.1	6.6	14.6
1942	3	3.1	9.9	12.1	16.7	21.8	28.4	27.5	23.7	15.5	9	4.4	14.59
1943	1.8	2.7	6.1	10.9	17.5	22.2	25.7	26.8	24.4	16.5	10.1	5.3	14.17
1944	3	2.5	5.7	11	18.8	22.4	26.5	27	22.7	16.3	10.9	4.1	14.24
1945	0.9	1.2	6.6	12.9	15.5	21.7	23.4	27.5	22.8	17	10.2	4.2	13.66
1946	3.4	3.4	6.1	13.3	16.7	22.5	27.1	26.9	22.4	17.2	12.9	4.8	14.73
1947	3.8	1.4	5.4	12	16.4	20.4	26.4	27.6	23.1	14.9	8.7	3.8	13.66
1948	3.4	4.1	6.4	13.5	18	22	26.2	26.4	22.8	17.4	11.3	8.5	15
1949	4.6	5.8	5.5	10.4	18.1	21.2	25.1	26.7	22.9	15.4	10.5	6.4	14.38
1950	3.3	2.41	4.31	10.41	14.8	18.81	22.81	23.11	19.91	13.41	9.1	3.1	12.12
1951	3.5	4.8	7.4	12.5	18	21	25.2	28	21	18.1	10.8	7.2	14.79
1952	3.7	2.6	6	11.4	15.9	20.31	24.21	26.6	22.3	16	11.7	5.9	13.89
1953	2.9	4	8.6	11.6	17.8	22.1	25.7	27.2	23	17.4	10.2	7.1	14.8
1954	5.1	5.3	7.6	14.5	18	20	24.1	27.7	24.1	15.7	12.1	6.6	15.07
1955	3.2	5.6	8.9	14.1	18.2	23.3	27.7	27	23.3	17.2	9.6	6.8	15.41
1956	3.6	3.4	8.3	12.8	17.3	22.4	26.2	25.9	23.4	17.3	10.3	4.3	14.6
1957	4.3	3.6	5.2	14.1	16.7	21.2	25.2	27.3	20.9	16.5	12.1	7	14.51
1958	4	5.3	7.5	13.9	17.9	22.4	26.6	26.8	23.4	16.3	10.7	7.1	15.16
1959	3.4	7.5	9	14	18.4	21.8	26.7	27.3	24.3	17.5	12	6.7	15.72
1960	3.9	5.4	8.9	12.3	18	21.8	26.8	27.5	23.4	16.8	11.9	5.8	15.21
1961	99	99	99	99	99	99	99	99	99	99	99	99	99
1962	99	99	99	99	99	99	99	99	99	99	99	99	99
1963	99	99	99	99	99	99	99	99	99	99	99	99	99
1964	99	99	99	99	99	99	99	99	99	99	99	99	99
1965	99	99	99	99	99	99	99	99	99	99	99	99	99
1966	99	99	99	99	99	99	99	99	99	99	99	99	99
1967	99	99	99	99	99	99	99	99	99	99	99	99	99
1968	99	99	99	99	99	99	99	99	99	99	99	99	99
1969	99	99	99	99	99	99	99	99	99	99	99	99	99
1970	99	99	99	99	99	99	99	99	99	99	99	99	99
1971	99	99	99	99	99	99	99	99	99	99	99	99	99
1972	99	99	99	99	99	99	99	99	99	99	99	99	99
1973	99	99	99	99	99	99	99	99	99	99	99	99	99
1974	99	99	99	99	99	99	99	99	99	99	99	99	99
1975	99	99	99	99	99	99	99	99	99	99	99	99	99
1976	99	99	99	99	99	99	99	99	99	99	99	99	99
1977	99	99	99	99	99	99	99	99	99	99	99	99	99
1978	99	99	99	99	99	99	99	99	99	99	99	99	99
1979	99	99	99	99	99	99	99	99	99	99	99	99	99
1980	99	99	99	99	99	99	99	99	99	99	99	99	99
1981	2.81	4.51	8.81	14.1	18.8	22.81	28.1	27.3	22.3	16.5	10.1	6.5	15.22
1982	99	99	9.11	13.8	20.3	22.3	24.6	27	22.5	17.8	13.6	7.3	99
1983	5.11	5	8.6	16.3	20	22.3	26.3	29.1	24.1	17.1	11.5	5.8	15.93
1984	2.6	2.8	5.8	13.6	18.8	24.1	27.6	29.3	23.8	17.1	12.6	7.31	15.45
1985	3.81	6.3	9.1	99	20.1	22.3	27.61	29.8	25	18.3	11.8	5.8	99
1986	3.1	3.1	8.3	15.1	18.5	23	26.3	28.6	24.81	16.3	11.5	8.31	15.58
1987	5.5	6.1	8.61	14.61	19.3	23.8	27.8	28.81	24.1	19.1	12.6	7.6	16.49
1988	6.61	99	8.3	14.1	18.6	99	26	27.8	24.6	17.1	10.3	6.5	99
1989	7.3	6.81	9	15.1	18.3	22.1	26.31	27.3	24.51	17.6	13.1	7.6	16.25
1990	4.8	8.3	10	14.3	19	24.6	28.3	29.6	25.31	18.5	99	99	99
1991	5.1	4.3	9.4	15	18.7	24	27	27.4	24.8	17.7	11.8	8.4	16.13
1992	6.1	5.1	9.7	14.4	17.1	21.9	26.6	27.8	23.6	17.9	11.9	8.1	15.85
1993	5.8	6.1	7.6	13.3	18.2	22.1	24.7	25.7	22.1	16.8	13.4	7.1	15.24
1994	4.8	4.6	7.1	15.6	0	23.3	29.4	29.8	25.1	19.6	13.1	7.7	15.01
1995	4.6	4.9	8.6	13.6	18.2	21.3	26.9	29.9	23	18.5	10.3	5.3	15.43
1996	4.7	3.7	7.7	11.7	18.8	23.2	27.5	27.6	22.4	17.2	12.3	7.1	15.33
1997	4.6	4.6	9.3	14.4	19.3	23.3	26.5	28	23.8	16.9	13.1	7.9	15.98
1998	4.9	7	9.7	17.3	21.2	22.9	27.4	28.9	25	20.1	12.5	8.3	17.1
1999	5.1	4.7	9.9	14.1	19.9	23.1	26.4	28.3	26.4	18.9	12.7	6.9	16.37
2000	6	3.6	7.5	13.5	20.2	23.2	28.3	28.9	24.6	18.6	13.3	7.2	16.24
2001	3.9	5.3	8.6	14.7	20	23.6	28.8	28.2	23.5	18.1	11.4	6.5	16.05
2002	5.7	6.1	10.3	15.8	19.2	23.1	28.6	28.2	24.1	17.7	9.5	6.9	16.27
2003	3.9	5.5	7.3	15.1	19.6	22.7	24.3	27.6	25	16.9	14.4	7.2	15.79
2004	4.3	6.4	9.1	15.4	20.3	24.4	28.9	27.7	25.3	18	13.5	8.6	16.83
2005	4.5	4.9	7.7	15.3	18.5	24.6	26.8	28.2	25.3	18.8	11.8	3.9	15.86