1897	3.4	3.3	5.7	11.1	17.2	19.3	23.7	25.3	20.8	14.7	10.0	3.7	13.34
1898	3.9	4.0	5.1	11.4	16.6	19.6	26.5	26.1	21.2	15.9	10.9	6.5	13.74
1899	3.3	3.9	7.8	12.5	17.8	22.3	23.6	26.1	20.0	13.9	8.5	5.2	13.85
1900	1.3	2.9	5.9	11.8	17.5	19.8	23.3	26.1	22.4	15.8	10.8	5.5	13.57
1901	4.1	3.1	6.8	13.1	15.9	21.0	22.2	25.1	21.9	16.4	9.8	4.7	13.74
1902	2.4	3.3	8.3	10.9	16.2	20.2	22.4	23.2	22.4	15.9	11.2	7.2	13.43
1903	4.7	4.0	7.6	12.7	15.7	20.1	23.8	25.7	22.6	15.1	9.2	3.9	14.03
1904	1.6	4.1	6.0	13.6	15.8	22.2	25.3	25.6	20.9	15.9	8.8	5.4	13.64
1905	4.7	2.2	5.8	10.9	16.5	21.3	24.0	22.2	21.8	15.7	9.7	6.7	13.35
1906	1.7	2.4	6.8	12.6	16.4	19.0	24.2	25.1	19.8	14.9	9.3	6.0	13.24
1907	4.2	2.5	5.7	12.0	16.9	19.8	23.7	26.1	21.3	14.7	10.9	4.1	13.65
1908	3.0	3.0	6.1	12.0	16.0	21.0	22.6	25.5	19.3	15.6	8.6	4.9	13.07
1909	2.3	2.5	6.2	13.1	16.8	20.4	24.9	25.4	21.3	14.3	9.8	4.6	13.49
1910	4.5	2.6	5.4	12.3	16.6	21.2	23.6	24.2	20.7	16.2	10.4	4.5	13.53
1911	2.6	5.2	7.9	13.3	16.2	21.2	24.8	25.5	22.3	15.3	12.1	5.1	14.24
1912	2.8	5.9	7.6	12.7	16.7	20.2	24.5	26.1	20.3	15.6	9.2	4.8	13.89
1913	2.0	4.1	5.8	13.8	15.7	20.5	23.9	24.2	20.0	15.6	9.4	5.4	13.32
1914	4.3	3.6	8.7	11.3	17.3	22.1	25.9	26.2	22.3	15.6	11.9	6.0	14.55
1915	2.9	3.9	5.9	11.6	16.1	22.6	25.1	25.6	22.6	17.4	11.4	5.8	14.26
1916	5.2	4.1	5.6	12.7	17.2	23.1	24.3	25.6	23.4	15.9	11.5	6.5	14.53
1917	2.2	4.1	6.4	12.5	15.4	20.2	26.5	25.1	22.0	16.4	8.3	3.9	13.80
1918	1.3	3.4	6.6	11.7	16.4	20.7	26.7	25.9	22.1	15.8	10.0	4.0	13.71
1919	2.6	4.2	8.1	13.3	16.4	20.5	24.3	25.2	22.2	16.3	11.4	4.9	14.04
1920	4.2	2.2	6.7	12.6	16.8	21.0	26.4	25.7	21.3	16.2	11.8	5.2	14.15
1921	3.8	2.9	5.6	13.9	16.2	19.4	24.8	25.7	21.3	15.5	8.9	5.1	13.60
1922	0.6	6.9	6.4	13.7	17.2	22.2	25.6	27.4	23.1	16.4	10.7	3.8	14.61
1923	1.4	2.9	7.9	11.9	16.8	20.5	24.4	27.4	23.1	16.3	11.6	5.7	14.00
1924	2.9	4.2	4.7	14.5	16.5	19.9	27.2	26.2	21.2	15.0	9.4	5.1	13.95
1925	2.5	2.2	5.6	11.9	16.3	20.6	23.5	25.6	22.6	16.0	11.1	6.7	13.58
1926	2.5	4.2	6.0	10.6	17.0	19.5	25.1	26.2	22.6	14.4	9.1	3.7	13.66
1927	2.4	1.8	5.8	13.1	16.7	21.3	26.4	26.1	20.8	15.9	10.6	5.1	13.72
1928	3.4	2.6	6.2	12.5	17.7	20.5	24.0	24.4	23.7	16.5	10.8	5.0	13.95
1929	2.1	2.6	6.8	12.5	15.9	20.7	26.4	26.6	20.1	16.2	10.8	8.2	13.81
1930	3.3	4.8	8.2	13.6	17.2	21.7	26.5	26.7	20.8	16.2	9.6	5.5	14.73
1931	2.6	2.4	7.2	11.8	16.0	20.5	22.3	26.3	22.1	15.7	11.3	6.6	13.64
1932	5.5	3.6	6.5	11.6	17.7	20.0	26.0	26.2	21.5	15.6	10.5	5.8	14.28
1933	2.6	2.8	5.6	12.0	18.3	22.1	26.9	26.9	22.1	15.7	10.7	5.7	14.29
1934	1.7	3.0	5.5	11.1	17.3	22.1	24.0	25.6	21.1	14.1	9.9	5.6	13.43
1935	3.3	4.6	6.5	12.1	16.3	21.5	24.8	24.7	20.6	16.3	9.9	5.2	13.85
1936	1.1	1.6	5.2	11.8	16.5	21.8	25.5	26.2	23.5	15.4	10.4	5.8	13.68
1937	3.8	5.4	7.2	12.2	17.1	20.0	26.4	27.7	21.8	15.9	11.2	4.4	14.54
1938	2.2	2.4	9.0	12.6	18.2	20.8	25.4	25.7	21.6	16.1	10.3	5.5	14.06
1939	1.7	3.5	6.6	12.5	16.7	21.2	27.1	25.6	23.1	17.3	11.7	5.3	14.38
1940	1.7	2.6	7.3	12.4	17.3	22.0	26.7	24.3	21.3	17.0	12.2	6.2	14.18
1941	5.0	4.0	7.3	11.7	17.1	21.0	23.9	25.2	20.3	15.9	11.7	6.7	14.11
1942	2.6	2.0	9.4	12.6	16.7	22.0	27.4	26.1	23.5	15.3	9.3	5.3	14.47
1943	2.1	3.0	5.8	11.3	17.5	21.6	25.1	26.6	23.2	16.4	10.6	5.7	14.04
1944	2.1	2.7	5.2	10.1	17.7	22.3	25.6	26.8	22.1	15.9	10.9	4.2	13.93
1945	0.6	0.7	6.1	12.7	15.3	20.7	22.1	26.7	21.6	16.2	10.8	4.6	13.14
1946	3.3	3.5	5.7	13.7	16.5	23.2	26.1	26.0	21.6	16.4	12.6	4.5	14.43
1947	3.6	2.0	5.6	12.4	16.5	19.5	25.9	27.3	22.0	15.0	9.8	4.2	13.68
1948	4.2	4.6	6.0	13.4	17.6	21.7	25.9	25.3	22.5	16.6	10.8	7.8	14.40
1949	5.2	6.0	5.4	10.9	17.8	19.4	25.2	26.3	21.7	15.5	9.6	6.2	14.23
1950	4.2	4.0	7.1	13.7	18.7	21.5	26.2	26.1	23.0	15.2	10.6	5.3	14.71
1951	2.7	4.0	7.6	12.5	17.3	21.1	24.3	26.7	19.9	17.0	10.6	7.5	14.08
1952	3.9	2.1	6.9	12.3	17.2	21.4	24.6	26.5	22.0	16.3	12.0	5.3	14.39
1953	2.7	3.5	8.4	12.0	17.1	21.0	24.3	25.0	21.7	16.7	9.7	7.3	13.95
1954	4.1	5.3	7.7	14.3	17.1	18.2	22.6	26.7	23.7	15.3	11.4	6.6	14.48
1955	3.2	5.2	8.0	13.0	17.5	22.9	27.3	25.7	21.4	16.8	10.2	7.5	14.82
1956	3.5	3.3	7.7	12.2	17.3	22.2	24.3	25.0	22.2	16.8	11.0	4.2	14.42
1957	4.6	3.5	5.6	14.0	16.5	20.1	24.4	26.9	20.1	16.5	12.1	7.3	14.04
1958	3.9	5.1	7.6	13.0	18.0	22.7	24.9	25.2	22.5	15.5	10.4	7.2	14.68
1959	3.1	7.0	8.2	14.0	17.7	20.1	25.7	26.0	23.0	17.1	11.5	6.4	15.05
1960	4.1	5.9	8.3	12.0	17.4	21.4	26.0	26.0	22.5	16.0	11.7	6.0	14.81
1961	2.9	3.5	7.5	14.0	19.4	22.3	26.8	25.9	24.2	17.8	11.7	6.4	15.17
1962	3.3	4.4	7.4	13.2	18.2	20.4	24.9	27.5	22.9	15.9	10.8	6.2	14.61
1963	1.6	3.2	6.7	13.4	17.7	21.9	25.1	25.9	20.6	15.7	11.0	6.9	14.08
1964	4.4	3.0	6.5	15.0	18.3	21.1	25.6	27.0	21.3	15.2	10.3	6.4	14.55
1965	3.5	3.9	5.5	10.5	17.0	22.0	24.7	26.5	21.4	15.8	11.2	5.9	14.03
1966	3.3	6.0	8.2	12.7	17.2	19.8	24.6	26.3	21.9	17.3	10.8	4.4	14.50
1967	3.0	3.4	7.9	12.8	19.0	22.2	25.6	27.2	21.9	15.6	10.5	4.8	14.46
1968	3.5	2.0	8.0	13.3	17.0	21.7	24.6	25.6	21.3	15.0	12.1	8.6	14.08
1969	4.1	4.5	6.3	13.6	18.4	21.5	24.5	26.3	21.7	15.5	11.0	5.3	14.67
1970	2.4	4.3	3.9	12.4	19.1	20.8	25.0	26.1	22.4	16.0	10.4	4.8	14.01
1971	3.1	4.1	6.7	12.6	17.3	21.4	25.6	26.2	20.3	14.6	10.3	5.8	13.92
1972	5.2	3.9	8.2	12.8	17.9	21.3	24.9	25.9	21.9	16.6	10.7	6.5	14.59
1973	4.5	5.5	5.8	14.7	17.2	19.6	26.0	28.0	21.7	15.5	9.4	4.0	14.53
1974	2.0	2.9	5.7	13.4	18.2	21.1	22.5	26.3	21.1	16.0	9.2	4.7	13.53
1975	2.5	2.8	6.5	13.6	17.8	21.4	25.3	26.8	24.2	16.1	11.2	4.9	14.41
1976	3.1	5.2	7.6	12.3	17.1	21.1	23.7	99	99	99	99	99	14.04
1977	99	99	99	99	99	99	99	99	99	99	99	99	99
1978	99	99	99	99	18.4	23.4	27.6	28.1	21.1	15.8	10.9	6.4	99
1979	5.1	7.0	8.1	12.6	17.7	23.9	24.6	26.4	22.6	18.0	12.5	7.9	15.41
1980	3.4	3.0	6.5	12.0	18.4	23.4	23.3	23.0	21.4	16.1	10.9	5.3	14.11
1981	1.9	2.9	7.6	13.0	17.1	20.0	26.0	25.7	20.9	15.8	8.8	5.8	13.75
1982	3.9	3.9	8.3	12.8	20.3	20.8	22.6	26.0	20.9	16.0	12.2	7.1	14.46
1983	4.0	3.3	7.0	15.0	18.9	20.1	23.3	26.6	21.8	15.6	10.2	4.5	14.41
1984	1.6	0.7	3.8	10.9	17.0	21.9	25.7	27.8	22.1	16.0	10.1	5.3	13.51
1985	1.7	4.5	6.9	13.6	18.8	20.0	25.9	27.7	22.0	15.9	10.8	5.0	14.43
1986	2.0	2.0	6.1	12.6	17.4	20.6	23.6	26.1	22.7	15.2	10.2	6.6	13.63
1987	3.6	4.5	7.5	13.6	19.0	22.4	26.5	26.4	22.0	17.7	10.7	6.1	15.04
1988	5.5	2.9	6.5	12.8	17.5	21.7	22.1	26.4	21.8	15.4	8.8	5.9	13.96
1989	5.9	5.5	7.8	14.2	16.9	20.1	23.8	26.3	23.4	16.0	12.0	6.5	14.82
1990	2.9	6.1	8.6	13.2	18.5	23.1	25.1	28.4	23.3	17.5	12.8	7.5	15.50
1991	4.1	3.8	8.5	14.5	18.6	23.4	25.6	25.1	23.0	17.1	10.7	7.2	15.16
1992	4.9	4.7	8.7	13.5	16.4	20.5	25.8	26.2	22.4	16.0	10.9	6.7	14.77
1993	4.4	5.3	7.3	12.0	17.6	21.2	22.0	23.9	21.3	15.6	12.2	6.4	14.13
1994	3.4	4.5	6.5	15.0	18.7	22.2	28.0	28.7	23.6	18.5	11.2	6.6	15.56
1995	3.6	4.3	7.1	13.7	18.4	19.9	26.0	28.5	21.9	17.9	9.8	4.9	14.81
1996	3.8	3.5	7.0	11.6	17.1	22.0	25.8	25.7	21.2	16.2	11.0	6.6	14.15
1997	3.9	4.5	8.6	14.3	18.4	22.6	26.3	26.4	21.6	16.5	11.9	6.9	15.13
1998	3.2	5.3	8.6	15.7	19.8	21.3	25.3	26.2	23.5	18.2	11.3	7.2	15.44
1999	4.0	4.2	8.5	13.4	18.8	22.5	25.6	27.4	24.6	17.5	11.8	6.1	15.46
2000	5.3	3.3	6.9	12.7	18.8	21.9	26.8	27.4	23.4	16.8	10.9	5.9	15.03
2001	2.2	4.3	7.7	14.3	19.1	22.3	28.3	25.3	22.0	16.3	10.9	5.6	14.88
2002	4.7	5.5	9.7	14.6	17.6	20.7	27.1	99	21.6	16.8	8.7	4.8	14.95
2003	3.0	4.4	6.5	13.5	18.2	22.6	22.1	25.2	22.9	15.7	12.6	6.4	14.29
2004	3.8	5.9	7.9	14.8	18.7	23.1	27.9	25.9	23.5	15.9	13.2	7.1	15.58
2005	3.2	3.5	6.7	13.8	17.0	23.5	24.9	26.9	23.7	17.7	10.5	3.2	14.88
2006	2.8	4.9	7.6	12.3	18.1	22.0	24.8	27.4	22.4	18.2	11.9	6.9	14.63
2007	5.0	6.2	8.3	12.4	18.8	22.8	23.6	28.1	24.2	17.2	11.1	6.5	15.38
2008	3.6	2.9	9.0	13.6	18.0	21.1	26.3	25.8	22.9	17.6	10.7	6.9	14.83
2009	4.3	5.5	7.6	14.1	19.4	22.2	25.4	25.8	22.0	16.8	11.4	6.7	15.12
2010	4.3	4.8	7.2	11.2	18.1	23.5	27.0	29.0	24.2	17.7	11.2	7.2	15.41
2011	2.4	4.9	6.1	12.6	17.8	22.9	27.1	26.6	23.9	17.1	12.3	4.8	15.08
2012	2.4	3.2	6.8	12.7	18.2	21.1	26.1	28.6	24.9	17.4