1887	7.90	6.10	7.80	13.90	16.60	20.70	25.50	26.60	23.20	19.20	12.70	8.20	15.78
1888	7.00	4.70	10.20	14.10	17.80	21.00	25.90	27.00	22.90	17.20	14.20	9.70	15.85
1889	5.50	6.10	9.20	13.10	16.50	22.50	25.60	26.90	22.00	17.60	12.10	8.50	15.57
1890	6.70	9.10	10.10	15.70	18.00	22.70	25.70	27.00	24.10	18.00	13.90	11.70	16.62
1891	5.00	6.60	9.50	13.30	17.90	21.40	25.60	26.30	25.10	18.80	13.80	8.60	16.25
1892	6.20	6.20	7.30	14.20	17.20	22.00	27.10	27.10	24.00	17.70	12.80	6.50	15.87
1893	5.80	4.50	8.40	13.30	17.10	20.90	27.20	27.00	25.00	18.10	11.50	7.70	15.44
1894	6.60	6.60	9.90	14.90	17.90	24.30	27.70	28.50	23.80	18.60	14.30	9.10	16.73
1895	4.90	6.00	9.20	13.60	18.30	22.20	24.70	27.10	23.20	18.70	13.20	8.30	15.85
1896	6.20	6.00	7.20	15.40	17.10	23.00	25.40	26.60	22.90	18.40	13.10	8.00	15.80
1897	7.30	5.40	9.30	13.30	18.20	20.90	26.20	27.80	23.80	17.10	14.70	6.70	16.00
1898	7.80	7.50	9.00	12.80	18.20	22.30	27.20	27.50	24.10	18.80	14.60	9.20	16.38
1899	5.90	7.10	10.10	14.10	18.80	23.50	26.10	26.50	21.90	15.60	11.70	9.90	15.88
1900	5.50	5.70	8.70	14.00	18.30	21.00	24.80	27.20	24.20	18.40	13.40	8.10	15.93
1901	8.10	4.80	8.00	14.00	17.00	21.20	23.90	26.60	22.50	19.20	12.30	7.20	15.48
1902	6.20	5.70	10.60	12.90	17.90	21.20	24.90	25.70	22.60	17.60	14.70	10.90	15.60
1903	7.40	6.90	10.40	14.30	17.30	21.20	24.40	27.30	24.30	18.60	12.10	7.00	16.26
1904	5.50	6.80	8.50	14.70	17.60	22.00	26.40	26.60	22.90	18.00	11.70	9.00	15.64
1905	8.40	5.50	8.60	12.90	18.20	21.60	26.30	25.30	23.50	18.00	13.40	10.90	15.89
1906	5.60	5.90	8.50	13.00	17.70	21.20	25.30	26.80	23.00	18.00	12.40	7.90	15.69
1907	7.30	4.60	8.60	13.50	18.50	20.90	24.80	26.90	23.00	18.20	13.80	7.60	15.67
1908	6.60	5.40	8.60	13.60	17.30	22.00	24.70	26.20	21.90	17.90	11.40	8.70	15.27
1909	6.30	4.80	7.40	13.60	16.90	21.70	25.30	25.90	24.20	16.90	12.60	7.10	15.36
1910	7.30	4.40	8.30	12.30	17.20	21.90	25.60	26.50	23.30	17.30	11.80	6.70	15.25
1911	5.40	6.40	9.60	13.20	17.00	21.80	25.80	26.20	24.70	17.10	13.20	7.60	15.59
1912	5.30	7.90	9.50	13.50	17.80	21.60	25.60	26.40	21.90	16.70	11.30	8.10	15.43
1913	5.10	5.70	7.60	14.90	16.80	21.50	24.90	25.60	21.30	17.70	12.50	7.30	15.14
1914	5.80	6.60	10.80	12.80	18.00	21.80	28.10	27.20	23.80	17.50	13.10	8.00	16.07
1915	5.90	6.60	7.50	13.40	17.00	22.40	26.40	27.20	23.70	19.70	14.10	8.80	15.99
1916	7.90	6.60	7.20	13.90	18.30	24.00	25.90	26.60	25.10	18.90	14.40	8.60	16.47
1917	3.50	4.80	7.70	12.50	16.30	21.40	26.80	26.00	24.70	18.40	10.20	5.30	15.08
1918	3.40	5.20	8.40	12.80	16.80	21.30	25.90	26.30	22.30	17.60	12.10	8.20	14.78
1919	5.90	6.50	10.00	13.80	17.90	22.70	25.60	26.20	23.00	17.50	12.90	7.30	15.85
1920	5.30	5.80	8.80	13.40	17.10	21.80	26.80	26.50	24.20	17.80	14.70	8.70	15.79
1921	6.90	6.50	8.20	14.10	17.60	20.10	25.60	27.00	22.70	17.60	10.90	7.50	15.49
1922	4.10	8.10	8.10	13.90	18.70	22.20	26.10	28.30	24.90	18.30	11.90	7.20	16.01
1923	5.00	5.50	10.10	13.60	18.80	21.80	25.70	28.20	24.30	17.50	12.60	8.10	15.86
1924	5.80	6.20	6.50	13.90	17.60	20.50	26.80	26.50	22.80	17.90	10.90	7.30	15.29
1925	5.80	4.60	8.20	12.80	17.40	21.80	25.40	26.60	23.70	17.90	14.10	7.90	15.47
1926	5.40	6.30	8.50	12.10	17.90	20.50	26.10	28.70	25.20	17.20	11.90	6.90	15.64
1927	5.50	5.20	8.30	13.10	17.00	21.20	27.10	26.90	22.30	17.40	13.30	8.90	15.35
1928	6.40	6.00	8.90	13.80	18.70	21.80	26.20	26.10	24.80	18.20	13.20	8.10	16.08
1929	5.80	5.20	9.10	13.30	17.90	22.20	26.60	27.60	22.90	18.10	12.10	10.60	15.74
1930	5.70	8.00	10.50	15.10	18.60	22.90	28.30	27.40	22.60	17.70	11.40	8.50	16.57
1931	6.70	6.20	9.20	13.50	17.50	21.90	24.90	27.40	23.80	17.40	14.00	9.20	15.92
1932	7.10	5.70	8.30	12.60	18.10	21.90	26.80	26.70	22.90	16.00	12.60	8.80	15.66
1933	5.30	5.20	8.00	13.40	18.90	23.30	27.30	27.00	23.60	17.80	13.30	9.30	15.99
1934	4.00	5.90	7.20	13.20	18.40	23.00	27.90	27.70	23.10	16.80	11.70	9.00	15.68
1935	6.30	7.00	9.60	13.30	17.90	21.70	26.30	26.90	22.50	18.10	13.80	7.60	16.03
1936	3.50	4.50	6.50	12.80	17.20	22.20	25.70	26.60	24.00	17.70	12.40	9.80	15.06
1937	7.00	8.30	9.40	14.30	18.40	21.30	26.60	27.60	23.60	18.20	14.00	7.50	16.54
1938	4.80	5.40	10.20	13.60	19.50	22.40	26.50	26.50	22.60	19.80	11.80	8.50	15.88
1939	5.20	6.00	9.30	13.70	17.70	22.00	26.80	26.40	23.50	18.20	13.70	7.60	15.92
1940	5.70	5.70	8.20	12.70	17.40	21.50	27.50	25.80	23.80	18.50	13.70	9.20	15.68
1941	6.70	6.20	9.80	13.60	18.60	22.70	25.60	26.30	22.30	17.10	14.10	9.50	16.02
1942	5.30	5.60	10.90	13.50	17.00	21.70	28.30	28.20	24.30	16.90	12.00	7.20	16.10
1943	4.00	5.50	8.60	12.50	18.30	22.40	25.40	27.20	24.20	18.20	12.30	8.60	15.48
1944	6.00	5.40	8.10	13.20	19.20	22.90	27.50	27.20	23.80	18.50	14.00	6.50	16.20
1945	3.90	4.20	8.70	14.10	16.60	22.70	25.50	27.30	24.20	18.70	13.20	7.80	15.47
1946	5.80	6.40	8.70	14.40	17.90	23.40	27.00	27.00	23.80	18.20	14.80	7.30	16.27
1947	7.40	4.10	8.00	12.90	16.50	20.70	27.10	27.60	24.50	17.10	11.90	7.10	15.43
1948	5.90	7.00	8.90	14.60	18.10	22.40	26.40	26.90	24.30	19.50	14.00	11.80	16.26
1949	6.60	8.00	8.30	12.50	18.30	20.80	25.20	26.80	23.90	16.90	13.10	8.90	16.02
1950	8.00	7.00	9.00	14.30	18.30	22.10	26.10	26.20	23.60	18.30	13.80	7.20	16.30
1951	5.70	7.60	8.50	13.20	18.20	21.10	24.90	27.60	21.50	18.50	12.90	9.60	15.58
1952	6.20	5.90	8.50	14.20	18.30	21.40	25.90	27.30	23.80	16.80	15.20	8.30	16.09
1953	5.90	6.60	10.20	12.90	18.00	21.90	27.10	27.90	24.00	18.80	13.30	10.20	16.24
1954	8.50	8.10	9.20	15.10	18.80	21.00	25.00	27.80	24.10	17.70	14.60	9.10	16.68
1955	5.40	7.60	10.80	14.70	18.60	23.40	27.40	27.10	24.40	18.10	11.50	9.10	16.51
1956	6.20	5.70	9.70	13.90	17.30	22.50	27.20	26.70	24.00	18.70	11.90	6.20	16.07
1957	7.40	5.30	8.00	14.80	17.90	21.40	26.50	27.00	21.50	17.40	13.70	9.00	15.59
1958	6.30	7.30	9.60	14.80	18.10	22.80	28.20	26.70	24.60	18.20	13.50	10.20	16.59
1959	5.90	9.70	10.80	14.80	18.80	22.50	27.30	27.30	24.90	18.60	14.70	9.70	17.12
1960	6.00	8.10	10.60	13.60	18.60	22.40	28.10	27.70	24.70	18.70	14.40	7.60	16.88
1961	5.10	5.80	10.00	14.60	19.00	22.80	28.10	28.10	25.90	20.90	14.70	9.00	16.88
1962	5.60	7.10	9.40	13.50	18.00	21.60	26.40	27.80	24.50	18.00	12.90	9.00	16.15
1963	3.90	4.00	8.60	14.70	19.80	23.00	26.90	26.90	22.90	17.60	13.10	9.20	15.87
1964	7.80	5.80	9.40	18.30	19.10	21.60	28.20	28.20	25.00	19.20	13.00	8.40	17.07
1965	5.60	6.60	7.80	12.60	18.20	21.60	27.20	27.30	21.70	16.90	14.30	7.90	15.68
1966	5.90	7.80	11.00	14.00	18.20	22.00	26.10	28.50	23.20	18.50	12.60	7.20	16.31
1967	5.10	6.30	9.80	14.80	19.40	23.00	26.60	28.90	24.40	18.00	13.50	5.90	16.42
1968	6.00	3.40	9.30	14.20	18.20	21.60	25.30	27.10	23.40	18.00	12.90	10.30	15.44
1969	7.10	6.80	8.20	14.60	18.70	21.20	26.10	28.00	25.30	17.50	12.60	7.20	16.37
1970	4.50	7.60	7.00	13.40	18.20	20.60	26.40	27.60	25.30	19.20	12.80	8.00	15.82
1971	5.60	6.40	8.70	14.30	18.20	22.50	27.80	26.40	23.30	17.20	13.30	8.20	15.97
1972	8.00	7.30	9.80	13.60	17.90	21.60	25.90	26.50	22.50	17.60	13.30	8.20	16.02
1973	7.80	8.00	9.90	16.60	19.20	22.80	28.40	27.70	22.90	17.80	12.30	6.30	16.80
1974	5.50	6.10	8.80	14.80	19.00	22.00	25.80	27.30	22.50	18.40	12.10	8.70	15.72
1975	6.40	6.00	9.50	14.70	18.20	22.50	27.50	27.20	25.50	19.70	14.00	8.50	16.66
1976	5.50	8.40	9.20	14.10	18.70	21.90	25.40	27.30	21.80	18.00	11.50	7.50	15.86
1977	3.90	4.40	10.00	15.60	18.60	22.10	27.60	26.60	24.10	19.30	14.60	9.80	16.19
1978	7.20	6.20	9.30	14.00	18.90	23.40	28.20	27.90	25.00	18.40	13.80	9.30	16.84
1979	7.50	8.40	9.50	14.20	18.10	23.20	26.10	27.70	24.20	18.90	12.50	9.00	16.63
1980	6.20	5.10	9.10	13.60	18.70	23.20	25.00	25.20	22.70	18.20	13.30	6.50	15.78
1981	4.20	5.70	9.60	13.90	17.50	22.60	27.20	26.90	22.80	17.50	11.80	7.70	15.52
1982	5.60	6.30	10.10	13.80	19.80	22.10	24.10	26.50	22.40	18.20	14.70	8.20	15.94
1983	6.40	5.60	9.50	16.20	18.90	22.00	26.40	28.50	24.40	18.90	12.40	7.20	16.45
1984	4.10	4.10	7.20	13.70	17.90	23.20	27.20	28.10	23.70	18.00	14.40	8.40	15.73
1985	4.80	7.20	10.00	14.30	19.40	21.40	27.40	27.80	25.30	19.00	12.90	6.60	16.49
1986	4.60	4.40	8.70	14.70	18.20	22.80	25.40	27.30	23.20	16.80	12.50	9.40	15.43
1987	7.30	7.30	9.30	13.60	18.70	22.60	26.60	27.10	22.40	19.20	14.20	8.50	16.48
1988	7.40	6.10	8.40	13.90	18.50	22.50	26.30	26.30	23.60	18.00	11.80	7.80	15.94
1989	8.40	8.20	9.80	15.30	17.90	21.80	25.80	26.70	24.20	17.80	13.60	9.00	16.44
1990	6.00	9.30	10.90	14.50	18.90	24.00	28.10	28.40	25.20	18.50	14.90	8.50	17.31
1991	6.80	6.00	10.10	14.50	18.00	23.10	27.00	26.50	24.20	18.40	12.80	9.70	16.32
1992	7.50	7.00	10.30	15.20	18.40	20.90	25.90	26.70	24.00	18.20	12.90	9.60	16.39
1993	7.50	7.80	8.80	14.20	17.80	22.20	24.60	25.20	22.00	17.00	13.90	8.30	15.88
1994	6.20	7.00	8.30	15.50	19.80	22.10	28.90	28.30	24.40	19.00	14.70	9.70	16.88
1995	6.60	6.60	9.90	13.80	18.10	21.30	26.80	28.80	23.30	19.00	12.00	7.20	16.32
1996	6.10	5.60	9.30	12.10	18.80	23.00	26.40	27.40	23.50	18.30	14.10	7.90	15.98
1997	6.00	6.80	10.70	14.80	19.50	22.90	26.20	27.10	23.20	17.70	14.30	9.40	16.43
1998	6.30	8.70	10.30	16.80	20.30	22.60	27.10	28.60	24.50	20.30	13.90	10.10	17.40
1999	6.70	6.90	10.70	14.50	19.40	22.90	25.40	27.00	25.60	19.80	13.80	8.20	16.90
2000	7.50	6.00	10.10	14.50	18.90	22.40	27.50	27.90	24.10	19.90	14.80	9.40	16.82
2001	6.30	7.40	10.60	15.10	19.70	23.50	27.50	27.70	23.80	19.50	12.80	8.60	16.94
2002	7.70	8.00	12.30	15.80	19.40	23.10	27.30	27.90	24.70	18.50	11.20	9.00	17.04
2003	5.70	7.70	9.40	15.70	19.00	22.20	25.40	26.90	25.30	17.70	15.70	9.00	16.64
2004	5.80	8.60	10.00	15.80	20.30	23.40	28.50	27.60	24.40	18.90	14.60	10.50	17.24
2005	6.10	6.00	9.40	15.70	19.60	24.40	27.10	27.60	25.50	20.10	13.80	5.80	17.15
2006	6.40	7.40	9.30	14.20	19.20	22.90	26.90	28.30	23.30	20.30	14.60	9.40	16.55
2007	7.20	9.20	10.60	14.40	19.90	23.10	26.00	28.5	26.5	20.4	13.8	9.5	17.42
2008	7.2	6.1	10.4	14.8	19.2	21.8	28.3	27.5	24.6	19.5	13.2	8.6	16.84
2009	6.6	9.2	10.9	15.1	19.8	23.4	26.1	27.3	24.2	19.0	13.7	8.6	16.99
2010	6.7	9.0	10.6	13.4	18.6	22.4	26.8	29.3	26.0	19.7	13.0	8.7	17.01
2011	3.9	7.4	8.5	14.3	19.5	22.9	27.0	27.7	24.6	19.4	15.6	8.0	16.62
2012	5.8	5.4	10.1	15.2	19.2	21.9	26.8