1910	99	99	99	99	14.90	19.30	21.60	23.10	20.10	16.00	10.50	4.20	99
1911	2.80	4.80	7.40	11.80	14.40	19.50	22.60	23.50	21.50	15.50	12.20	5.00	13.35
1912	2.80	5.80	7.30	10.90	13.80	18.60	22.40	23.70	19.20	15.10	8.80	4.40	12.78
1913	2.00	3.90	4.50	11.50	14.20	17.80	20.90	22.40	18.80	14.40	8.80	5.40	11.97
1914	4.00	2.70	7.10	9.20	15.30	19.20	22.50	24.10	21.20	14.70	11.80	5.60	13.10
1915	2.70	3.40	5.00	9.80	12.90	18.50	21.20	24.20	21.40	16.40	9.90	5.30	12.58
1916	4.10	2.90	4.30	9.90	14.40	19.50	21.70	23.90	22.10	15.20	10.70	6.50	12.83
1917	2.30	2.90	4.80	9.70	12.50	16.70	21.40	22.30	20.80	16.30	8.10	3.70	12.03
1918	1.40	2.30	5.30	9.00	14.10	17.70	22.60	24.40	21.30	15.60	10.30	4.00	12.31
1919	2.70	3.50	6.60	10.70	13.70	17.80	21.80	23.60	22.70	16.40	11.00	5.20	12.88
1920	4.50	2.20	4.90	10.10	14.20	17.70	23.40	24.20	21.00	16.00	11.50	5.50	12.91
1921	4.10	3.40	4.70	12.10	14.90	17.60	22.70	24.30	21.00	15.40	8.50	4.90	12.85
1922	0.10	5.90	5.50	11.30	13.80	19.10	21.90	25.50	21.80	16.40	10.60	3.90	13.07
1923	1.30	2.00	5.50	9.30	14.40	17.40	20.00	24.50	22.50	15.70	11.40	5.50	12.33
1924	2.50	3.40	3.70	12.40	14.70	16.50	22.30	24.50	21.30	14.40	9.50	5.30	12.56
1925	2.70	2.00	4.30	10.10	13.40	17.90	20.80	24.50	22.10	16.10	11.20	7.10	12.53
1926	2.50	3.90	4.90	7.70	13.20	16.00	20.10	23.20	21.70	13.70	9.20	3.80	11.93
1927	2.30	0.80	4.80	10.10	13.90	17.30	21.50	24.40	20.20	15.50	10.40	4.90	12.08
1928	3.30	2.40	5.00	9.40	13.90	17.70	20.70	23.20	22.40	15.90	10.90	4.70	12.48
1929	1.80	1.70	4.50	10.10	13.40	17.10	21.00	24.50	19.90	16.00	10.50	7.70	12.10
1930	2.80	3.80	7.70	11.70	15.30	19.10	23.80	24.40	20.20	15.70	10.00	5.70	13.52
1931	2.80	1.70	6.40	10.10	13.20	17.80	19.90	22.80	21.60	15.40	10.70	6.60	12.34
1932	5.20	3.50	5.40	9.80	14.70	18.20	23.40	24.70	20.90	15.90	10.60	6.00	13.24
1933	2.90	2.40	4.60	10.10	14.70	18.50	24.00	26.00	21.60	16.00	11.00	6.20	13.15
1934	2.10	2.70	3.70	8.50	14.70	19.40	21.30	23.60	20.60	13.90	10.00	5.10	12.23
1935	3.20	4.00	5.50	9.40	13.50	17.80	21.00	22.90	19.80	16.40	9.70	4.70	12.36
1936	1.30	1.70	4.10	9.50	13.90	17.00	21.20	23.90	22.70	15.40	10.00	5.80	12.12
1937	3.90	5.10	6.00	9.90	14.30	17.10	22.20	24.80	21.20	15.40	11.40	4.70	13.09
1938	2.40	2.60	6.50	10.50	14.80	18.50	22.20	24.40	21.10	15.60	11.00	5.50	12.86
1939	1.80	3.20	5.80	10.60	14.30	17.90	23.80	24.00	22.70	17.10	11.10	4.80	13.15
1940	1.60	2.80	6.20	10.10	14.10	18.30	23.00	23.20	20.00	15.60	11.70	6.10	12.62
1941	4.30	3.60	6.30	10.30	14.60	17.80	20.70	23.40	19.50	15.60	11.10	6.50	12.78
1942	2.20	1.60	7.80	10.80	14.80	20.00	24.60	25.40	23.20	15.30	9.60	5.30	13.48
1943	2.00	3.00	4.00	8.40	13.80	17.80	22.10	25.10	23.20	16.20	9.90	5.30	12.57
1944	1.80	2.20	4.00	7.60	13.40	18.30	21.70	25.20	21.40	15.50	10.40	3.70	12.23
1945	0.30	0.20	4.10	9.20	12.00	17.60	19.40	23.90	20.60	15.80	11.10	5.00	11.49
1946	3.20	3.50	5.00	11.70	14.10	19.00	23.30	25.20	21.20	16.20	11.80	4.20	13.27
1947	3.40	2.10	5.10	9.50	14.30	17.20	22.30	25.70	21.00	14.60	9.50	4.00	12.41
1948	4.20	3.40	4.60	11.10	15.80	19.70	24.40	24.50	21.90	15.60	10.70	7.60	13.33
1949	5.30	5.30	5.10	10.10	15.70	17.60	23.00	24.90	20.90	15.60	9.00	5.80	13.34
1950	4.30	3.60	6.10	12.00	17.20	20.50	24.80	25.40	22.80	14.90	10.20	5.60	13.97
1951	2.50	3.90	7.00	11.50	15.00	18.80	21.70	25.30	19.80	16.30	10.40	7.60	13.15
1952	4.00	1.60	6.10	11.50	15.40	19.80	22.90	24.50	21.20	15.90	10.80	4.80	13.44
1953	2.90	2.80	7.70	10.50	14.70	17.90	21.30	23.10	20.50	15.90	9.70	7.40	12.65
1954	4.30	5.10	7.00	12.50	15.60	17.00	20.70	25.50	23.00	15.10	11.10	6.70	13.69
1955	3.20	5.20	7.30	11.50	15.60	19.80	24.40	24.90	20.80	17.40	9.50	7.50	13.86
1956	3.70	2.90	6.40	10.50	15.40	20.10	21.70	22.80	20.80	16.50	11.10	4.40	13.28
1957	4.90	3.30	5.40	12.10	14.60	17.90	22.80	25.30	20.00	16.10	12.00	7.70	13.23
1958	4.10	5.10	6.50	11.10	14.70	19.10	21.70	23.70	21.50	15.30	9.90	7.70	13.37
1959	3.50	6.30	7.50	12.60	16.10	18.40	22.40	24.40	22.30	16.80	11.20	6.60	14.10
1960	3.70	5.30	6.80	10.10	15.20	18.70	23.00	24.40	21.80	15.70	11.70	6.70	13.58
1961	2.90	3.50	6.10	12.40	17.20	19.00	23.60	24.50	23.30	17.50	11.80	6.50	14.04
1962	3.60	3.90	6.10	11.20	15.90	18.80	22.50	24.90	22.30	15.20	10.80	6.50	13.48
1963	2.50	3.60	5.50	10.30	14.50	18.40	21.40	24.30	20.00	15.10	10.80	6.80	12.74
1964	4.50	2.80	5.80	12.60	15.90	18.80	22.40	25.30	20.70	14.80	10.10	5.90	13.38
1965	3.70	3.30	4.40	8.60	13.70	18.60	21.10	24.40	21.00	15.10	11.40	6.10	12.60
1966	3.30	5.10	7.90	11.50	15.20	17.30	21.30	24.50	21.60	17.20	10.80	4.70	13.48
1967	2.80	3.00	7.30	11.80	16.70	20.60	24.10	25.50	21.10	15.30	10.10	5.30	13.58
1968	3.30	2.10	7.00	10.70	14.50	19.40	22.80	24.90	20.60	15.00	11.80	8.40	13.12
1969	3.90	4.10	5.90	11.30	16.10	18.70	21.30	23.70	20.90	15.40	10.70	5.30	13.37
1970	2.80	4.00	3.50	10.10	16.30	18.30	22.60	23.90	21.30	15.40	10.10	4.60	12.80
1971	3.40	3.50	5.20	10.40	15.10	19.10	23.40	24.20	20.30	14.70	10.20	6.00	12.84
1972	5.40	4.40	7.20	11.00	15.50	18.80	22.60	23.70	21.00	16.20	10.30	6.20	13.51
1973	4.60	4.80	5.30	12.30	15.20	17.70	22.30	24.70	21.30	15.20	9.10	3.50	13.23
1974	2.50	2.90	4.60	10.80	15.00	18.70	20.70	24.50	20.80	15.90	9.20	4.20	12.43
1975	2.40	2.80	5.20	10.80	14.70	19.30	21.60	23.40	22.40	15.60	11.10	4.40	12.79
1976	2.70	4.50	6.40	10.70	15.00	18.60	20.40	21.90	20.20	15.70	9.00	5.20	12.46
1977	1.20	2.30	6.20	11.00	14.90	18.50	22.30	22.90	22.10	16.70	12.60	6.50	12.99
1978	3.10	1.90	5.50	9.70	15.10	18.90	24.80	25.70	20.80	15.10	10.60	6.20	13.14
1979	4.50	6.50	7.60	11.60	15.80	21.20	22.40	25.30	21.90	18.00	12.80	8.00	14.48
1980	4.20	2.70	5.80	10.00	15.60	20.20	21.20	21.20	21.10	15.60	10.40	5.80	13.00
1981	2.10	3.20	5.70	10.40	13.70	16.10	21.70	23.40	19.40	15.30	8.50	5.30	12.11
1982	3.60	3.00	6.50	10.70	16.30	17.80	20.40	24.20	20.20	15.40	11.80	6.70	12.93
1983	3.30	3.20	5.90	12.10	15.60	17.30	19.90	24.40	21.20	15.20	10.00	4.60	12.90
1984	1.50	0.60	3.20	7.70	13.60	17.30	22.60	25.60	21.20	15.50	9.30	5.10	11.89
1985	1.80	4.80	5.90	10.90	14.60	18.00	23.60	25.10	21.40	15.90	10.80	5.00	13.16
1986	2.10	2.10	5.20	10.30	14.50	17.60	21.10	23.80	22.10	14.70	9.80	6.60	12.36
1987	3.80	4.40	6.70	10.50	14.80	17.90	23.20	24.10	21.20	16.70	10.60	6.70	13.38
1988	5.50	2.60	6.40	11.10	15.50	18.80	19.90	24.90	21.60	15.60	9.30	6.20	13.16
1989	6.10	5.40	7.70	12.70	14.60	17.60	22.00	24.90	22.70	15.90	12.50	7.20	14.03
1990	3.00	6.40	8.50	11.40	16.10	20.00	22.80	26.00	23.10	17.80	13.60	8.10	14.66
1991	99	4.40	7.10	12.60	16.00	21.00	23.00	22.80	21.90	16.80	10.70	7.20	14.10
1992	4.70	4.60	7.20	12.20	13.70	17.40	22.00	23.80	20.60	15.70	11.20	7.20	13.36
1993	4.90	4.90	5.90	10.00	14.60	18.70	19.90	22.50	20.80	15.40	12.20	6.80	13.08
1994	3.60	4.50	6.10	12.20	16.00	19.00	23.70	25.90	23.40	18.50	11.50	6.70	14.27
1995	4.00	4.70	6.70	12.90	16.30	17.80	22.90	25.70	21.20	17.40	10.70	5.60	13.92
1996	3.80	3.30	6.60	9.70	14.00	18.00	22.00	23.40	20.70	16.50	11.50	7.20	12.93
1997	4.30	4.80	7.90	12.30	15.80	19.00	22.40	24.00	21.00	15.90	12.40	6.80	13.92
1998	3.30	4.30	6.90	11.80	16.10	18.10	21.50	23.70	22.50	18.10	11.10	7.10	13.68
1999	3.90	4.00	7.40	12.70	17.00	19.80	23.00	25.80	23.80	17.10	12.20	6.60	14.48
2000	5.70	3.30	6.40	11.50	15.80	18.30	23.30	25.10	22.90	16.70	11.00	6.00	13.88
2001	2.60	3.40	6.40	12.10	16.30	20.20	24.30	22.90	20.80	16.40	10.70	5.50	13.51
2002	5.40	5.10	8.90	12.40	15.00	18.30	23.00	24.30	20.80	16.50	9.20	5.00	13.70
2003	3.30	3.70	5.70	11.40	14.80	18.90	19.30	22.00	21.20	15.50	12.30	7.10	12.76
2004	3.80	5.10	6.50	11.30	15.10	18.10	23.10	23.40	22.00	15.50	13.30	7.60	13.69
2005	4.10	3.50	5.70	11.20	13.70	19.20	21.90	24.60	22.40	17.50	10.90	3.80	13.53
2006	3.10	4.20	6.80	10.60	15.90	19.80	22.30	24.80	21.70	17.20	11.90	7.60	13.51
2007	5.70	6.00	7.80	11.00	15.90	19.40	21.60	25.5	22.9	17.2	11.0	6.9	14.30
2008	3.8	3.6	7.8	11.3	14.8	17.7	22.4	24.0	22.0	99	99	99	13.44