1889	-7.03	-4.63	-0.83	5.33	9.73	14.53	20.03	21.43	15.63	8.53	2.23	-1.83	6.9	
1890	-6.23	-2.73	1.93	7.63	12.63	16.03	19.83	23.53	20.33	9.93	4.53	1.63	9.1	
1891	-6.83	-4.13	2.43	5.73	12.43	16.73	19.63	19.83	16.63	9.93	3.63	-1.53	7.9	
1892	-6.23	-5.13	-3.13	5.53	11.63	16.43	22.03	21.43	18.73	9.73	2.23	-5.53	7.3	
1893	-6.43	-6.83	-0.63	5.63	9.33	15.43	18.53	21.33	15.23	10.63	4.43	-2.93	7.0	
1894	-6.23	-4.03	-0.13	6.93	10.13	18.33	21.33	21.23	17.13	9.13	4.83	-2.33	8.0	
1895	-8.13	-4.13	-2.93	5.83	11.33	14.53	17.93	21.73	17.13	11.13	2.83	-1.63	7.1	
1896	-5.13	-5.03	-2.53	6.33	13.03	17.03	19.03	21.93	16.43	9.43	4.23	-3.03	7.6	
1897	-5.63	-4.63	-1.93	4.03	10.53	13.63	18.83	20.93	16.33	9.33	3.53	-5.23	6.6	
1898	-4.83	-5.23	-4.93	5.53	9.73	15.23	20.13	21.53	15.13	9.23	3.63	-1.03	7.0	
1899	-4.13	-3.73	-0.73	6.33	12.53	16.03	20.23	20.33	15.53	10.23	3.03	-2.63	7.8	
1900	-6.83	-6.63	-2.23	5.63	11.53	15.23	17.93	21.63	16.83	10.73	4.53	-2.73	7.1	
1901	-4.63	-4.53	-0.73	7.63	12.13	14.73	18.93	21.53	16.63	10.33	3.83	-4.03	7.7	
1902	-6.73	-5.63	0.17	5.03	9.93	13.73	17.13	18.63	18.03	10.83	4.63	0.47	7.2	
1903	-1.93	-3.93	1.83	8.23	10.53	14.53	18.63	19.93	17.73	9.43	2.63	-4.33	7.8	
1904	-6.83	-3.03	-0.13	6.83	11.53	17.23	20.13	22.73	15.93	10.23	2.23	-1.53	7.9	
1905	-2.53	-6.33	-1.43	3.63	11.93	15.83	19.33	19.43	16.73	10.73	3.73	-1.33	7.5	
1906	-6.33	-6.03	-0.43	5.93	11.83	13.63	20.73	20.53	15.63	10.03	0.73	-1.63	7.1	
1907	-4.63	-5.33	-1.53	6.53	11.33	14.23	18.83	24.03	16.63	9.13	3.13	-4.43	7.3	
1908	-7.73	-5.63	-2.23	5.73	9.93	14.23	18.13	22.73	16.03	9.93	1.33	-3.63	6.6	
1909	-8.63	-5.13	-2.83	7.13	11.73	16.03	19.73	21.53	16.73	8.83	4.23	-3.43	7.2	
1910	-4.13	-4.93	-1.33	6.23	11.33	15.93	19.53	21.33	15.83	10.93	3.53	-5.73	7.4	
1911	-5.63	-4.63	-0.13	5.93	12.03	16.43	19.33	20.43	17.93	10.93	6.23	-2.63	8.0	
1912	-4.93	-3.03	-0.93	5.53	10.43	15.63	18.73	21.53	15.13	9.53	1.03	-4.73	7.0	
1913	-7.93	-4.63	-1.83	6.43	10.13	13.53	17.63	19.13	14.63	9.93	3.03	-2.73	6.4	
1914	-2.53	-3.73	1.93	5.53	13.23	15.53	19.23	21.03	17.63	10.23	5.93	-3.03	8.4	
1915	-6.13	-3.63	-1.43	4.73	8.93	16.83	18.63	22.03	18.23	11.73	4.33	-0.33	7.8	
1916	-3.03	-3.53	-2.33	4.83	10.43	17.43	20.83	23.63	17.43	10.93	5.13	-2.13	8.3	
1917	-5.83	-4.33	-1.03	5.63	10.53	15.33	20.33	22.13	17.23	11.83	2.63	-0.03	7.9	
1918	-5.23	-4.03	-0.03	5.93	11.73	15.93	20.63	22.13	18.53	10.53	3.43	-3.53	8.0	
1919	-6.23	-4.13	-0.33	5.63	10.93	14.93	21.23	20.63	17.93	11.63	5.53	-1.53	8.0	
1920	-1.23	-5.53	0.57	7.13	11.83	17.13	22.03	23.23	16.43	10.23	5.43	-3.33	8.7	
1921	-5.33	-4.23	-0.93	7.53	10.63	15.23	21.13	21.93	17.73	10.53	2.93	-2.23	7.9	
1922	-9.43	-1.43	-1.73	7.13	10.63	16.23	20.63	21.93	17.53	12.03	4.13	-2.73	7.9	
1923	-6.33	-5.03	0.47	5.43	11.43	15.13	19.53	21.73	17.73	11.03	4.43	-1.63	7.8	
1924	-5.63	-4.93	-3.53	7.33	10.23	15.63	23.53	22.93	17.43	10.03	4.73	-3.13	7.9	
1925	-4.63	-4.73	-2.73	5.73	11.33	17.73	19.63	23.33	18.43	11.33	4.63	-0.63	8.3	
1926	-5.43	-2.83	-0.33	4.03	10.73	15.13	19.63	20.63	17.83	8.53	3.53	-2.13	7.4	
1927	-5.03	-6.73	-0.73	7.63	10.73	15.43	21.73	22.73	16.93	11.73	5.43	-2.13	8.1	
1928	-4.43	-5.63	0.37	6.43	12.33	15.43	21.23	23.33	19.23	11.83	5.13	-3.03	8.5	
1929	-6.23	-5.43	-0.93	4.43	10.73	15.03	22.13	22.03	16.33	11.93	3.93	-0.83	7.8	
1930	-6.80	-3.50	1.30	6.60	11.90	16.10	21.20	23.20	18.20	11.80	3.90	-3.80	8.58
1931	-7.10	-7.40	0.40	5.20	10.10	14.60	17.10	22.40	18.10	11.40	5.10	-1.90	7.18
1932	-1.80	-4.60	-0.50	6.40	12.50	17.00	19.60	20.80	17.40	12.30	6.10	-0.90	8.61
1933	-6.20	-6.60	-3.00	5.10	11.30	16.20	23.60	23.80	17.40	10.10	4.60	-1.40	7.95
1934	-4.20	-4.40	-0.80	5.70	12.00	17.90	18.80	20.70	17.10	10.30	4.70	-1.90	8.03
1935	-4.70	-1.80	0.60	6.50	11.40	15.90	20.40	20.40	17.10	13.30	4.50	-3.50	8.48
1936	-5.40	-3.60	-0.60	5.50	11.40	17.40	20.10	21.70	18.50	11.50	4.40	-0.40	8.12
1937	-4.80	-2.80	-0.90	5.90	10.70	15.90	23.30	22.70	17.30	10.90	3.90	-4.30	8.48
1938	-5.30	-4.60	0.80	7.50	13.40	16.30	21.10	24.80	17.90	10.40	3.80	-3.70	8.48
1939	-7.20	-5.40	-0.40	5.70	11.40	17.20	22.30	23.10	19.70	11.30	4.80	-1.70	8.23
1940	-6.60	-4.00	0.80	5.70	12.40	15.80	21.10	21.90	16.20	11.70	6.00	0.00	8.28
1941	-4.80	-4.40	-0.60	5.50	11.40	15.90	19.00	20.70	17.50	11.40	4.60	-0.80	8.02
1942	-6.60	-6.50	0.90	7.10	11.60	16.90	21.40	21.00	17.20	11.20	4.10	-2.80	8.12
1943	-5.10	-4.30	-0.40	6.00	11.70	17.70	23.40	24.70	18.90	11.70	3.40	-2.10	8.74
1944	-5.90	-5.80	-0.60	4.50	12.50	17.40	22.20	23.50	18.50	11.30	3.60	-5.90	8.26
1945	-8.50	-6.10	-0.90	6.60	10.00	15.00	17.60	23.10	16.90	11.60	5.10	-3.60	7.04
1946	-4.90	-5.00	-2.50	6.80	11.00	19.20	22.30	25.10	18.00	12.60	6.00	-2.10	8.75
1947	-3.80	-4.80	-0.80	6.80	12.10	15.50	21.50	22.00	16.80	10.40	3.20	-3.80	8.07
1948	-1.80	-3.60	0.10	9.00	14.40	17.40	22.80	24.70	18.10	11.30	4.30	0.50	9.41
1949	-1.10	-0.70	-1.50	3.60	13.80	16.20	21.40	24.50	18.50	11.70	3.60	-3.00	9.21
1950	-4.20	-2.30	0.50	7.70	13.40	17.30	23.80	25.00	18.10	9.30	4.50	-2.10	9.18
1951	-5.70	-4.40	-0.40	6.70	13.10	16.90	20.60	25.10	16.50	10.70	4.90	0.10	8.49
1952	-4.20	-6.30	-0.60	6.90	12.10	17.30	21.40	22.20	17.30	11.40	2.30	-5.50	8.33
1953	-6.00	-5.60	0.60	6.30	12.10	16.40	21.00	21.00	17.60	11.10	1.00	-1.30	7.50
1954	-5.00	-2.50	-0.70	7.60	11.40	14.60	18.60	21.50	18.80	10.20	4.00	0.70	8.10
1955	-5.30	-3.20	-0.10	6.70	11.10	17.10	24.40	23.20	17.00	11.60	4.50	0.70	8.98
1956	-4.60	-3.80	0.70	7.10	14.90	15.80	19.10	20.00	18.50	12.70	4.40	-3.20	8.79
1957	-3.60	-4.50	-1.10	7.30	13.00	14.90	20.60	22.50	16.60	11.70	6.10	0.60	8.36
1958	-3.20	-1.70	0.20	6.60	12.20	16.90	21.00	21.50	17.80	11.30	5.10	0.50	9.03
1959	-4.90	-1.40	2.20	9.10	13.50	16.50	20.90	22.10	17.90	12.00	4.10	-1.80	9.38
1960	-5.80	-2.60	0.20	5.90	11.80	15.90	20.70	23.80	18.70	11.00	5.40	-2.20	8.60
1961	-5.70	-3.80	0.60	8.20	13.30	18.30	22.40	22.40	20.10	11.60	4.90	-0.60	9.18
1962	-3.00	-3.30	-0.20	9.10	13.50	16.90	20.90	21.30	18.50	10.40	4.30	-0.30	8.98
1963	-4.10	-2.30	1.80	7.40	13.60	16.40	21.10	22.30	16.70	11.30	6.10	0.70	9.17
1964	-3.20	-5.60	0.80	6.80	13.40	16.60	19.40	22.20	16.40	10.00	4.50	-1.10	8.50
1965	-2.20	-3.80	-0.60	5.20	12.50	16.80	19.30	22.80	17.90	11.20	4.30	-1.60	8.53
1966	-4.30	-3.40	1.30	5.90	12.70	16.30	19.10	22.70	16.40	12.90	5.40	-3.70	8.62
1967	-5.90	-4.00	1.10	7.00	14.20	16.30	21.50	22.70	16.90	11.00	3.20	-1.60	8.36
1968	-2.90	-4.30	2.30	7.70	12.20	17.20	21.20	21.40	17.60	9.20	6.70	1.10	8.89
1969	-5.10	-4.80	-0.90	6.60	11.50	15.70	21.20	20.20	16.90	10.30	4.30	-3.10	8.08
1970	-5.50	-2.60	-2.50	6.40	14.40	16.60	22.00	22.10	17.90	11.70	5.50	-1.70	8.58
1971	-4.60	-3.30	0.40	6.90	11.00	15.10	19.70	20.90	16.20	11.00	4.90	-0.90	8.04
1972	-3.50	-3.40	0.60	7.40	12.40	16.30	21.20	22.30	17.30	12.40	4.20	0.30	8.86
1973	-2.40	-2.00	-1.60	7.30	12.50	16.30	21.20	23.50	17.20	10.70	4.10	-1.60	8.93
1974	-3.10	-2.90	-0.60	6.80	12.50	16.60	20.40	21.80	17.80	10.90	3.40	-3.70	8.50
1975	-3.90	-4.20	0.10	8.10	12.40	17.10	20.40	22.80	19.10	10.80	5.20	-2.80	8.68
1976	-3.80	-2.50	0.30	6.40	13.10	15.90	20.90	19.90	16.70	10.90	3.20	-1.70	8.18
1977	-7.40	-5.40	0.20	5.60	11.60	16.40	21.80	20.70	17.80	11.60	5.50	-0.40	8.06
1978	-5.00	-7.40	-0.50	5.80	12.40	18.20	23.60	23.60	17.30	10.00	4.80	-0.70	8.53
1979	-5.10	-2.40	-0.30	5.00	11.30	17.90	19.80	22.50	17.30	12.80	5.00	1.20	8.59
1980	-3.70	-5.50	-0.30	4.50	12.70	18.00	19.90	19.40	17.20	11.10	5.40	-0.20	8.33
1981	-4.80	-3.10	-0.40	6.80	10.60	15.30	21.40	21.20	16.50	11.20	2.00	-0.10	8.04
1982	-4.40	-4.60	0.80	6.30	13.30	16.10	20.80	23.20	18.00	12.70	6.00	0.40	9.01
1983	-2.80	-4.40	0.30	9.80	12.70	13.90	18.60	22.70	18.00	9.90	5.20	-1.60	8.69
1984	-4.60	-5.50	-2.10	5.30	11.90	18.50	22.50	23.90	18.00	10.60	3.90	-2.10	8.40
1985	-6.90	-2.20	-0.10	7.80	12.60	15.70	20.60	24.90	17.30	11.00	4.20	-3.60	8.57
1986	-5.80	-5.60	-0.40	7.10	11.50	16.40	18.50	22.60	18.30	9.00	3.60	-1.50	7.63
1987	-4.90	-3.80	0.00	6.10	12.20	17.50	20.80	20.80	18.00	12.00	3.70	-2.30	8.41
1988	-3.80	-5.20	-0.10	7.30	11.60	16.90	18.60	23.20	17.70	11.00	3.00	-0.50	8.16
1989	-2.00	-1.50	2.40	7.50	11.50	15.30	21.10	23.10	18.50	11.90	6.60	-0.60	9.49
1990	-5.00	-0.70	2.90	8.00	13.50	17.80	20.90	23.20	18.80	13.00	7.50	1.90	9.94
1991	-1.20	-2.80	0.30	8.00	13.80	18.80	20.20	21.50	18.40	12.70	4.70	-0.90	9.69
1992	-2.40	-2.50	1.00	6.90	11.70	16.40	20.70	21.10	16.20	11.60	4.80	0.10	8.72
1993	-1.70	-2.10	1.30	6.20	11.90	15.40	19.10	20.00	17.50	11.50	5.80	-0.10	8.75
1994	-4.70	-1.30	-0.50	7.00	13.50	16.90	22.20	24.80	19.80	12.40	5.40	-1.40	9.62
1995	-3.30	-2.30	0.90	7.30	13.30	15.60	21.50	21.30	17.40	13.10	5.50	0.00	9.08
1996	-3.70	-3.40	0.50	5.80	10.50	15.70	20.40	20.90	18.20	11.50	4.10	-0.70	8.38
1997	-2.50	-1.80	0.20	7.20	11.90	15.80	22.00	20.50	17.10	10.80	7.10	0.40	8.97
1998	-5.90	-3.60	1.60	9.00	13.50	15.50	20.30	21.10	19.20	13.20	3.20	-1.70	8.96
1999	-3.20	-3.60	-0.50	6.90	11.90	17.80	22.10	24.90	19.70	11.90	5.50	-1.10	9.31
2000	-3.10	-3.80	0.20	6.10	14.00	16.70	22.20	23.90	18.60	11.60	3.90	-2.50	9.10
2001	-5.70	-5.50	0.20	8.30	13.40	16.70	20.70	21.10	17.10	12.10	5.00	-3.40	8.41
2002	-2.50	-0.60	2.50	9.60	13.60	15.90	20.50	20.10	17.70	12.00	2.80	-3.00	9.02
2003	-3.60	-3.50	0.70	8.20	12.90	17.10	17.70	20.70	17.50	11.60	6.20	0.00	8.54
2004	-2.50	-1.30	0.70	6.60	13.80	18.50	21.30	21.90	18.40	12.50	7.20	-0.80	9.76
2005	-3.50	-3.90	0.10	6.20	10.70	18.30	20.10	23.50	18.80	13.20	5.50	-2.60	9.02
2006	-4.10	-2.70	1.30	5.20	12.90	15.70	20.6	24.30	18.50	11.70	6.20	-0.50	8.92
2007	-1.80	-1.50	0.90	6.30	12.50	18.80	19.60	23.5	19.1	11.7	3.9	-0.6	9.38
2008	-4.3	-3.40	3.3	9.4	12.4	17.0	21.4	21.2	19.2	12.9	4.6	0.8	9.43
2009	-1.3	-2.2	1.5	7.7	13.9	17.5	19.7	21.5	17.8	12.5	5.1	-0.7	9.54
2010	-2.0	-3.2	-0.1	5.5	12.2	19.2	22.1	24.8	20.0	12.2	5.9	0.6	9.66
2011	-3.8	-1.1	0.7	6.9	11.1	17.3	21.8	23.6	19.2	12.1	6.0	-2.0	9.53
2012	-4.5	-4.4	0.1	7.0	13.0	17.1	21.8	23.4	22.4	13.0