1913	7.30	7.80	9.50	16.60	18.50	21.80	25.10	25.70	22.40	19.10	14.80	9.70	16.55
1914	8.50	8.20	12.60	14.20	19.20	22.20	27.00	27.10	24.50	19.10	15.80	10.60	17.34
1915	8.20	8.40	9.50	14.90	18.20	22.80	25.80	26.80	25.00	20.90	16.00	11.20	17.26
1916	9.90	8.70	8.90	15.20	18.90	23.60	25.80	25.90	25.10	19.50	16.60	11.50	17.44
1917	5.90	7.10	9.70	14.10	16.90	21.10	25.60	25.60	24.80	20.00	12.30	7.10	16.22
1918	5.20	7.70	9.80	14.30	17.20	20.90	25.20	25.80	23.30	19.40	14.20	9.60	15.84
1919	7.30	8.30	11.40	15.60	18.00	21.00	24.00	25.70	23.30	18.90	15.10	9.20	16.52
1920	7.60	7.00	10.20	15.00	18.70	22.00	25.70	25.70	23.70	19.50	16.00	10.40	16.69
1921	8.80	7.90	9.30	15.40	18.70	19.90	25.00	26.40	23.20	18.60	13.00	9.70	16.38
1922	5.60	10.80	9.90	14.90	18.70	22.00	25.40	27.50	24.80	19.20	14.70	8.80	16.93
1923	6.50	7.70	12.00	15.20	19.20	21.80	25.00	27.20	24.30	19.60	15.00	10.20	16.86
1924	7.80	7.70	7.70	15.70	18.20	21.30	26.00	25.70	23.70	18.90	13.30	9.80	16.35
1925	7.40	6.40	9.70	13.30	18.40	21.40	24.30	25.60	24.20	19.30	15.20	10.60	16.25
1926	7.10	8.00	9.60	14.10	18.50	21.10	24.90	27.60	25.40	18.30	14.00	8.80	16.60
1927	7.60	6.80	10.20	15.20	18.30	21.20	26.60	26.30	23.10	18.90	15.20	10.90	16.52
1928	7.90	7.20	10.40	15.40	19.60	21.60	24.80	25.50	24.80	19.60	15.90	10.10	16.97
1929	6.80	6.60	10.00	14.80	18.10	21.80	26.30	27.00	22.70	19.20	14.60	13.10	16.50
1930	7.70	9.10	12.10	16.30	19.20	22.60	27.10	26.90	23.50	19.50	13.60	10.70	17.56
1931	8.70	8.40	11.10	14.40	18.00	21.70	24.10	26.30	24.40	19.20	16.10	11.20	16.93
1932	9.80	6.90	9.80	13.90	18.70	21.00	26.40	26.40	23.10	18.30	14.40	10.30	16.66
1933	6.80	7.40	9.60	15.30	19.90	22.80	26.40	26.70	23.70	18.90	14.70	10.40	16.88
1934	5.00	7.00	9.50	13.90	18.60	21.80	26.00	26.90	23.80	18.40	13.60	11.20	16.24
1935	7.60	8.60	10.50	14.60	18.90	21.90	25.10	26.30	23.20	19.60	15.30	9.70	16.90
1936	4.80	6.30	8.30	14.70	17.50	21.70	24.40	26.60	25.20	19.30	15.30	11.90	16.15
1937	8.90	10.40	11.50	15.90	19.10	21.00	26.10	27.30	24.10	19.80	15.70	9.00	17.64
1938	6.70	6.50	12.50	14.80	19.20	22.40	25.70	25.70	23.60	20.40	13.80	10.00	16.69
1939	6.70	7.60	10.40	15.10	18.50	21.40	25.40	26.20	24.10	19.60	15.90	10.00	16.74
1940	6.60	6.70	9.90	14.00	18.20	21.50	26.10	25.50	23.90	20.30	16.30	11.10	16.58
1941	9.00	8.30	11.60	14.60	18.80	22.00	25.30	26.30	23.30	19.50	16.30	11.80	17.18
1942	7.00	7.10	13.30	15.10	18.90	22.10	27.40	27.60	25.70	18.80	13.70	9.10	17.38
1943	5.80	7.10	10.30	13.50	18.90	22.00	24.80	26.20	25.20	19.50	14.60	10.80	16.42
1944	7.40	6.80	9.30	14.10	19.20	22.40	26.20	26.30	24.30	19.40	15.10	8.40	16.78
1945	5.30	6.00	10.80	16.10	17.60	22.10	24.10	26.90	24.50	20.10	15.20	9.10	16.43
1946	8.20	8.30	10.30	16.20	18.70	23.00	26.60	26.50	24.60	20.20	16.70	8.90	17.37
1947	8.40	5.70	9.70	14.90	17.80	20.90	26.00	27.80	25.00	18.10	14.00	8.40	16.43
1948	8.20	8.80	10.40	16.10	19.10	21.50	26.00	26.10	24.80	20.60	15.50	13.20	17.12
1949	8.90	9.60	9.50	13.60	19.00	21.10	25.00	26.40	24.30	18.80	14.60	10.90	17.00
1950	9.60	8.30	10.60	16.20	20.00	22.00	25.50	26.20	24.10	19.20	15.10	9.20	17.31
1951	7.60	8.80	10.90	15.40	19.60	21.60	24.80	27.30	22.80	20.60	14.60	11.40	16.93
1952	8.00	7.60	10.70	16.00	19.10	21.80	25.00	27.10	24.80	19.60	16.50	10.50	17.30
1953	7.50	8.30	12.00	14.30	18.60	22.20	25.20	27.00	24.70	20.10	14.30	12.40	17.06
1954	9.60	9.80	11.10	16.30	18.50	20.50	23.60	27.00	25.00	18.50	16.10	11.20	17.37
1955	7.10	9.70	12.40	16.40	19.00	22.30	26.30	26.80	24.60	19.70	14.40	11.80	17.49
1956	8.10	7.50	11.90	15.90	18.60	23.20	26.10	27.10	24.40	20.30	14.80	8.30	17.48
1957	9.50	7.00	9.30	16.30	18.50	21.80	25.60	27.00	22.00	19.40	16.00	11.20	16.73
1958	8.20	9.30	11.20	15.80	19.10	22.50	25.90	26.90	24.80	18.60	15.70	12.10	17.43
1959	7.80	12.10	12.70	16.40	19.60	21.80	26.50	27.10	25.80	20.10	16.50	11.80	18.21
1960	8.20	10.50	12.30	14.80	18.70	21.90	26.30	27.10	25.20	20.10	15.80	10.10	17.73
1961	6.70	7.00	11.80	15.80	19.00	21.90	26.60	27.80	26.00	21.80	16.50	11.00	17.58
1962	7.30	8.90	11.00	14.80	18.30	21.50	25.30	27.00	25.00	19.70	15.30	11.00	17.09
1963	4.80	6.20	10.60	15.80	19.50	23.10	26.50	26.40	22.50	19.50	15.20	11.50	16.76
1964	9.00	7.20	10.60	18.40	19.40	21.80	26.40	27.20	25.20	19.40	14.90	10.90	17.58
1965	7.80	7.70	9.30	13.70	19.00	22.00	25.80	26.70	23.10	19.00	15.90	9.80	16.74
1966	7.40	10.50	12.70	15.60	18.90	21.50	25.70	27.20	24.70	19.70	14.90	9.10	17.38
1967	7.40	8.20	11.30	15.50	20.50	22.90	25.90	28.00	24.50	19.30	15.80	8.20	17.37
1968	7.40	5.60	11.10	15.80	18.80	21.80	24.40	26.60	23.00	19.00	15.50	12.70	16.43
1969	9.10	9.40	10.30	15.70	19.70	21.50	24.60	26.60	24.90	18.90	14.50	9.30	17.33
1970	7.20	9.20	8.00	14.70	19.20	20.60	25.40	26.60	25.20	19.60	14.80	10.20	16.65
1971	7.70	8.30	10.30	15.60	19.10	21.90	25.90	26.10	23.70	17.80	14.40	10.20	16.75
1972	10.10	8.70	10.80	14.70	18.40	21.00	24.90	25.90	23.20	19.30	14.20	10.30	16.78
1973	8.80	9.30	10.00	16.70	18.60	21.10	25.80	26.90	23.00	19.20	14.20	8.20	16.99
1974	6.60	7.90	10.10	16.20	19.80	22.20	25.00	26.60	23.40	19.70	13.80	10.10	16.62
1975	7.60	7.20	10.70	15.50	18.80	22.40	26.00	26.10	25.10	20.10	15.30	9.90	17.08
1976	7.10	9.90	10.90	14.90	18.20	21.60	24.00	26.30	23.00	18.80	13.80	9.60	16.53
1977	5.70	6.50	11.70	16.10	18.80	22.20	26.50	26.40	24.90	21.10	16.50	12.00	17.17
1978	8.40	7.10	10.70	14.90	18.90	22.60	26.50	27.10	24.80	19.60	15.40	11.40	17.33
1979	9.70	10.70	10.60	15.00	18.80	23.00	24.80	27.10	24.90	20.70	15.40	11.30	17.68
1980	7.70	6.50	10.80	15.10	19.20	22.80	25.30	25.40	23.40	19.70	15.50	8.60	16.89
1981	5.70	7.50	11.40	15.60	18.70	22.30	26.50	26.10	23.00	19.30	13.60	10.00	16.53
1982	7.30	7.60	11.80	14.60	19.80	21.70	23.40	25.90	23.30	19.10	16.90	10.90	16.78
1983	8.40	7.60	10.80	17.20	19.20	21.60	25.30	27.90	25.10	19.60	14.20	8.80	17.32
1984	5.70	5.80	8.20	15.00	18.60	22.70	26.20	27.70	23.70	19.20	15.90	10.30	16.46
1985	6.70	8.80	12.00	15.90	19.70	21.80	26.40	27.00	25.40	20.20	14.70	8.90	17.41
1986	6.10	6.20	10.40	15.40	18.80	21.80	25.30	26.50	24.70	18.20	14.80	11.50	16.43
1987	8.70	9.10	11.00	14.90	18.60	21.80	25.20	27.00	23.90	20.40	15.90	11.10	17.33
1988	9.80	7.30	10.60	15.30	18.60	22.20	24.40	26.50	24.50	19.10	13.50	9.60	16.91
1989	10.10	10.40	11.30	16.10	18.50	21.40	24.60	26.70	25.20	19.60	15.80	11.00	17.44
1990	8.10	11.00	12.00	15.50	18.40	22.70	26.30	27.50	25.10	20.30	16.70	10.90	17.88
1991	7.80	7.70	12.70	16.60	18.60	23.00	26.70	26.10	25.30	20.10	15.20	12.10	17.56
1992	9.70	8.70	12.80	16.60	18.80	21.10	25.60	26.20	24.20	19.70	15.40	11.50	17.58
1993	9.60	9.80	10.10	15.20	18.40	21.90	23.70	25.70	23.30	18.70	16.30	7.70	17.02
1994	8.40	8.20	10.00	16.60	20.30	22.40	27.30	27.40	25.20	21.10	16.60	11.80	17.60
1995	8.20	8.10	11.60	15.10	19.30	21.50	26.30	28.30	23.90	20.60	13.70	9.00	17.37
1996	8.20	7.60	10.80	13.20	19.00	22.40	26.10	26.70	23.40	19.60	15.90	10.80	16.83
1997	7.90	8.40	12.50	16.20	19.70	22.20	25.40	26.60	24.50	18.90	16.20	11.40	17.44
1998	8.20	10.60	12.50	18.60	21.40	23.00	26.40	28.20	25.20	21.70	15.70	12.20	18.58
1999	8.60	8.10	12.70	15.60	20.10	22.60	25.40	27.00	26.00	21.20	15.70	10.30	17.93
2000	9.60	6.80	11.30	15.40	19.50	22.00	26.20	26.80	24.50	20.70	16.80	10.80	17.49
2001	7.30	9.10	11.80	15.70	19.70	22.60	26.80	26.70	23.90	20.60	14.90	9.80	17.49
2002	8.90	8.90	13.30	16.90	19.80	22.20	26.40	27.00	24.40	19.40	12.70	10.30	17.48
2003	7.50	9.20	10.50	16.30	19.30	22.20	24.40	26.60	24.80	18.90	17.30	10.70	17.28
2004	7.40	9.80	11.50	17.20	20.70	23.10	26.90	26.50	25.70	20.20	16.50	12.00	18.02
2005	7.70	7.90	10.40	15.90	18.70	22.40	25.30	26.60	24.80	20.40	15.20	7.10	17.28
2006	7.30	9.30	10.50	14.70	19.00	22.20	25.90	26.60	23.90	20.40	16.00	10.90	16.91
2007	9.20	10.80	11.70	15.40	19.20	22.00	24.50	27.5	25.8	20.2	15.0	11.0	17.68
2008	8.0	6.7	12.2	15.9	19.0	21.7	26.2	26.7	24.3	20.2	14.7	11.1	17.22
2009	8.1	10.6	11.6	15.8	19.3	22.3	25.4	26.2	23.9	19.6	15.2	10.4	17.43
2010	8.1	10.0	11.8	14.6	18.7	22.2	25.9	27.5	25.7	20.4	14.7	11.0	17.50
2011	5.5	9.3	9.4	15.2	18.8	22.2	25.7	26.8	24.5	19.9	16.6	9.9	17.07
2012	7.3	7.4	11.6	15.7	19.1	21.6	26.0	26.8	24.8	20.1