1909	99	99	99	99	99	99	17.9	15.8	8.1	-1.6	-22.0	-28.9	99
1910	-29.6	-23.7	-11.4	-0.6	8.5	13.2	17.7	16.8	8.4	-1.5	-19.2	-33.5	-4.19
1911	-35.1	-20.7	-16.1	-1.0	6.6	14.5	16.1	16.4	7.3	-1.0	-14.6	-31.5	-5.09
1912	-28.0	-22.4	-15.1	-1.9	6.7	14.4	17.4	13.9	6.5	-7.5	-19.9	-34.0	-5.62
1913	-32.9	-21.4	-11.5	-2.7	7.2	11.0	18.4	14.0	8.8	-3.5	-20.9	-31.1	-5.62
1914	-31.3	-22.8	-15.6	-2.1	6.7	15.7	18.5	15.7	8.2	-1.1	-20.9	-30.3	-5.01
1915	-36.8	-23.1	-13.1	-4.2	5.8	12.1	16.9	13.9	7.0	-6.9	-20.5	-31.4	-6.60
1916	-32.3	-22.0	-13.1	-2.8	7.5	11.8	19.6	16.8	4.8	-1.3	-15.6	-29.3	-4.83
1917	-29.9	-21.8	-14.6	-2.8	7.0	14.0	15.6	16.6	9.5	-2.3	-21.8	-25.3	-4.98
1918	-27.1	-24.9	-12.7	0.5	9.9	13.5	16.5	15.6	8.0	-4.3	-18.5	-35.9	-4.07
1919	-34.7	-27.0	-15.2	-1.4	5.4	12.8	18.6	16.1	9.8	-0.4	-18.5	-27.8	-5.87
1920	-26.0	-26.4	-11.4	2.2	4.4	13.7	19.1	15.1	7.1	-3.1	-20.6	-29.4	-4.47
1921	-32.0	-28.7	-15.1	-1.2	7.9	16.3	16.3	16.3	10.5	-3.1	-17.7	-29.9	-4.99
1922	-34.3	-23.5	-17.5	-0.2	6.5	13.8	16.3	13.3	7.5	-2.9	-21.9	-26.9	-6.07
1923	-34.5	-21.3	-15.5	-3.7	6.7	13.8	16.8	14.9	6.5	-4.6	-19.8	-30.4	-5.63
1924	-36.5	-25.6	-14.1	-3.2	7.4	15.7	17.0	16.0	9.0	-5.1	-17.6	-26.9	-5.62
1925	-29.0	-27.5	-14.0	-0.2	9.2	14.3	19.3	16.3	9.2	-1.6	-18.7	-27.7	-4.13
1926	-32.9	-24.9	-12.7	-2.7	6.8	14.0	17.3	99	8.6	-3.8	-14.7	-26.9	-4.83
1927	-31.7	-28.3	-14.0	-1.8	7.1	14.7	19.3	13.8	9.2	0.6	-16.0	-33.0	-4.50
1928	-33.5	-25.8	-12.5	-2.5	6.6	14.4	15.8	16.1	6.8	-1.2	-19.9	-31.8	-5.72
1929	-34.0	-25.1	-14.2	-3.5	10.9	12.2	15.9	15.9	7.1	-5.0	-20.6	-33.5	-6.02
1930	-31.9	-25.5	-11.0	-3.8	7.5	15.3	17.9	16.2	8.2	-3.3	-16.9	-32.0	-5.07
1931	-37.8	-32.4	-12.6	-4.1	5.9	14.0	20.7	15.0	10.1	0.4	-17.3	-27.5	-5.84
1932	-27.7	-21.4	-11.6	-2.3	6.2	13.4	18.1	14.4	9.4	0.3	-20.2	-30.8	-4.07
1933	-33.6	-28.2	-17.4	-2.9	6.1	17.2	17.1	15.6	10.2	0.2	-17.4	-26.5	-5.32
1934	-30.1	-18.8	-12.8	-3.2	11.0	17.1	17.1	16.2	9.2	-2.7	-18.2	-28.4	-3.47
1935	-32.4	-20.6	-14.4	-2.4	5.6	13.4	19.8	14.9	8.0	-0.6	-21.4	-31.5	-4.87
1936	-31.1	-23.7	-13.1	0.3	8.7	14.2	16.3	15.4	9.3	-3.4	-22.4	-28.3	-5.08
1937	-32.2	-23.5	-17.2	-2.9	6.4	16.8	17.0	16.2	8.4	-2.1	-23.0	-29.1	-5.37
1938	-31.0	-24.4	-10.0	-0.1	7.9	14.3	17.9	15.3	8.4	-2.8	-16.4	-34.0	-4.17
1939	-34.4	-22.6	-9.0	1.4	10.3	13.3	18.4	16.1	10.1	-6.8	-20.8	-30.0	-4.83
1940	-27.5	-24.3	-11.8	-2.3	6.7	15.3	17.3	14.3	7.1	-6.4	-22.2	-26.5	-5.32
1941	-32.1	-27.3	-15.6	-2.3	7.2	16.6	17.4	16.0	9.2	-3.2	-19.9	-35.9	-5.04
1942	-28.9	-27.8	-14.4	-3.3	5.5	13.8	17.0	15.1	8.0	-3.0	-18.4	-28.0	-6.02
1943	-28.4	-22.4	-8.7	1.5	9.9	13.4	18.0	13.7	10.1	1.4	-22.4	-27.2	-3.49
1944	-30.9	-24.0	-9.7	0.1	9.8	16.9	19.5	15.4	9.7	-4.4	-22.6	-29.4	-3.95
1945	-33.1	-24.7	-11.6	0.6	7.8	13.7	18.0	15.0	8.7	-1.5	-17.6	-35.2	-4.51
1946	-34.4	-28.3	-17.4	-1.1	6.6	15.9	18.9	16.0	6.7	-1.5	-20.5	-29.1	-6.19
1947	-36.7	-21.1	-12.3	-0.1	8.6	14.6	19.3	13.0	10.5	-0.4	-20.7	-32.3	-4.53
1948	-30.0	-23.3	-10.8	1.1	8.0	12.6	19.4	16.0	7.6	0.1	-15.4	-29.8	-3.92
1949	-28.8	-23.7	-15.7	-1.4	8.5	15.4	20.4	15.7	9.1	0.8	-21.1	-32.6	-4.22
1950	-33.0	-24.2	-11.7	-1.7	7.9	14.4	18.0	15.4	7.5	-6.4	-23.8	-36.0	-5.85
1951	-32.8	-27.6	-14.0	-2.6	8.7	13.7	18.2	15.1	8.5	-1.7	-18.9	-27.2	-5.78
1952	-36.5	-29.4	-15.4	-1.3	7.6	14.5	18.3	16.2	7.5	-5.8	-23.9	-34.5	-6.28
1953	-32.1	-23.9	-12.4	1.1	7.3	16.0	14.9	14.6	8.6	-2.6	-20.9	-33.9	-5.32
1954	-35.2	-22.7	-14.0	-1.8	4.8	16.5	20.5	15.6	7.9	-3.4	-22.8	-29.8	-5.71
1955	-31.4	-27.9	-16.4	-3.2	8.0	14.7	16.2	15.1	8.2	-3.8	-16.5	-25.0	-5.57
1956	-34.8	-25.9	-15.4	-3.8	6.1	12.2	17.2	15.1	8.2	-2.8	-18.7	-30.8	-5.63
1957	-33.2	-23.9	-13.9	-0.6	10.1	13.9	17.6	14.6	7.6	-4.4	-18.4	-30.7	-5.12
1958	-34.4	-24.9	-15.6	-2.4	8.4	13.2	16.0	16.2	9.6	-2.7	-18.1	-29.1	-5.45
1959	-34.9	-21.7	-9.2	-0.9	7.8	15.9	15.8	16.8	11.2	-1.2	-20.7	-29.2	-4.18
1960	-35.2	-24.6	-15.4	-3.7	5.8	13.8	18.7	16.2	7.1	-4.8	-20.7	-33.2	-6.00
1961	-34.9	-23.2	-12.7	-2.5	7.3	12.6	16.4	16.0	8.5	-3.8	-16.8	-26.1	-5.52
1962	-29.2	-23.6	-14.0	-0.3	8.7	15.6	19.8	15.5	8.6	-2.9	-19.9	-29.4	-3.98
1963	-23.8	-22.1	-10.4	-3.7	6.6	14.0	19.8	16.0	8.6	-2.2	-18.6	-31.5	-3.77
1964	-28.5	-25.0	-12.4	-4.6	8.1	13.6	15.0	15.8	6.4	-3.7	-19.0	-31.1	-5.48
1965	-33.2	-25.4	-14.3	-1.0	6.8	14.0	17.4	14.8	8.9	-2.8	-25.4	-37.6	-5.94
1966	-30.7	-30.4	-14.8	-4.4	9.1	16.9	17.1	15.0	7.1	1.0	-24.4	-33.4	-6.34
1967	-27.8	-24.2	-14.1	0.5	8.6	14.3	18.0	13.2	6.9	-1.0	-21.5	-26.4	-5.04
1968	-29.6	-17.7	-8.8	3.9	8.9	14.8	19.3	15.6	7.8	-3.4	-20.3	-32.4	-2.99
1969	-34.4	-33.2	-15.8	-2.9	6.2	12.8	17.6	16.2	6.0	-3.4	-22.6	-36.7	-7.16
1970	-33.6	-25.7	-13.8	-0.1	8.1	15.7	20.1	15.1	8.4	-7.0	-20.2	-31.4	-5.81
1971	-32.7	-22.6	-13.1	-3.0	8.4	17.2	15.3	14.2	9.0	-1.0	-15.4	-27.9	-4.59
1972	-33.8	-26.1	-10.3	0.9	7.3	11.8	14.1	13.0	9.1	-3.3	-20.6	-32.4	-5.48
1973	-31.6	-23.3	-12.7	-4.0	8.1	17.3	17.0	14.7	11.2	-3.5	-19.5	-31.6	-4.89
1974	-31.1	-25.4	-12.6	-0.4	8.5	13.9	19.8	15.6	10.1	-4.0	-18.3	-32.6	-4.62
1975	-27.3	-23.8	-9.4	2.8	11.0	17.9	17.6	14.5	6.8	-1.4	-19.0	-29.0	-3.57
1976	-29.6	-25.3	-12.2	-0.8	8.7	13.2	17.8	14.9	8.5	-2.9	-24.5	-32.0	-5.10
1977	-34.2	-27.0	-12.6	-2.1	9.8	17.1	16.9	15.6	6.9	-5.9	-22.4	-31.8	-5.82
1978	-36.5	-25.1	-12.5	0.5	8.1	15.7	17.2	15.1	7.0	-3.2	-17.6	-28.5	-5.26
1979	-33.2	-24.8	-13.9	-0.3	10.8	14.8	17.6	14.8	8.7	-4.7	-20.6	-27.1	-4.94
1980	-32.9	-22.0	-15.1	-4.7	5.9	16.8	20.9	17.4	7.5	-4.2	-18.8	-25.8	-4.69
1981	-30.1	-24.5	-14.9	1.2	8.6	14.1	17.1	13.1	6.1	-2.0	-21.2	-27.5	-4.86
1982	-28.1	-20.0	-13.6	0.6	7.3	16.1	17.4	14.2	7.3	-5.6	-19.5	-27.9	-4.28
1983	-29.8	-27.3	-10.0	-1.6	8.6	13.3	18.0	15.4	9.8	-5.1	-15.2	-28.9	-4.32
1984	-29.2	-25.5	-13.7	0.3	12.6	15.6	18.1	13.9	8.7	-5.5	-18.9	-31.1	-4.37
1985	-33.5	-23.4	-14.2	0.7	7.4	14.5	17.7	15.1	8.9	-2.4	-18.3	-32.6	-4.88
1986	-30.0	-21.7	-11.6	-2.1	7.6	17.5	19.8	16.3	10.5	-3.3	-19.1	-28.1	-4.06
1987	-33.3	-23.9	-13.3	-3.1	5.8	16.3	15.2	16.0	7.4	-3.9	-23.8	-31.9	-5.72
1988	-30.2	-25.5	-13.4	0.7	8.3	17.9	19.3	16.6	10.3	0.0	-14.5	-23.1	-3.53
1989	-29.5	-19.6	-8.8	1.5	7.9	15.2	18.0	15.1	7.6	-2.2	-18.3	-28.4	-3.02
1990	-34.1	-23.3	-7.1	1.8	10.8	16.2	18.0	16.6	8.1	0.8	-14.1	-26.9	-2.89
1991	-24.3	-24.8	-14.3	-0.4	8.4	16.0	18.3	15.8	7.7	-1.6	-23.1	-27.0	-4.10
1992	99	-25.3	-13.5	-1.6	9.6	17.5	99	16.0	99	0.5	-22.5	-27.4	-4.06
1993	-30.3	-20.4	-11.5	-1.2	9.6	12.5	19.4	15.5	9.7	-1.5	-24.3	-31.0	-4.16
1994	-32.6	-20.6	-11.4	-0.1	8.1	13.8	16.7	15.6	9.8	99	99	99	-4.55
1995	99	99	99	99	7.1	99	99	99	99	99	99	99	99
1996	99	99	99	99	99	99	99	99	99	99	99	99	99
1997	99	99	99	99	99	99	99	15.2	6.6	0.5	-14.3	-29.5	99
1998	-31.4	99	-9.3	99	7.1	19.1	20.1	17.6	9.4	-7.9	-22.4	-30.8	-4.25
1999	99	-23.6	-19.2	-1.9	7.7	15.1	20.0	15.1	8.3	-1.1	-20.6	-26.8	-5.20
2000	-25.5	-22.9	-10.9	0.8	9.0	16.1	16.5	18.3	11.8	-3.3	-22.5	99	-3.28
2001	-29.8	-26.4	-10.9	-0.4	8.3	15.5	18.8	17.1	6.3	-3.5	-16.2	-27.7	-4.29
2002	-25.3	-19.1	-11.1	1.2	10.6	16.5	18.5	99	9.6	-1.9	-20.3	-29.9	-2.71
2003	-29.8	-24.1	-9.1	1.3	6.9	15.6	17.4	14.6	8.3	-1.0	-20.3	-27.1	-4.17
2004	-29.4	-24.4	-11.2	-0.7	6.3	15.1	19.7	14.8	10.5	-2.2	-14.1	-30.0	-3.56
2005	-26.1	-21.4	-11.6	0.6	7.8	15.7	19.4	16.1	10.7	-2.5	-15.7	-25.9	-3.08
2006	99	-25.1	-13.9	-1.3	9.0	15.6	17.6	16.1	9.0	-2.5	-19.4	-30.5	-4.21
2007	-26.2	-24.4	-12.8	1.0	10.0	15.2	17.2	17.4	9.7	-1.0	-16.2	-24.8	-3.38
2008	-27.6	-18.8	-6.6	0.4	9.9	19.8	19.4	16.6	7.5	0.1	-16.9	-29.7	-1.75
2009	-28.2	-26.4	-13.0	0.4	9.2	14.3	18.4	16.0	9.4	-0.5	-23.4	-27.4	-4.46
2010	-28.3	-23.2	-14.3	-1.9	9.2	17.9	17.4	16.3	8.3	-1.8	-15.1	-26.2	-3.57
2011	-25.9	-20.9	-11.2	-0.3	10.4	16.5	22.7	17.5	5.9	0.7	-17.7	-29.0	-2.37
2012	-31.8	-26.1	-14.7	-0.8	11.0	18.7	19.3	14.7	9.0	-1.7	-17.9