1882	-15.70	-14.80	-3.80	2.90	8.50	13.40	17.40	16.10	8.20	-1.80	-13.60	-28.30	0.20
1883	-20.60	-18.50	-7.40	-1.50	6.80	13.50	17.20	13.80	5.90	2.80	-13.70	-12.30	-2.50
1884	-17.70	-18.30	-12.80	-1.30	9.90	13.40	17.40	13.10	7.70	-0.30	-10.90	-18.20	-1.01
1885	-21.00	-21.40	-10.30	-1.00	7.30	15.60	16.40	13.70	8.40	-0.10	-10.80	-13.60	-1.78
1886	-19.00	-20.90	-10.70	1.00	8.40	12.80	16.60	15.80	10.80	-1.60	-11.10	-12.00	-0.96
1887	-25.40	-15.60	-8.10	1.30	8.60	13.70	19.70	13.20	7.60	1.70	-7.50	-16.40	-0.23
1888	-21.90	-21.00	-9.10	-1.90	7.30	15.50	17.40	16.20	7.80	-1.10	-10.30	-16.90	-1.46
1889	-26.40	-17.50	-10.80	-0.30	8.10	16.20	18.50	14.70	7.30	-4.80	-12.10	-18.20	-2.00
1890	-21.20	-18.00	-12.20	-0.70	8.70	13.30	15.40	14.20	6.10	1.60	-10.40	-18.40	-1.78
1891	-19.70	-16.60	-9.80	-0.70	8.40	13.40	17.30	15.00	8.20	-0.70	-11.80	-16.60	-1.28
1892	-22.70	-21.60	-14.50	0.10	8.50	15.20	16.10	14.20	7.40	1.10	-15.80	-17.30	-2.38
1893	-29.90	-19.70	-5.70	4.20	7.20	15.00	17.60	14.60	7.10	1.00	-8.10	-17.90	-1.17
1894	-20.40	-14.90	-7.90	-1.00	8.50	13.70	17.40	14.50	8.70	2.00	-10.80	-18.60	-0.68
1895	-27.00	-22.80	-10.10	1.80	7.70	14.20	17.40	14.20	9.30	0.60	-7.90	-16.90	-1.77
1896	-19.90	-18.60	-12.10	0.90	7.50	17.60	18.10	15.10	7.50	-0.20	-7.30	-17.80	-0.69
1897	-20.90	-21.60	-14.10	0.60	6.60	16.00	18.10	15.90	8.10	1.60	-10.40	-21.60	-1.49
1898	-17.10	-21.60	-17.90	1.50	6.10	15.20	15.60	15.70	7.30	1.60	-7.20	-13.00	-1.87
1899	-17.20	-18.80	-8.10	3.50	8.60	14.60	17.30	14.50	7.80	0.70	-6.80	-21.50	0.26
1900	-26.30	-15.30	-8.70	-2.10	8.90	15.20	19.10	16.40	10.00	-0.40	-13.30	-19.20	-1.50
1901	-18.20	-18.50	-6.70	0.70	8.60	15.10	17.00	15.80	9.60	-2.90	-8.20	-25.60	-0.58
1902	-19.20	-13.30	-7.10	-1.20	5.40	14.10	15.60	13.60	9.20	0.30	-10.70	-17.20	-1.58
1903	-18.70	-14.10	-9.50	0.20	7.40	13.50	18.20	13.70	8.00	-2.10	-11.60	-20.70	-1.02
1904	-24.50	-19.90	-11.70	-2.00	8.70	16.50	15.90	15.20	7.00	-0.20	-7.80	-16.10	-1.96
1905	-16.70	-21.40	-12.70	-1.90	8.20	13.60	18.80	15.80	7.80	0.00	-11.00	-18.10	-1.30
1906	-22.50	-20.90	-6.00	4.10	6.60	14.90	15.40	16.50	7.80	-0.70	-16.10	-14.80	-1.58
1907	-18.80	-20.90	-9.20	1.70	9.30	14.10	14.70	15.10	9.00	0.70	-12.70	-18.20	-0.98
1908	-20.50	-20.10	-12.60	-0.20	10.40	15.40	18.70	15.70	7.80	-0.50	-11.50	-16.80	-1.30
1909	-22.30	-18.60	-14.50	-0.90	8.10	13.80	17.80	16.70	6.70	-3.40	-9.70	-19.40	-1.93
1910	-24.50	-16.40	-13.10	-0.40	9.10	13.60	18.60	15.80	6.90	0.20	-14.70	-22.50	-2.03
1911	-18.50	-15.90	-10.10	2.80	6.80	14.50	17.70	15.20	8.10	2.40	-7.60	-21.80	-0.59
1912	-19.50	-13.80	-13.60	1.40	8.50	13.80	17.30	12.10	5.90	-5.20	-14.00	-22.30	-2.41
1913	-20.70	-18.30	-8.50	-0.90	8.30	15.30	16.30	13.70	7.20	2.10	-8.50	-17.70	-1.36
1914	-13.30	-13.80	-12.20	2.80	8.90	14.40	17.00	15.80	8.90	1.20	-11.50	-19.40	0.04
1915	-26.40	-21.40	-10.80	-1.10	9.40	15.00	18.30	14.80	7.00	-3.10	-10.50	-14.10	-2.35
1916	-19.90	-17.40	-12.80	-1.80	8.10	13.10	18.40	15.20	8.80	0.60	-10.80	-27.80	-1.05
1917	-23.30	-17.90	-7.90	1.60	10.00	16.20	16.60	13.90	7.70	-1.90	-9.30	-23.10	-1.84
1918	-18.40	-15.60	-7.70	0.30	9.00	14.30	17.50	14.20	8.60	-0.10	-12.10	-22.20	-1.09
1919	-27.90	-14.20	-10.70	-0.40	8.50	14.90	18.50	14.80	8.00	1.70	-10.70	-16.60	-1.64
1920	-18.00	-21.50	-6.80	3.30	8.90	13.50	17.70	15.00	6.20	2.80	-10.00	-22.30	-0.46
1921	-17.00	-14.90	-8.80	-0.70	7.60	13.80	20.70	17.90	9.50	1.20	-11.70	-16.30	-0.39
1922	-27.50	-19.70	-8.90	1.90	7.70	15.60	21.70	15.80	6.50	1.20	-14.80	-18.40	-1.40
1923	-21.80	-21.50	-8.90	1.70	8.10	14.40	18.50	15.80	8.80	-1.00	-14.50	-16.40	-1.57
1924	-19.10	-20.70	-11.50	-0.20	10.20	13.50	19.20	15.10	8.00	-1.80	-7.90	-17.50	-0.97
1925	-14.50	-20.40	-12.90	0.90	7.70	14.30	17.50	15.80	8.90	3.30	-7.60	-16.60	-0.38
1926	-19.00	-16.90	-5.50	3.90	8.20	15.50	18.50	16.10	9.20	0.20	-9.60	-22.10	0.33
1927	-20.70	-16.50	-12.10	-0.50	8.70	14.10	17.10	13.10	9.60	0.00	-7.30	-18.20	-1.38
1928	-19.20	-19.10	-10.00	3.10	8.20	16.10	17.60	16.60	8.10	1.60	-11.60	-22.90	-0.57
1929	-24.30	-23.80	-6.50	2.90	8.70	14.80	16.50	14.30	8.20	0.30	-9.50	-25.30	-1.78
1930	-22.80	-17.40	-9.40	-1.00	8.30	14.30	17.80	16.10	6.90	1.80	-10.90	-19.50	-1.80
1931	-22.80	-21.90	-10.20	0.00	5.80	16.20	16.60	15.30	7.50	2.00	-12.10	-18.60	-1.93
1932	-14.40	-17.60	-10.80	2.50	6.90	13.50	19.30	13.80	10.70	3.00	-6.80	-14.70	0.12
1933	-26.20	-20.40	-11.80	1.00	7.20	14.30	16.60	15.20	7.30	-1.00	-8.70	-14.40	-1.77
1934	-20.70	-15.90	-12.10	0.70	9.10	14.30	17.50	13.80	6.90	0.60	-10.70	-18.10	-0.91
1935	-22.20	-13.70	-6.50	-0.80	7.70	15.00	18.10	16.20	9.70	0.70	-15.20	-25.70	-0.76
1936	-23.50	-19.40	-12.10	-2.40	7.10	12.90	17.30	13.80	7.30	2.80	-10.80	-17.50	-2.73
1937	-22.60	-17.00	-15.10	-0.40	10.40	15.10	16.50	14.20	7.20	1.20	-10.30	-24.10	-1.53
1938	-23.30	-15.30	-6.10	4.80	8.30	14.10	18.20	14.30	7.00	1.50	-7.90	-22.00	-0.71
1939	-20.10	-15.50	-7.40	3.80	8.00	16.10	19.00	16.40	9.40	-1.30	-12.60	-14.10	-0.52
1940	-26.40	-17.30	-6.50	2.80	9.20	15.10	16.80	14.70	7.30	0.60	-9.90	-16.90	-0.64
1941	-18.40	-19.30	-9.00	0.10	8.60	15.70	17.50	15.00	8.80	0.90	-10.20	-18.30	-0.60
1942	-21.30	-22.10	-6.80	1.00	6.80	15.40	17.00	15.20	8.80	0.10	-9.20	-15.90	-1.12
1943	-21.90	-16.60	-7.50	2.60	11.20	15.60	18.40	16.30	8.80	0.70	-10.70	-15.40	0.08
1944	-20.00	-14.90	-7.10	4.00	8.30	16.60	17.10	14.60	9.00	0.90	-15.20	-21.30	-0.18
1945	-22.40	-22.70	-10.90	3.90	11.10	15.30	17.30	14.10	10.10	3.20	-8.20	-18.40	-0.88
1946	-18.50	-13.60	-12.40	3.20	8.70	15.30	18.90	15.40	6.10	2.50	-8.00	-24.50	-0.07
1947	-25.60	-19.50	-11.60	3.20	10.80	15.50	17.50	14.40	8.10	1.40	-15.40	-25.50	-2.14
1948	-17.40	-17.80	-5.70	3.80	7.70	14.80	19.00	14.60	8.20	0.30	-12.60	-16.00	-0.88
1949	-17.00	-13.00	-9.10	3.40	8.90	13.20	17.60	14.80	8.00	3.00	-10.10	-25.90	0.31
1950	-19.80	-16.20	-7.80	-0.30	10.20	16.80	18.80	15.60	9.10	1.40	-13.80	-14.10	-0.99
1951	-24.30	-20.50	-9.40	-0.10	10.20	15.60	17.20	13.00	8.10	1.00	-8.40	-14.20	-0.98
1952	-16.40	-20.00	-10.30	0.20	9.10	15.80	18.80	15.00	8.20	0.70	-15.70	-21.00	-0.73
1953	-20.90	-19.50	-6.40	2.40	9.60	16.00	18.80	15.20	9.70	1.70	-12.30	-14.70	-0.56
1954	-19.10	-18.50	-9.30	0.10	6.70	16.30	17.20	17.40	9.30	1.10	-11.40	-24.50	-0.41
1955	-19.90	-18.60	-12.30	0.70	8.70	14.60	18.50	17.00	7.30	1.50	-5.80	-15.90	-1.07
1956	-20.90	-21.20	-11.50	0.30	9.30	14.90	18.90	15.80	8.20	1.60	-14.10	-21.80	-1.22
1957	-21.70	-23.10	-10.80	1.70	7.30	15.90	16.10	13.80	6.90	1.80	-7.80	-12.60	-1.81
1958	-19.00	-17.30	-10.80	-0.10	9.00	15.50	18.50	15.90	7.70	1.70	-8.20	-13.00	0.02
1959	-18.50	-15.20	-4.90	2.30	9.10	15.50	17.50	15.80	9.90	1.30	-13.80	-20.00	0.50
1960	-21.80	-12.60	-11.10	0.40	7.90	15.40	17.40	14.70	9.30	0.50	-10.70	-19.40	-0.88
1961	-22.90	-14.50	-5.40	4.00	9.00	13.00	17.10	14.80	8.80	-2.90	-9.20	-17.30	-0.63
1962	-16.60	-12.80	-7.70	1.90	9.80	14.60	18.40	15.50	8.40	0.50	-15.90	-13.60	-0.10
1963	-19.70	-11.70	-4.60	-0.90	8.90	13.50	17.80	16.60	7.60	0.60	-7.00	-13.80	0.62
1964	-14.60	-21.80	-9.60	-0.50	9.80	15.80	18.60	17.40	8.30	-1.40	-5.90	-15.30	0.19
1965	-17.10	-17.50	-6.50	0.50	10.50	16.90	17.80	14.60	7.60	2.30	-10.80	-18.90	0.25
1966	-20.50	-16.30	-9.90	-1.70	8.70	15.50	15.50	15.80	11.60	1.80	-10.50	-22.00	-0.74
1967	-19.50	-16.50	-5.20	3.00	10.80	15.10	18.20	13.30	7.30	2.60	-13.00	-16.40	-0.49
1968	-20.30	-18.60	-3.80	3.00	10.30	14.10	18.50	14.80	6.50	0.50	-9.80	-19.10	-0.10
1969	-27.80	-24.30	-9.60	1.30	8.20	16.40	19.40	14.50	7.90	1.40	-8.00	-19.00	-1.64
1970	-18.20	-18.00	-12.50	1.90	8.90	15.10	19.00	15.10	7.50	-0.20	-9.80	-17.80	-0.85
1971	-16.80	-20.50	-10.30	2.50	10.00	15.30	16.40	15.30	7.90	2.70	-4.70	-18.20	-0.00
1972	-19.10	-17.20	-6.50	3.20	7.70	16.30	16.20	14.10	7.80	-0.60	-9.60	-14.80	-0.49
1973	-17.00	-17.10	-7.20	0.40	7.80	16.40	16.20	13.50	10.70	0.20	-5.90	-13.20	0.27
1974	-20.70	-17.90	-10.80	2.80	7.70	14.20	17.60	17.50	8.50	-2.30	-11.00	-19.00	-0.63
1975	-16.90	-16.90	-5.20	1.70	10.30	14.60	17.30	13.60	9.40	1.90	-6.30	-17.50	0.37
1976	-17.00	-15.10	-10.20	1.00	7.60	15.20	18.70	14.10	9.90	-0.80	-12.10	-18.50	-0.52
1977	-25.10	-19.30	-6.80	0.70	7.90	15.30	17.30	15.10	9.70	2.40	-5.40	-15.00	-0.56
1978	-16.00	-16.30	-7.40	2.50	8.80	16.20	17.50	14.30	10.30	0.60	-5.10	-15.60	0.87
1979	-21.50	-14.60	-7.00	-0.60	10.10	18.60	18.50	14.10	8.40	3.10	-10.30	-15.30	0.27
1980	-21.20	-16.40	-10.40	-2.10	7.90	16.50	18.20	16.50	8.60	-0.40	-5.90	-16.00	-0.33
1981	-19.00	-15.30	-5.60	5.30	10.70	14.80	17.10	13.80	9.20	-2.50	-11.00	-14.70	0.12
1982	-20.30	-14.10	-9.30	3.50	8.90	15.30	16.60	14.90	8.40	0.80	-5.50	-12.80	0.37
1983	-14.20	-14.70	-5.00	-1.10	8.60	13.20	15.80	15.30	7.70	2.90	-3.70	-11.40	1.00
1984	-18.70	-17.30	-9.10	-1.40	10.20	15.50	15.90	14.60	9.40	1.70	-9.90	-20.30	-0.04
1985	-19.20	-19.80	-8.80	1.50	9.40	14.40	17.60	14.70	7.80	2.00	-8.90	-18.90	-0.80
1986	-18.90	-15.50	-5.60	1.90	10.00	15.60	19.40	16.40	10.60	1.00	-8.90	-15.20	0.59
1987	-17.50	-16.00	-10.30	1.40	9.30	12.20	17.40	16.70	9.20	-0.70	-11.90	-13.00	-0.45
1988	-18.70	-17.60	-8.40	2.70	9.10	14.00	15.50	15.60	10.20	2.80	-4.40	-12.60	0.65
1989	-13.20	-12.80	-4.60	2.90	10.40	13.20	16.40	14.30	8.00	3.10	-8.80	-12.30	1.36
1990	-19.90	-12.90	-1.40	1.80	11.80	15.30	18.90	15.70	8.50	4.80	-7.30	-13.30	1.92
1991	-18.70	-14.80	-9.20	2.30	9.40	15.70	18.50	17.00	9.50	2.40	-7.20	-18.30	0.97
1992	-14.00	-11.90	-6.00	1.10	12.70	12.90	18.60	16.90	7.50	2.60	-6.70	99	1.28
1993	-17.10	-11.20	-3.10	2.50	9.30	16.20	19.70	16.30	8.80	2.60	-10.50	-14.50	1.68
1994	-16.50	-13.90	-6.20	3.20	10.10	16.80	18.80	16.00	8.80	2.30	-5.60	-17.00	1.61
1995	-14.40	-11.00	-5.30	2.80	8.50	14.60	18.80	17.30	8.50	3.50	-3.40	-13.30	1.91
1996	-18.20	-16.20	-8.00	2.20	9.90	13.50	19.50	15.90	7.40	0.10	-12.80	-13.20	-0.00
1997	-15.40	-11.90	-2.60	6.90	11.30	99	17.80	16.50	9.00	2.10	99	99	2.34
1998	-21.00	-10.40	-5.60	4.10	10.00	13.50	99	17.70	9.20	2.00	-11.20	-11.80	0.99
1999	-18.90	-11.90	-13.30	99	99	14.90	19.40	15.60	9.00	1.00	-8.00	-15.10	1.37
2000	-23.60	-15.00	-4.20	3.80	11.90	19.10	17.60	16.20	10.40	-1.50	99	-17.70	0.85
2001	-25.60	-17.20	-7.30	2.80	10.60	18.70	18.20	16.80	9.90	1.40	-3.90	-17.30	0.56
2002	-10.80	-9.70	-3.20	99	12.40	17.00	20.50	17.70	10.20	-0.80	-10.50	-19.10	2.58
2003	-15.20	-11.40	-5.50	3.60	10.30	16.90	99	15.00	8.90	1.80	-10.50	-15.10	1.10
2004	-16.10	-10.90	-8.40	2.50	9.50	17.30	17.80	14.80	9.80	3.50	-5.90	-15.60	1.57
2005	-17.70	-20.70	-5.50	2.50	9.90	16.10	20.20	16.90	9.90	4.90	-5.80	-18.20	1.26
2006	99	-16.80	-5.80	99	8.70	16.10	18.60	14.80	10.10	2.20	99	-12.30	0.35
2007	-12.90	-10.4	-6.60	6.10	11.70	15.50	19.80	17.2	99	2.1	-6.0	-12.7	2.90
2008	99	-13.9	-2.3	2.6	9.3	17.1	19.2	15.1	9.9	2.4	-5.2	-16.4	2.13
2009	-16.2	-17.1	99	5.5	10.3	15.0	19.0	15.9	8.0	1.8	-10.3	-19.1	0.80
2010	-21.8	-20.8	-9.6	-0.4	9.6	15.7	19.4	14.6	9.8	3.3	-5.3	-19.3	-0.38
2011	-22.0	-13.4	-5.2	5.5	9.7	18.6	17.3	16.4	8.8	4.6	-8.3	-15.1	1.06
2012	-20.3	99	99	3.0	10.0	17.3	18.3	15.0	11.3	99	-9.3