1918	99	99	99	99	99	99	99	99	99	-3.70	-17.20	99	99
1919	99	99	99	99	99	99	99	99	99	99	99	99	99
1920	99	99	99	99	99	99	99	99	99	99	99	99	99
1921	99	99	99	99	99	99	99	99	99	99	99	99	99
1922	-17.60	-19.50	-20.70	-14.20	-8.40	99	99	99	99	99	99	99	99
1923	99	99	99	99	99	99	99	99	99	99	-10.80	-21.20	99
1924	-23.70	-22.20	-22.30	-21.00	99	1.00	99	99	99	99	99	99	99
1925	99	99	99	99	99	99	99	99	99	99	99	99	99
1926	99	99	99	99	99	99	99	99	99	99	99	99	99
1927	99	99	99	99	99	99	99	99	99	99	99	99	99
1928	99	99	99	99	99	99	99	3.50	0.90	-2.50	-13.40	-21.30	99
1929	-14.50	-18.00	-24.30	-14.20	-2.80	0.70	4.50	3.70	2.20	99	-10.60	-16.30	-8.15
1930	-6.60	-23.90	-24.60	-12.60	-6.60	1.90	5.10	4.20	99	99	99	-20.90	-7.22
1931	-26.60	-26.70	-18.50	-11.60	-4.50	-0.10	4.60	5.60	0.70	-5.70	-12.60	-15.90	-9.69
1932	-23.10	-26.50	-17.50	-12.00	-6.40	0.70	5.10	99	0.70	-2.70	-15.00	-18.70	-9.01
1933	-26.90	-23.60	-18.30	-13.10	-5.70	0.90	99	4.60	0.70	-5.50	-14.90	-11.80	-9.62
1934	-28.30	-18.40	-20.80	-15.00	-4.10	2.40	4.50	4.40	3.70	-1.30	-6.10	-13.40	-7.57
1935	-18.80	-19.40	-9.40	-14.10	-7.90	1.60	5.80	5.10	4.20	-1.70	-8.30	-17.20	-6.36
1936	-25.70	-26.20	-24.00	-7.90	-5.70	3.10	6.00	6.40	2.20	-1.70	-9.00	-20.10	-8.31
1937	-11.50	-18.00	-20.60	-15.70	-7.70	1.10	6.70	6.50	4.20	0.60	-2.80	-8.60	-6.44
1938	-19.50	-15.40	-18.60	-10.60	-5.20	1.90	5.40	6.10	1.80	-1.00	-8.70	-19.40	-6.03
1939	-29.30	-21.80	-23.40	-8.90	-4.50	1.60	6.00	3.50	3.40	-1.30	-9.40	-20.70	-8.62
1940	-20.30	-24.60	-20.50	-9.50	-0.60	2.70	6.90	5.90	3.90	-0.40	-3.90	-14.50	-6.76
1941	-22.90	-18.10	-20.00	-14.60	-4.90	2.70	4.00	7.70	4.20	0.70	-6.10	-15.50	-6.82
1942	-13.80	-17.70	-21.90	-9.80	-6.30	1.30	4.50	3.10	2.70	-4.10	-12.50	-22.30	-7.50
1943	-23.30	-24.00	-17.40	-13.50	-0.60	3.50	99	99	99	99	99	99	99
1944	99	99	99	99	99	99	99	6.10	3.60	-1.10	-10.10	-16.50	99
1945	-21.10	-24.30	-25.00	-8.10	-4.30	2.00	6.10	4.90	4.20	-3.90	-13.10	-21.30	-8.26
1946	-20.70	-26.50	-25.00	-19.20	-4.90	1.70	5.10	4.30	2.20	-1.20	-8.50	-20.60	-9.50
1947	-23.10	-20.00	-22.00	-12.30	-2.90	1.30	5.00	5.30	1.30	-5.00	-9.80	-22.10	-8.57
1948	-28.00	-18.80	-21.80	-4.80	-5.70	2.40	5.00	4.00	1.70	-5.00	-14.30	-19.50	-8.95
1949	-17.90	-21.20	-14.40	-17.00	-6.70	-0.30	4.70	5.40	1.70	-0.50	-7.30	-16.80	-7.75
1950	-8.70	-18.40	-21.00	-12.30	-6.70	1.30	6.20	6.90	4.00	0.30	-5.30	-12.30	-5.88
1951	-23.70	-23.70	-20.50	-12.80	-3.20	2.60	6.00	4.40	2.20	-1.60	-6.40	-16.20	-7.42
1952	-19.40	-23.40	-20.30	-14.40	-4.20	0.90	5.20	5.90	3.80	-0.20	-3.90	-15.20	-7.18
1953	-21.20	-26.00	-23.40	-12.60	-4.20	3.80	5.60	5.60	3.00	-1.40	-5.90	-22.10	-7.66
1954	-17.90	-24.50	-17.00	-8.40	-0.70	2.40	6.70	6.60	2.40	-2.00	-9.10	-22.60	-6.97
1955	-22.20	-28.40	-21.20	-16.00	-6.60	0.60	4.00	5.60	2.40	-6.40	-13.20	-15.30	-10.33
1956	-18.00	-19.30	-22.80	-14.50	-2.50	0.30	7.30	3.30	2.10	-4.30	-18.10	-18.90	-8.48
1957	-12.30	-19.80	-23.70	-7.00	-2.90	2.60	6.80	5.40	0.00	-1.20	-4.80	-21.90	-6.32
1958	-24.80	-20.40	-16.10	-12.20	-7.60	3.00	7.00	4.90	2.90	-4.80	-11.30	-13.40	-8.44
1959	-14.80	-15.90	-23.60	-16.80	-2.60	3.30	5.20	6.30	3.40	-1.00	-7.30	-23.90	-6.43
1960	-24.10	-17.10	-13.70	-17.70	-3.20	1.00	6.20	5.60	2.40	-1.20	-10.30	-13.20	-8.00
1961	-17.30	-28.90	-23.00	-14.00	-2.60	2.00	5.20	5.20	3.90	-2.20	-9.00	-21.00	-7.83
1962	-13.80	-12.00	-14.70	-11.00	-3.30	2.30	8.20	7.20	2.20	-2.00	-8.10	-15.20	-5.50
1963	-15.50	-19.90	-19.60	-11.30	-2.10	1.40	6.20	5.40	0.80	-3.70	-9.20	-14.10	-6.89
1964	-24.90	-31.00	-24.30	-16.00	-4.50	2.20	6.50	5.60	3.40	-0.50	-8.80	-19.80	-8.87
1965	-21.50	-28.30	-19.30	-12.90	-5.30	0.50	4.90	4.50	1.00	-5.00	-3.50	-19.50	-8.72
1966	-15.90	-20.20	-25.80	-16.60	-6.20	2.60	4.90	4.00	3.00	-2.50	-5.70	-15.90	-8.16
1967	-13.60	-21.60	-11.30	-10.00	-0.90	3.10	7.40	6.70	4.30	-1.70	-10.20	-16.50	-5.31
1968	-15.10	-26.70	-19.60	-16.20	-3.50	1.90	6.20	7.00	3.20	-1.00	-8.30	-18.80	-7.38
1969	-10.40	-24.50	-24.20	-13.80	-1.80	1.80	6.20	4.60	4.30	-0.40	-16.60	-18.70	-7.80
1970	-22.80	-21.40	-21.30	-16.30	-4.10	2.30	4.50	4.80	2.60	-4.00	-7.10	-12.70	-8.46
1971	-19.30	-29.00	-22.10	-17.00	-6.90	1.90	6.00	4.40	3.40	-2.40	-8.20	-14.60	-8.49
1972	-18.30	-19.40	-24.60	-15.40	-3.70	1.50	8.30	7.20	4.20	-1.70	-8.40	-17.50	-7.08
1973	-19.90	-18.20	-25.60	-14.90	-5.90	1.90	5.50	4.60	2.60	-2.90	-6.60	-16.70	-8.08
1974	-17.90	-27.60	-21.70	-17.00	-6.00	2.80	6.90	7.70	4.50	-1.40	-9.80	-25.40	-8.02
1975	-22.20	-19.60	-16.90	-15.80	-6.30	0.10	3.30	6.50	2.00	-3.70	-14.10	-21.70	-9.34
1976	-20.20	-28.50	-19.70	-19.10	-5.90	2.10	4.80	5.40	3.40	-3.00	-12.40	-23.00	-9.57
1977	-15.90	-23.60	-30.00	-17.50	-4.50	2.10	6.80	7.40	4.20	-0.50	-11.70	-15.70	-8.85
1978	-9.70	-23.60	-18.60	-12.80	-3.90	1.60	7.50	6.60	4.80	-1.60	-5.10	-17.00	-5.88
1979	-9.90	-19.10	-18.20	-13.50	-4.40	2.60	6.90	6.50	2.70	-2.10	-9.10	-21.30	-6.22
1980	-21.10	-19.70	-20.40	-16.90	-4.60	2.00	6.80	5.30	3.40	-1.60	-11.10	-21.90	-8.27
1981	-20.00	-21.10	-18.60	-10.60	-2.00	2.90	5.50	3.20	0.80	-2.80	-10.20	-17.10	-7.90
1982	-15.20	-12.60	-17.60	-13.30	-7.60	1.30	5.60	6.40	3.80	-3.30	-7.80	-13.30	-6.45
1983	-22.30	-23.90	-21.10	-12.20	-4.00	1.10	6.10	5.60	1.40	-5.20	-12.90	-6.60	-8.39
1984	-18.60	-31.00	-23.00	-20.50	-5.40	3.20	6.20	4.40	3.60	-0.60	-7.20	-16.40	-7.96
1985	-16.00	-21.00	-23.00	-21.90	-4.40	0.70	6.80	8.10	3.10	-3.50	-6.60	-12.30	-7.84
1986	-23.10	-19.50	-20.70	-14.30	-3.30	3.10	7.70	5.20	2.90	-3.20	-6.20	-13.40	-6.98
1987	-21.40	-26.30	-19.10	-16.40	-3.40	0.70	5.80	6.40	1.70	-2.00	-10.40	-22.20	-8.15
1988	-15.80	-21.70	-24.50	-11.60	-3.90	1.60	7.60	5.70	1.20	-2.60	-14.30	-18.70	-8.38
1989	-26.80	-5.80	-12.40	-9.20	-4.10	1.70	6.60	7.40	5.00	-0.30	-9.30	-15.30	-5.49
1990	-24.20	-29.30	-19.80	-4.00	-0.50	3.20	7.30	8.20	3.30	-1.40	-8.80	99	-6.78
1991	-19.40	-21.90	-20.90	-12.20	-2.10	99	7.20	7.70	4.40	0.10	-5.40	-17.20	-6.38
1992	-21.20	-21.30	99	-10.40	-4.30	99	6.40	6.50	1.30	-3.10	-9.10	-18.80	-7.39
1993	-8.30	99	99	99	-2.80	2.40	8.20	99	99	-0.40	99	-18.90	99
1994	-22.10	-16.50	-25.50	-16.40	-4.70	2.20	5.40	5.90	2.60	-6.50	-16.30	-22.80	-9.23
1995	-21.20	-22.50	-20.10	-12.60	-1.30	1.40	5.70	6.40	4.90	-0.30	-5.70	-13.70	-7.34
1996	-14.10	-18.70	-10.60	-14.40	0.00	3.90	7.50	6.10	3.10	-3.10	-3.80	-13.90	-4.82
1997	-20.90	-21.80	-18.90	-8.40	-0.30	3.80	7.50	8.10	5.90	-1.30	99	-20.30	-5.62
1998	-23.50	-24.50	-16.70	-10.30	-5.70	1.80	99	4.80	1.80	-0.10	-4.00	-15.20	-7.60
1999	-24.50	-25.30	-24.00	99	-4.10	99	6.50	6.10	3.90	-1.70	-10.00	99	-8.43
2000	-23.80	-18.20	-18.00	-14.70	99	99	99	99	2.00	-2.20	-6.30	99	-7.35
2001	-18.00	-11.70	-20.10	-13.40	-6.20	2.60	5.60	5.40	2.90	-3.70	-9.70	-21.80	-6.51
2002	-23.30	-20.90	-10.90	-9.70	-0.90	4.10	7.10	99	99	99	99	99	-6.07
2003	-19.10	-24.50	99	-7.50	-1.70	4.60	7.10	6.00	4.30	0.20	-6.30	-16.70	-5.98
2004	-15.10	-24.10	-18.80	-10.40	-0.50	4.60	11.20	8.70	4.00	1.00	-6.10	-14.10	-5.18
2005	-17.50	-24.30	-18.20	-15.00	-3.10	3.30	6.70	8.20	6.30	0.70	-7.80	-18.70	-6.23
2006	-23.60	-21.60	-19.00	-18.40	-3.70	2.60	6.50	6.20	4.60	1.70	99	99	-7.48
2007	-20.80	-13.20	-20.70	-10.70	-3.00	3.90	9.60	8.7	6.5	0.3	-4.0	-9.0	-4.77
2008	-21.6	-25.3	99	-11.5	-2.9	2.3	5.7	5.0	3.7	-3.3	-8.4	-11.9	-7.00
2009	-20.6	-22.7	-19.8	-11.8	-0.5	2.1	6.4	7.2	4.0	0.7	-9.3	-11.3	-6.35
2010	-22.6	-20.7	-20.8	-12.9	-3.3	3.0	5.4	7.4	6.2	0.9	-4.3	-10.1	-6.08
2011	-16.1	-14.9	-14.5	-13.9	-1.8	3.9	6.0	6.1	5.0	0.2	-7.2	-15.2	-4.78
2012	-25.9	-22.7	-26.0	-13.2	-5.2	3.0	7.1	6.6	1.3	99	-5.9