1890	99	99	99	99	99	99	99	99	99	99	99	-16.00	99
1891	-21.50	-17.40	-6.50	-1.70	11.80	16.60	19.80	17.80	11.30	-1.80	-12.60	-14.70	-0.02
1892	-19.00	-18.90	-14.60	-1.90	14.10	19.10	21.30	18.80	12.20	3.20	-11.20	-18.00	0.70
1893	-29.90	-17.20	-2.00	8.60	8.60	18.70	21.30	16.50	13.70	3.30	-3.60	-14.70	1.67
1894	-17.60	-10.30	-9.90	-3.70	13.50	16.80	18.50	17.90	11.70	2.80	-10.00	-18.40	1.25
1895	-21.00	99	-6.80	1.60	10.80	16.00	99	17.80	12.60	4.20	-4.60	-19.00	0.98
1896	-21.90	-16.60	-13.80	-4.00	14.50	18.30	21.30	17.60	11.80	5.30	-7.40	-19.20	0.51
1897	-22.00	-18.10	-15.20	3.00	12.60	17.20	18.90	16.90	12.00	1.70	-9.60	-18.40	-0.15
1898	-15.00	-21.10	-19.10	-1.30	8.00	18.20	21.00	16.50	11.40	1.10	-6.50	-9.10	-0.43
1899	-14.00	-16.40	-8.30	2.60	12.90	18.80	16.00	19.50	12.60	6.70	-1.60	-19.70	3.31
1900	-24.90	-16.60	-6.80	-1.00	15.50	21.50	21.70	17.10	10.90	4.60	-9.20	-12.70	1.09
1901	-23.00	-12.00	-7.20	5.10	12.60	16.10	22.10	15.90	9.70	-1.20	-6.20	-16.10	1.60
1902	-13.30	-15.30	-11.10	-3.30	11.70	17.90	22.40	19.40	12.30	1.00	-12.50	-20.30	1.09
1903	-16.50	-8.90	-11.30	1.10	9.40	15.10	18.10	16.00	10.80	-0.20	-9.00	-15.90	0.36
1904	-16.40	-12.70	-11.10	-3.90	14.80	19.00	20.90	18.40	11.30	3.00	-4.50	-10.50	1.91
1905	-16.50	-18.50	-15.90	-3.40	10.70	15.00	19.70	16.70	12.40	5.30	-4.50	-9.90	0.87
1906	-21.00	-20.60	-4.00	5.50	11.20	19.40	19.30	19.90	11.10	1.70	-9.90	-10.70	1.89
1907	-21.80	-18.80	-9.10	1.90	10.90	14.80	20.60	21.10	13.00	0.80	-12.90	-16.00	0.82
1908	-20.10	-18.50	-14.50	-1.40	13.80	15.80	17.40	17.30	10.80	0.50	-9.70	-13.90	-0.38
1909	-19.80	-15.80	-14.50	4.60	11.70	18.80	21.30	16.60	10.80	2.50	-2.40	-14.20	1.66
1910	-17.50	-17.90	-11.90	2.20	12.60	15.30	20.10	18.50	10.60	0.30	-10.50	-13.70	0.63
1911	-19.30	-19.00	-11.50	4.00	9.00	19.70	22.60	15.00	9.80	2.40	-3.00	-14.60	1.33
1912	-15.40	-19.60	-14.90	2.10	14.10	17.20	20.30	14.20	10.90	-2.50	-9.70	-15.60	0.17
1913	-17.60	-19.10	-6.20	-2.20	12.60	18.10	19.20	17.30	10.80	2.70	-5.70	-6.80	1.19
1914	-14.30	-12.20	-10.30	1.70	12.50	15.50	15.70	18.40	11.50	-0.40	-9.80	-15.80	1.79
1915	-19.70	-11.70	-10.80	4.70	14.80	21.80	21.40	18.50	13.00	-0.90	-7.30	-13.80	2.33
1916	-16.30	-16.20	-13.00	0.20	13.10	18.50	19.60	16.60	12.90	2.80	-7.20	-18.00	1.43
1917	-14.50	-17.20	-13.30	4.90	14.50	14.70	18.70	13.60	13.30	4.10	-3.60	-15.80	1.43
1918	-12.70	-17.50	-9.80	1.10	10.00	18.60	21.90	20.20	10.80	3.00	-7.10	-21.10	1.89
1919	-24.30	-16.90	-13.70	3.20	11.70	15.20	19.40	17.00	10.90	99	99	99	-0.83
1920	99	-18.90	-6.80	99	13.60	21.40	99	18.10	9.70	-1.10	-11.00	-21.20	1.89
1921	-15.20	-18.40	-9.50	2.00	11.40	21.60	23.00	16.00	11.40	4.40	-6.60	-14.50	1.57
1922	-18.90	-18.90	-5.40	1.30	13.90	19.10	20.30	16.00	10.20	2.00	-4.60	-9.20	1.71
1923	-16.50	-19.50	-8.60	0.20	10.00	20.50	21.80	19.80	12.20	7.30	-3.50	-11.30	2.87
1924	-19.20	-17.70	-10.30	4.20	11.90	15.90	22.40	17.00	11.10	2.80	-4.30	-12.50	1.87
1925	-13.10	-13.10	-8.50	-1.00	9.30	18.20	17.00	18.00	13.00	5.00	-5.30	-13.40	2.25
1926	-15.20	-18.50	-8.70	-2.10	7.70	17.20	16.80	16.20	10.40	4.20	-5.30	-16.00	0.77
1927	-22.50	-15.20	-16.10	2.20	14.60	18.10	19.90	17.20	13.10	2.40	-8.60	-18.10	0.76
1928	-18.70	-17.80	-14.90	-1.00	11.40	17.30	19.40	16.60	11.50	4.40	-8.60	-16.60	0.12
1929	-21.30	-22.90	-9.00	3.50	9.20	21.10	20.80	16.40	11.20	4.40	-4.70	-25.50	1.01
1930	-18.40	-19.60	-6.30	-0.90	10.30	19.50	18.90	15.80	9.70	3.10	-4.30	-17.70	0.19
1931	-20.60	-23.40	-10.60	2.40	10.90	21.70	21.20	18.70	12.90	4.80	-8.50	-15.30	0.98
1932	-12.50	-14.50	-9.30	6.30	11.00	17.10	20.00	16.80	11.90	6.50	-6.80	-14.60	2.60
1933	-22.50	-23.40	-11.60	4.30	10.60	15.90	21.00	18.00	9.00	2.90	-7.30	-18.80	0.19
1934	-16.70	-11.60	-13.20	-3.90	12.00	17.40	15.20	16.90	7.20	3.90	-4.40	-16.30	0.33
1935	-20.00	-11.70	-10.60	2.10	13.10	18.10	19.90	18.10	12.30	3.20	-12.00	-19.40	1.35
1936	-16.60	-15.30	-11.00	-0.10	9.60	18.00	18.50	15.10	12.10	5.40	-3.20	-10.10	1.09
1937	-16.20	-18.80	-13.60	0.80	10.40	17.80	19.30	15.40	12.30	4.60	-7.40	-18.80	1.21
1938	-22.60	-14.00	-11.00	6.80	13.40	16.50	17.50	17.00	9.80	1.90	-2.90	-21.70	1.13
1939	-20.60	-12.40	-10.10	6.50	11.20	18.70	18.80	14.20	10.90	1.10	-8.00	-11.90	0.72
1940	-25.90	-16.70	-6.90	6.80	9.00	17.70	22.40	18.00	11.40	-1.30	-6.50	-15.70	1.34
1941	-19.80	-21.00	-7.50	-1.90	10.40	18.00	16.40	15.20	11.10	1.80	-13.50	-19.30	-0.54
1942	-17.10	-17.70	-13.60	1.30	10.00	18.70	19.80	16.90	12.50	2.10	-6.80	-13.50	0.57
1943	-22.20	-18.60	-10.40	4.90	15.80	17.00	19.60	17.90	11.20	1.60	-13.00	-13.30	0.86
1944	-18.60	-13.40	-3.20	5.90	12.10	17.30	18.70	16.30	11.50	4.00	-11.60	-16.00	2.14
1945	-22.60	-22.40	-11.70	5.70	12.30	17.50	17.30	17.90	10.80	3.60	-9.90	-17.70	0.21
1946	-15.60	-10.00	-12.00	3.80	10.10	13.80	19.30	15.30	9.60	1.90	-8.30	-20.70	0.85
1947	-20.50	-19.80	-7.70	5.30	10.80	15.50	17.10	15.60	9.70	5.20	-3.50	-18.30	0.58
1948	-12.30	-16.80	-9.10	1.90	12.20	17.00	21.40	16.50	11.40	4.80	-6.80	-18.90	1.82
1949	-10.90	-14.50	-13.00	3.60	11.90	17.40	17.90	19.70	7.50	3.40	-8.80	-19.60	1.27
1950	-22.60	-17.60	-9.10	2.40	11.30	17.40	19.30	16.40	12.50	1.90	-13.00	-12.70	-0.06
1951	-19.40	-26.40	-6.60	8.20	12.70	16.70	20.80	15.80	14.10	1.20	-9.50	-8.70	1.24
1952	-16.20	-19.40	-13.50	-1.30	13.70	18.70	22.70	18.30	13.90	0.60	-17.40	-15.40	0.95
1953	-18.60	-16.70	-8.50	5.00	14.40	15.60	20.90	17.80	13.40	1.10	-18.90	-13.60	0.84
1954	-24.40	-23.70	-11.80	0.70	9.00	17.40	20.10	16.80	11.80	4.40	-8.20	-20.80	-0.13
1955	-14.80	-18.80	-12.90	0.60	15.00	21.10	18.90	16.70	9.40	3.60	-6.90	-19.70	0.92
1956	-21.90	-21.00	-13.50	2.70	12.00	15.40	19.60	17.50	8.10	3.90	-6.70	-15.70	-0.30
1957	-20.30	-16.60	-12.50	0.10	13.80	18.60	18.80	17.30	14.90	2.40	-8.80	-11.60	1.00
1958	-18.90	-11.00	-13.30	0.10	9.20	17.90	18.20	17.70	7.60	2.90	-4.50	-16.00	1.19
1959	-15.40	-15.60	-9.40	0.90	13.10	18.10	18.40	14.60	12.20	0.60	-10.30	-18.10	0.93
1960	-20.20	-14.80	-16.90	3.20	8.90	17.30	16.10	14.40	10.70	0.30	-12.30	-14.60	-0.95
1961	-15.00	-15.20	-7.20	5.10	13.40	16.70	18.80	15.80	10.40	-3.40	-6.80	-10.30	1.50
1962	-13.20	-12.10	-4.70	5.80	16.00	18.10	21.50	15.80	10.10	1.30	-10.50	-14.50	3.15
1963	-16.40	-11.60	-8.90	1.30	10.40	18.70	20.30	15.00	9.30	3.70	-3.40	-12.00	1.99
1964	-13.80	-21.10	-13.40	-3.20	12.70	16.80	19.10	16.50	11.20	-0.30	-5.00	-10.80	0.62
1965	-15.80	-15.20	-4.40	3.20	15.00	19.60	22.30	15.50	12.00	2.00	-10.80	-15.70	2.72
1966	-20.20	-18.80	-9.50	2.00	10.20	15.90	21.00	17.90	14.50	0.10	-10.10	-25.00	0.61
1967	-18.40	-19.80	-7.80	8.00	12.30	17.90	21.20	14.80	8.40	5.10	-6.00	-11.90	0.89
1968	-17.80	-14.40	-5.20	3.20	13.60	14.90	18.70	15.90	7.30	0.40	-13.70	-23.40	0.92
1969	-30.00	-25.30	-14.20	2.00	7.50	17.50	22.10	13.00	9.70	0.30	-4.00	-16.20	-2.07
1970	-18.00	-14.50	-8.90	3.80	12.10	15.80	16.10	15.10	12.50	0.70	-7.40	-18.00	0.92
1971	-13.60	-20.80	-11.50	2.10	10.60	17.30	19.60	15.10	13.10	3.60	-2.60	-12.60	1.24
1972	-25.60	-18.00	-12.90	3.90	9.80	15.50	16.30	14.40	6.80	2.40	-5.60	-13.50	-0.47
1973	-23.90	-16.70	-8.00	5.50	11.90	18.10	17.80	16.50	9.40	0.90	-4.70	-9.30	1.11
1974	-23.10	-21.50	-7.60	5.30	13.20	17.40	20.80	15.90	11.50	3.40	-11.90	-17.30	1.17
1975	-12.90	-13.40	-6.10	5.20	9.90	17.30	19.90	15.80	11.10	0.50	-8.80	-15.10	1.77
1976	-12.10	-20.90	-9.60	4.90	12.10	20.20	17.70	18.00	10.10	-4.70	-12.30	-17.10	0.69
1977	-24.40	-19.80	-7.00	7.10	13.70	20.70	19.60	14.50	9.80	1.40	-3.60	-16.00	1.24
1978	-15.00	-17.70	-8.20	4.30	10.10	18.20	19.10	13.20	11.20	2.90	-5.40	-16.10	1.39
1979	-22.40	-13.40	-8.40	-2.00	11.10	15.70	19.50	15.80	11.90	2.10	-6.50	-10.80	0.61
1980	-19.70	-18.10	-10.80	1.50	14.70	16.50	17.90	14.70	11.30	3.00	-7.00	-11.50	1.10
1981	-15.90	-15.20	-7.00	3.40	11.10	19.00	18.70	19.60	11.20	3.20	-8.60	-12.30	2.33
1982	-16.60	-15.90	-13.30	6.60	13.80	20.20	18.80	16.90	11.50	1.60	-3.70	-8.70	2.30
1983	-10.40	-10.60	-6.40	3.60	7.90	20.40	21.00	16.60	8.30	4.80	-5.00	-8.90	3.46
1984	-13.30	-17.90	-6.30	-1.40	10.90	17.00	18.90	17.60	10.10	2.60	-15.60	-24.00	1.14
1985	-16.10	-18.50	-9.80	4.10	8.20	16.90	18.20	16.20	11.40	1.00	-8.90	-13.40	-0.11
1986	-15.40	-18.20	-8.60	5.60	9.20	14.90	18.30	15.80	9.50	2.50	-6.30	-18.70	1.16
1987	-17.20	-13.00	-9.60	0.30	14.40	17.50	20.50	18.20	10.50	0.70	-14.60	-12.10	0.75
1988	-16.20	-18.90	-6.10	5.20	9.80	18.20	21.60	17.80	12.20	3.00	-5.00	-12.70	2.46
1989	-15.80	-15.10	-4.80	1.10	11.70	17.90	23.00	16.90	9.50	3.40	-6.70	-11.50	2.37
1990	-15.90	-12.30	-2.80	4.80	13.60	19.40	20.80	17.00	10.70	2.50	-7.30	-14.30	3.25
1991	-12.70	-15.40	-12.60	7.40	15.10	21.70	20.40	13.90	12.90	5.80	99	-17.70	3.08
1992	-11.60	99	-8.70	1.50	12.80	13.20	19.10	15.40	7.40	3.60	-7.00	-13.00	1.11
1993	-13.00	-14.40	-8.00	1.80	10.20	18.30	19.30	17.70	7.90	3.10	-17.00	-14.70	1.07
1994	-15.40	-21.70	-9.80	99	13.00	99	18.40	16.10	10.30	5.60	-5.70	-16.40	1.31
1995	-16.50	-9.70	-5.40	8.90	12.40	15.30	20.30	17.10	10.70	4.30	-3.50	-13.00	3.12
1996	-20.90	-18.00	-10.50	0.20	11.90	18.70	19.70	13.40	8.00	0.80	-6.40	-13.40	0.32
1997	-15.80	-13.30	-3.00	8.90	14.00	16.70	16.70	16.20	11.60	7.50	-9.20	-18.20	3.07
1998	-23.40	-13.90	-8.70	-0.70	11.90	18.60	23.30	20.40	8.40	4.10	-13.30	-8.90	0.71
1999	-15.60	-9.40	-15.00	3.20	15.70	14.30	21.80	17.40	9.60	6.50	-9.20	-8.00	2.53
2000	-16.80	-10.50	-5.60	7.20	11.40	19.00	20.00	17.10	10.40	0.40	-12.20	-13.80	2.70
2001	-19.30	-17.30	-4.10	4.90	17.00	17.00	17.00	99	10.70	1.70	-3.40	99	2.12
2002	-8.20	-7.70	-1.90	0.90	12.10	16.40	18.20	15.50	12.20	2.60	-5.80	-20.80	4.04
2003	-14.60	-15.60	-9.10	2.40	15.40	18.00	17.60	19.20	11.80	3.80	-10.10	-9.40	1.50
2004	-17.10	-11.50	-8.80	1.40	17.00	19.30	20.00	16.20	10.50	4.70	-3.20	-17.00	3.26
2005	-15.00	-19.80	-5.40	4.70	13.30	19.80	19.60	16.60	11.30	5.00	-2.70	-13.80	2.53
2006	-27.00	-15.40	-4.00	2.00	11.90	21.40	18.60	14.80	11.7	3.00	-7.30	-6.70	1.33
2007	-9.20	-15.10	-7.60	6.70	12.50	15.80	20.10	17.1	12.5	4.8	-5.8	-12.5	3.76
2008	-19.9	-12.7	-2.5	4.5	13.0	17.6	21.7	17.2	8.5	5.5	-0.1	-11.4	3.36
2009	-17.0	-19.6	-5.3	4.8	12.6	16.7	18.2	16.3	10.8	4.0	-5.9	-17.8	2.02
2010	-24.9	-21.6	-8.0	5.8	11.4	18.6	17.8	18.6	11.3	4.7	-2.8	-18.2	1.09
2011	-22.3	-15.4	-7.7	7.1	11.7	19.3	17.9	15.3	13.4	6.0	-9.1	-15.7	1.50
2012	-19.8	-19.9	-5.8	8.8	12.3	20.5	22.8	17.8	12.2	4.8	-6.6