1951	-40.7	-36.8	-24.3	-10.7	2.6	10.5	16.1	13.3	3.3	-6.3	-24.4	-31.1	-10.7
1952	-42.1	-37.8	-23.2	-7.7	2.4	11.6	14.8	12	3.1	-13.3	-33.8	-41.9	-13
1953	-39.9	-33.4	-21.1	-7.2	3.6	12.6	12.9	11.1	4.01	-8.1	-27.7	-36.6	-10.8
1954	-38.71	-29.5	-22.9	-9.1	-1.7	99	99	99	3.6	-8.9	-30	-37.2	99
1955	-37.9	99	-25.8	-11.5	4.1	11.8	13.5	11.8	3.7	-10.5	-26.1	-34.1	99
1956	-42	-37.31	-25.9	-11.2	1.6	10.4	14.8	99	99	-10.5	-23.7	-38.7	99
1957	-39.1	-34.7	-24.4	-8.6	4.9	10.7	15.2	10.8	3	-9.3	-24.3	-37.1	-11.1
1958	-41.7	-33.1	-24.7	-9.9	3.2	8.9	14	11.6	5.2	-7.6	-21.1	-35.1	-10.9
1959	-42.5	-29.8	-17.7	-7.5	3.6	12	12.8	14.7	6.2	-7.2	-24.4	-33.4	-9.4
1960	-43.5	-33.6	-26	-12.1	1.2	11.3	15.3	12.91	2.5	-11.2	-25.1	-36.5	-12.1
1961	99	99	99	99	99	99	99	99	99	99	99	99	99
1962	99	99	99	99	99	99	99	99	99	99	99	99	99
1963	99	99	99	99	99	99	99	99	99	99	99	99	99
1964	99	99	99	99	99	99	99	99	99	99	99	99	99
1965	99	99	99	99	99	99	99	99	99	99	99	99	99
1966	99	99	99	99	99	99	99	99	99	99	99	99	99
1967	99	99	99	99	99	99	99	99	99	99	99	99	99
1968	99	99	99	99	99	99	99	99	99	99	99	99	99
1969	99	99	99	99	99	99	99	99	99	99	99	99	99
1970	99	99	99	99	99	99	99	99	99	99	99	99	99
1971	99	99	99	99	99	99	99	99	99	99	99	99	99
1972	99	99	99	99	99	99	99	99	99	99	99	99	99
1973	99	99	99	99	99	99	99	99	99	99	99	99	99
1974	99	99	99	99	99	99	99	99	99	99	99	99	99
1975	99	99	99	99	99	99	99	99	99	99	99	99	99
1976	99	99	99	99	99	99	99	99	99	99	99	99	99
1977	99	99	99	99	99	99	99	99	99	99	99	99	99
1978	99	99	99	99	99	99	99	99	99	99	99	99	99
1979	99	99	99	99	99	99	99	99	99	99	99	99	99
1980	99	99	99	99	99	99	99	99	99	99	99	99	99
1981	-33.3	-32.3	-24.1	-9.6	2.6	11.1	14.5	10.8	2.1	-9	-28.5	-33.5	-10.8
1982	99	99	-24.1	-5.6	4	10.6	14.6	10.1	3.1	99	99	-34	99
1983	-36	-34.5	-17.3	-8	3	10.1	14.1	12.6	7.1	-13.1	-24.3	-37	-10.3
1984	-37	-34	-24.1	-7	7.5	10.5	15.3	9.8	2.8	-13.1	-27.3	-37.3	-11.2
1985	-40.81	-31.3	-21.6	-4.8	4.1	10.8	13.6	10.6	4.3	-10.5	-26.6	-39.3	-11
1986	-37.81	-29.8	-20.5	-9.1	1.3	12.3	14.61	11.6	5.1	-9.8	-24	-32	-9.8
1987	-39.8	-31.6	-21.6	-10	-0.6	10.8	11.8	11.3	1.5	-12	-31.1	-38	-12.4
1988	-37.3	-32.8	-21.5	-6.3	3.6	13	16.5	12.1	5.8	-7.1	-22.6	-29.3	-8.8
1989	-37.1	-27.3	-15.5	-7.6	2.8	12.1	14.3	10.5	2.6	-9.1	-23.8	-34	-9.3
1990	-38.8	-28.8	-14.1	-7.6	6.3	11.1	13.01	11	3.1	-5.1	99	99	99
1991	99	99	99	99	99	99	99	99	99	99	99	99	99				
1992	99	99	99	99	99	99	99	99	99	99	99	99	99				
1993	99	99	99	99	99	99	99	99	99	99	99	99	99				
1994	99	99	99	99	99	99	99	99	99	99	99	99	99				
1995	99	99	99	99	99	99	99	99	99	99	99	99	99				
1996	99	99	99	99	99	99	99	99	99	99	99	99	99				
1997	99	99	99	99	99	99	99	99	99	99	99	99	99				
1998	99	99	99	99	99	99	99	99	99	99	99	99	99				
1999	99	99	99	99	99	99	99	99	99	99	99	99	99				
2000	99	99	99	99	99	99	99	99	99	99	99	99	99				
2001	99	99	99	99	99	99	99	99	99	99	99	99	99				
2002	99	99	99	99	99	99	99	99	99	99	99	99	99				
2003	99	99	99	99	99	99	99	99	99	99	99	99	99				
2004	99	99	99	99	99	99	99	99	99	99	99	99	99				
2005	99	99	99	99	99	99	99	99	99	99	99	-35.9	99				
2006	-40.6	-34.9	99	-7.7	4.8	13.2	13.6	12.9	3.7	-9.7	-27.7	-36.6	-10.83				
2007	-29.5	-32.9	-21.1	-5.7	99	12.4	13.8	13.6	4.8	-7.6	-23.7	-33.3	-8.90				
2008	99	99	99	99	99	99	99	99	2.8	-5.5	-28.5	-36.9	99				
2009	-38.4	-36.0	-20.5	-6.9	4.5	11.6	14.4	13.0	5.4	-5.5	-27.7	-34.8	-10.25				
2010	-36.2	-31.6	-23.5	-9.2	6.7	14.2	15.5	11.7	2.3	-10.1	-23.3	-36.9	-9.86
2011	-33.0	-30.4	-19.8	-7.9	5.5	13.0	18.0	13.3	1.0	-5.6	-27.1	-38.6	-9.16
2012	-35.5	-36.1	-24.5	-6.4	7.4	14.8	16.6	10.9	5.3	-6.3	-27.7