1913	-15.00	-9.90	-4.00	5.10	9.90	12.80	14.60	18.80	15.50	7.60	-0.80	-10.10	3.48
1914	-11.60	-9.70	-2.80	4.00	9.90	13.50	18.80	19.20	16.50	9.60	-2.70	-10.00	4.55
1915	-18.10	-12.70	-6.80	2.10	6.50	12.30	16.50	19.40	15.30	7.80	-0.10	-8.30	2.68
1916	-12.00	-10.00	-5.60	3.10	7.70	14.00	18.00	21.80	15.40	9.30	-0.10	-10.70	4.44
1917	-16.30	-11.20	-4.60	3.60	8.90	13.90	18.50	21.20	16.10	9.30	-4.60	-11.50	3.68
1918	-15.10	-9.70	-2.70	3.90	9.20	12.80	16.50	19.20	16.00	8.40	-2.00	-11.00	3.75
1919	-18.30	-8.60	-2.50	3.20	8.20	13.10	19.00	20.40	16.10	9.80	0.40	-11.50	4.15
1920	-12.40	-14.60	-2.00	4.00	9.30	14.00	19.90	20.90	14.90	8.80	-0.70	-10.60	4.22
1921	-12.50	-10.30	-4.20	3.60	7.80	13.00	18.30	21.40	15.80	7.70	-3.40	-10.50	3.88
1922	-21.90	-7.70	-5.00	4.10	7.40	13.30	17.30	20.20	15.10	9.20	-5.00	-10.20	3.04
1923	-14.10	-10.10	-1.80	3.30	8.60	11.60	16.90	20.60	14.90	8.90	-1.80	-9.50	3.90
1924	-15.20	-13.70	-5.90	2.80	8.70	13.30	20.90	21.50	16.40	6.90	-2.40	-10.40	3.65
1925	-16.30	-12.60	-5.80	4.70	8.10	15.00	17.60	20.00	16.40	8.60	0.10	-11.00	3.78
1926	-15.00	-9.30	-3.40	3.00	9.40	12.50	18.00	19.50	17.10	5.80	-1.10	-12.70	3.79
1927	-14.70	-12.80	-4.70	3.50	8.60	12.90	18.80	19.80	15.30	10.00	-1.20	-12.10	3.57
1928	-15.60	-12.50	-4.10	4.40	8.80	12.70	18.20	20.60	16.50	8.10	-2.30	-13.30	3.56
1929	-15.90	-12.70	-4.70	3.30	7.10	12.80	18.80	21.20	14.50	8.20	-0.30	-11.40	3.25
1930	-13.80	-10.90	-2.50	3.80	9.30	13.30	18.80	20.10	16.20	9.70	-3.00	-10.20	4.13
1931	-16.10	-15.10	-2.80	2.10	7.40	9.70	14.30	20.00	15.00	8.30	-0.60	-10.90	2.67
1932	-8.60	-11.50	-4.30	3.50	7.20	10.80	14.70	18.00	16.00	9.20	-1.20	-8.10	3.58
1933	-16.40	-14.50	-5.80	3.40	9.20	13.50	18.70	19.80	16.30	8.90	-1.50	-9.40	3.63
1934	-14.70	-8.50	-4.80	3.80	9.60	13.30	15.60	19.10	15.40	8.20	-0.20	-6.40	3.95
1935	-13.40	-5.90	-2.20	3.70	9.00	12.30	17.30	19.10	16.00	10.90	-3.00	-13.00	4.78
1936	-17.70	-13.80	-5.30	3.50	8.30	13.60	17.00	19.60	16.20	8.80	0.10	-8.20	3.11
1937	-12.40	-10.20	-5.60	3.20	9.90	12.90	19.50	20.50	16.30	9.10	-1.00	-13.50	4.50
1938	-14.60	-11.80	-1.00	5.10	8.90	12.80	18.30	22.00	15.30	10.50	-1.40	-12.70	4.22
1939	-16.30	-10.40	-1.90	4.10	8.50	12.40	19.00	21.70	16.50	8.10	-0.70	-7.30	4.03
1940	-16.40	-10.00	-2.10	3.70	9.90	11.50	16.80	18.90	15.70	9.40	-0.10	-9.60	4.17
1941	-15.20	-11.70	-5.40	2.10	8.00	12.60	14.90	17.30	15.70	8.50	1.00	-10.50	3.18
1942	-14.30	-12.70	-1.60	4.90	9.10	13.20	18.60	18.90	15.30	8.40	-1.30	-11.20	4.00
1943	-13.00	-8.70	-1.50	4.70	8.60	12.90	18.10	20.70	16.60	10.30	-1.70	-9.60	4.65
1944	-13.80	-10.90	-1.80	3.30	10.10	14.10	19.20	20.80	15.80	9.20	-3.70	-14.40	4.39
1945	-17.70	-13.70	-4.30	5.00	6.10	10.80	14.50	19.00	16.00	8.90	0.40	-12.80	2.55
1946	-13.90	-9.70	-5.00	5.00	8.40	16.30	18.40	20.30	16.30	8.00	-0.40	-11.80	4.24
1947	-14.80	-12.10	-5.40	3.50	9.00	12.00	15.80	19.20	16.00	9.20	-3.90	-17.80	3.06
1948	-12.60	-9.70	-3.80	4.90	10.80	12.80	17.60	21.00	16.30	9.00	-0.40	-7.30	4.01
1949	-10.40	-8.60	-4.90	3.20	10.40	12.40	17.80	20.70	16.40	9.50	-0.60	-10.00	4.88
1950	-12.50	-10.30	-3.20	3.80	9.50	15.00	19.80	22.50	16.00	8.40	-3.20	-12.50	4.65
1951	-16.50	-11.00	-4.30	4.00	10.10	13.00	17.30	21.70	14.30	8.40	-0.70	-6.00	3.65
1952	-12.30	-14.00	-2.50	4.40	11.00	13.40	17.30	20.40	15.60	8.80	-3.40	-13.00	4.39
1953	-16.20	-10.40	-1.90	4.20	7.80	13.00	16.90	19.50	15.50	9.30	-4.20	-8.00	3.38
1954	-13.40	-9.40	-4.00	4.50	9.40	10.60	14.80	17.90	16.00	7.40	0.00	-12.10	3.82
1955	-13.10	-12.90	-5.70	3.80	7.50	12.70	19.30	21.50	15.80	8.50	0.20	-5.30	3.79
1956	-14.50	-13.00	-4.30	4.40	10.00	12.00	14.20	18.70	16.60	9.20	-4.40	-14.40	3.63
1957	-11.90	-13.30	-6.20	4.30	9.60	12.40	16.10	18.10	14.40	8.50	1.50	-8.20	3.26
1958	-14.00	-9.70	-4.00	3.70	9.00	14.20	18.50	19.60	16.20	8.40	0.80	-6.60	4.54
1959	-13.20	-6.70	0.30	4.40	9.80	12.10	16.60	18.80	16.20	10.00	-2.50	-9.90	4.93
1960	-15.70	-6.60	-3.60	3.00	8.20	10.80	17.10	19.80	16.50	6.90	-1.60	-11.60	3.74
1961	-14.30	-11.20	-2.30	4.50	10.00	14.40	19.70	19.80	16.00	8.10	1.30	-8.90	4.53
1962	-12.60	-9.50	-4.70	4.40	9.30	12.40	16.00	18.40	15.00	7.50	-4.60	-8.10	3.56
1963	-16.70	-12.00	-2.10	4.50	9.80	11.90	16.10	18.10	15.00	7.30	-2.40	-8.10	3.45
1964	-11.10	-13.30	-2.70	2.60	10.40	12.60	17.10	18.60	13.70	7.50	-1.60	-9.10	3.81
1965	-12.90	-12.40	-4.30	2.90	9.00	14.40	16.60	18.70	15.70	9.00	-1.40	-12.40	3.85
1966	-14.00	-11.00	-3.00	2.10	9.80	11.50	16.50	17.90	13.30	9.40	-0.90	-13.00	3.27
1967	-12.30	-8.70	-2.40	4.10	10.10	12.20	16.60	21.30	14.40	9.50	-2.70	-13.00	4.09
1968	-13.70	-12.10	-0.80	5.30	8.30	12.50	18.30	18.50	15.00	7.20	0.30	-7.20	3.82
1969	-15.30	-14.50	-4.00	3.40	8.30	12.20	17.00	18.40	14.50	7.70	-2.70	-12.10	3.15
1970	-16.40	-10.40	-4.80	4.10	9.60	14.30	17.00	19.00	16.20	7.70	-1.10	-9.80	3.59
1971	-12.60	-10.20	-4.40	4.40	7.40	11.20	15.80	17.30	14.10	8.90	0.50	-8.10	3.55
1972	-11.90	-11.70	-2.10	4.10	9.90	13.40	18.20	18.20	13.30	8.00	-3.00	-8.80	4.03
1973	-11.40	-8.10	-4.20	4.80	9.30	12.20	18.70	20.90	15.20	7.60	-0.90	-9.60	4.61
1974	-13.10	-11.10	-2.20	4.20	9.60	11.20	15.50	19.60	15.50	6.90	-2.00	-12.20	3.71
1975	-11.30	-10.10	-2.00	5.70	9.70	13.20	16.70	20.80	17.00	9.30	0.70	-10.50	4.79
1976	-11.80	-8.50	-2.10	4.70	10.20	13.10	18.20	18.40	14.20	7.10	-5.80	-12.20	3.93
1977	-18.40	-13.30	-3.00	3.10	8.30	10.60	18.50	19.30	15.70	8.70	-0.60	-9.20	3.06
1978	-12.70	-13.60	-1.90	4.30	9.90	13.80	19.50	20.80	15.90	6.40	0.00	-9.20	4.43
1979	-11.60	-10.10	-2.10	3.10	9.20	13.70	16.80	19.30	15.40	8.10	-2.20	-6.00	4.20
1980	-14.80	-11.60	-2.00	2.50	10.00	13.70	16.20	17.70	14.60	7.40	0.20	-11.60	3.99
1981	-13.80	-10.00	-2.70	6.20	9.10	11.40	18.30	18.50	14.30	8.50	-4.40	-7.40	3.65
1982	-12.20	-8.20	-1.50	4.20	10.10	14.50	17.20	19.90	15.30	7.90	-1.00	-7.20	4.90
1983	-10.40	-10.90	-2.20	6.10	9.90	9.10	15.20	19.50	16.60	7.30	-0.40	-10.60	4.38
1984	-14.60	-11.70	-5.30	3.00	8.80	14.40	18.50	20.10	15.00	6.70	-0.50	-10.60	3.65
1985	-16.60	-10.10	-2.00	4.50	10.40	12.80	18.30	20.30	15.70	8.20	-1.60	-12.30	4.11
1986	-14.60	-9.80	-1.80	4.20	9.20	12.40	14.30	18.60	15.00	6.50	-1.90	-7.80	3.32
1987	-14.80	-10.40	-4.00	3.90	9.70	14.10	18.10	17.40	14.50	8.60	-4.00	-9.40	3.78
1988	-9.60	-11.80	-2.80	3.60	8.40	13.80	16.50	20.60	15.70	9.00	-1.00	-7.70	4.42
1989	-9.40	-5.80	-1.40	7.00	10.40	12.30	16.70	21.20	15.50	9.00	-0.50	-9.70	5.61
1990	-15.20	-6.40	1.10	5.20	9.90	13.90	17.40	20.70	16.10	10.90	1.30	-7.10	5.43
1991	-12.20	-8.80	-2.60	4.30	11.40	15.30	17.70	19.30	16.40	99	0.60	-8.90	5.35
1992	-9.30	-7.40	-1.10	5.10	10.20	12.50	19.50	18.40	99	9.70	-2.50	-8.80	5.15
1993	99	-6.20	-0.70	5.10	8.90	12.00	16.60	17.70	15.70	8.90	-0.50	-8.20	4.80
1994	-14.60	-8.10	-3.10	4.70	10.10	13.40	19.40	22.00	16.70	9.80	1.00	-8.90	5.26
1995	-10.10	-7.10	-1.20	4.10	9.40	12.50	18.30	19.90	15.20	10.20	-0.20	99	5.18
1996	-11.00	99	-1.20	4.50	7.90	12.60	16.60	19.10	16.30	7.90	-1.20	-9.00	4.00
1997	-13.70	-7.00	-2.20	6.50	9.10	12.50	19.60	19.30	15.10	7.20	0.30	-7.40	4.81
1998	-14.30	-5.50	0.70	6.50	11.50	12.60	16.90	17.80	16.70	11.50	-3.80	-8.60	5.27
1999	-10.30	-8.50	-4.50	4.80	10.10	14.80	18.30	20.10	16.50	8.20	0.00	-8.40	5.08
2000	-15.10	-10.30	-1.80	3.80	8.90	14.50	18.80	21.00	16.00	8.90	-2.50	-12.40	4.48
2001	-16.20	-11.30	99	6.40	8.60	14.70	18.00	20.10	16.40	10.70	2.10	-9.50	4.57
2002	-9.40	-4.60	0.90	6.00	11.10	99	16.60	18.30	16.40	6.50	-5.10	-10.20	4.92
2003	-12.10	-7.70	-0.40	6.70	10.00	15.20	15.80	19.30	16.70	8.90	-0.80	-7.50	5.12
2004	-11.20	-6.70	-1.90	6.30	10.90	16.70	18.40	20.10	16.70	9.80	2.40	-10.10	6.17
2005	-11.80	-12.00	-3.10	5.20	8.50	14.40	17.00	20.40	17.00	9.50	0.90	-12.70	4.66
2006	-12.60	-8.80	-2.20	3.10	9.80	11.90	18.60	21.60	16.60	9.80	-0.20	-7.40	4.58
2007	-7.10	-4.70	-2.40	4.80	10.10	15.00	17.10	20.7	16.7	9.4	-0.5	-6.1	5.98
2008	-12.8	-7.7	1.1	6.4	9.5	14.6	19.1	20.5	17.2	10.6	-0.3	-7.4	6.01
2009	-10.8	-7.9	-2.3	6.3	11.7	12.4	15.8	19.9	15.6	9.5	-4.2	-12.1	4.88
2010	-12.3	-10.5	-4.8	3.6	9.6	16.8	18.7	22.3	16.5	8.0	-0.2	-11.0	4.63
2011	-14.8	-7.2	-2.2	4.5	7.6	13.3	18.0	20.9	15.6	10.3	-0.1	-10.9	4.58
2012	-15.0	-9.7	-2.3	3.9	99	12.7	18.3	19.6	16.9	9.1	-0.7	