1937	99	99	99	99	99	99	99	99	99	99	99	21.50	99
1938	21.00	20.90	20.50	21.30	24.30	27.40	27.80	28.20	27.80	27.10	23.50	20.30	24.28
1939	17.90	17.30	20.50	22.50	25.00	27.10	28.30	28.10	27.10	26.90	25.10	22.60	23.84
1940	20.70	20.90	22.00	22.20	25.00	26.60	28.40	28.50	28.60	27.30	23.60	22.50	24.70
1941	21.10	21.30	21.70	22.70	25.60	27.60	28.10	29.10	27.90	27.40	25.20	22.50	25.02
1942	21.30	21.30	20.90	21.10	24.20	27.30	28.40	27.90	28.20	26.70	24.40	21.50	24.52
1943	19.10	19.50	21.40	22.50	25.30	27.50	28.80	28.00	27.70	26.90	24.50	21.50	24.39
1944	19.70	19.60	18.70	99	24.60	25.70	28.70	28.30	27.60	27.60	23.60	21.30	23.89
1945	20.40	19.30	18.90	19.70	24.40	27.10	28.10	28.10	28.50	26.70	24.40	21.50	23.91
1946	19.40	20.30	21.40	23.60	25.10	27.60	28.50	28.20	28.30	27.00	23.50	22.90	24.53
1947	19.80	21.40	21.30	22.00	24.30	27.30	28.50	27.90	28.10	27.70	23.90	20.40	24.59
1948	20.40	20.20	20.70	24.30	26.10	27.70	28.20	28.50	28.60	26.60	23.70	21.40	24.62
1949	19.00	19.30	21.50	22.20	24.90	27.30	28.10	28.80	27.60	26.90	24.50	21.50	24.29
1950	19.90	20.60	20.00	22.50	25.00	27.90	27.70	28.70	28.50	28.40	25.60	22.70	24.69
1951	19.90	19.40	20.50	22.40	23.80	27.00	27.90	28.80	28.50	28.20	25.50	22.90	24.55
1952	21.50	20.90	18.80	21.30	23.80	26.90	28.40	28.40	28.70	28.20	24.90	20.30	24.56
1953	20.80	20.10	21.20	22.00	24.20	27.40	28.40	28.70	28.20	27.40	24.40	21.40	24.43
1954	20.60	21.30	20.70	22.90	24.30	27.10	28.10	28.60	28.80	27.10	24.40	22.30	24.61
1955	18.50	17.90	20.50	21.80	24.30	27.40	27.70	27.80	27.60	27.40	23.20	19.10	23.87
1956	20.90	18.90	20.40	21.70	26.40	28.10	27.70	28.30	27.50	27.80	24.60	21.50	24.28
1957	22.10	21.60	20.60	22.00	24.80	26.90	29.40	29.10	28.70	26.80	23.90	23.60	24.78
1958	21.90	22.00	21.90	23.10	26.40	28.60	28.70	28.10	27.50	26.50	24.30	23.50	25.22
1959	22.10	21.60	21.60	24.00	25.90	28.60	28.70	28.50	29.10	27.00	25.30	22.60	25.49
1960	18.90	18.40	20.70	22.70	24.40	26.80	28.40	28.60	28.90	27.40	24.40	21.20	24.35
1961	21.60	20.70	20.30	22.70	25.60	27.80	28.30	28.80	27.90	28.10	23.40	21.50	24.70
1962	20.40	19.40	18.80	22.80	24.90	27.00	28.90	29.40	28.60	27.70	25.50	22.80	24.58
1963	20.80	21.40	21.20	23.50	26.60	28.10	28.40	28.90	28.80	28.10	23.20	22.80	25.15
1964	99	19.40	19.80	22.20	24.90	26.70	28.60	28.90	28.30	26.30	21.40	19.00	24.15
1965	18.70	16.90	18.70	19.90	99	27.50	28.40	28.00	28.40	27.60	24.40	22.90	23.36
1966	99	17.80	20.10	22.70	26.40	99	29.20	28.70	29.00	26.90	99	21.30	24.62
1967	18.10	18.80	20.80	99	24.00	99	29.10	28.10	28.20	27.20	25.10	99	24.18
1968	19.50	99	20.10	22.20	23.60	26.30	28.80	28.40	28.20	26.20	23.10	21.60	23.88
1969	21.10	19.80	19.10	22.60	25.20	26.40	29.00	28.80	28.90	26.00	23.90	19.90	24.37
1970	19.10	20.80	20.00	21.60	24.50	27.60	28.90	29.30	28.20	26.50	23.90	20.30	24.19
1971	18.10	17.50	19.80	21.80	25.60	27.70	28.30	28.40	28.00	27.20	24.00	20.40	23.89
1972	20.60	19.00	21.90	22.50	25.70	28.20	29.20	28.10	28.70	99	24.20	22.50	24.67
1973	20.10	20.80	20.00	20.20	24.30	26.80	28.40	28.80	28.30	27.10	23.30	19.30	24.22
1974	18.70	99	20.20	22.20	25.20	28.20	28.10	28.80	28.10	27.30	23.30	19.90	23.97
1975	18.90	18.40	20.00	19.90	23.00	26.70	27.20	27.70	27.90	26.80	23.50	20.40	23.33
1976	18.80	20.40	21.70	21.50	24.90	28.30	28.50	28.80	27.90	26.60	23.20	22.40	24.25
1977	20.80	20.00	19.40	21.40	23.10	26.90	28.40	28.10	29.40	27.70	24.40	21.60	24.33
1978	21.20	19.60	21.70	22.50	24.50	28.40	28.80	29.00	27.70	27.20	24.00	20.10	24.68
1979	19.10	19.60	20.10	20.70	23.90	27.30	29.10	29.20	28.60	27.30	21.30	20.80	23.86
1980	19.60	21.20	21.60	21.50	23.60	28.60	29.40	28.40	28.10	27.20	23.50	21.40	24.46
1981	20.40	20.90	19.80	22.50	99	25.80	99	29.60	28.40	25.60	99	21.90	24.20
1982	99	99	99	23.60	24.80	99	99	29.10	99	27.30	23.50	21.10	99
1983	20.70	20.50	21.50	22.40	25.00	99	29.10	28.70	28.50	99	24.00	99	24.72
1984	21.10	20.10	21.30	22.80	99	28.00	27.80	28.20	28.20	26.50	23.00	21.80	24.54
1985	19.50	18.60	20.00	22.10	25.00	26.80	28.40	99	99	99	23.50	99	24.07
1986	99	20.20	21.40	99	25.10	27.30	28.40	99	99	26.10	24.20	99	24.39
1987	19.50	19.70	20.60	22.70	24.90	28.40	29.90	29.30	29.40	28.50	24.00	21.00	24.82
1988	19.30	20.80	20.80	21.20	24.20	26.90	99	29.00	99	27.90	23.20	19.90	24.25
1989	16.90	18.80	99	99	25.30	99	99	28.10	99	28.20	99	99	99
1990	99	99	99	24.30	99	28.10	28.40	99	99	26.90	99	99	99
1991	99	99	21.20	99	99	99	99	99	28.20	99	99	99	99
1992	20.30	20.50	99	99	99	99	99	99	99	99	99	99	99
1993	99	20.70	99	99	99	99	28.90	99	99	99	99	99	99
1994	20.80	99	22.10	23.00	25.20	28.90	29.70	29.10	29.40	27.50	99	22.50	25.28
1995	20.90	99	99	21.90	24.40	27.90	99	28.70	28.50	27.70	25.50	21.50	24.83
1996	20.30	21.70	21.30	23.70	26.70	28.80	28.90	28.50	28.60	27.60	24.30	21.00	25.16
1997	99	99	21.20	99	26.50	99	99	29.50	29.60	28.00	24.70	99	99
1998	21.20	20.40	21.50	99	25.00	29.30	99	99	28.90	28.50	24.30	99	25.11
1999	99	19.20	20.60	21.70	24.70	28.20	28.20	28.80	28.80	28.00	24.60	20.20	24.62
2000	19.10	20.30	20.50	22.50	99	99	99	28.80	29.00	27.30	99	21.50	24.39
2001	20.50	99	19.40	22.00	25.50	99	29.10	29.30	29.10	27.40	99	20.50	24.72
2002	19.90	20.80	21.70	23.60	26.80	27.80	29.50	99	99	28.20	99	21.70	25.12
2003	99	99	99	22.50	25.70	27.80	29.20	99	99	27.70	25.60	22.00	25.12
2004	20.10	20.00	22.40	24.00	99	29.40	29.40	29.70	28.60	28.00	23.50	21.60	25.31
2005	22.10	99	20.80	23.00	24.50	26.60	28.60	99	29.00	27.20	23.40	20.00	24.67
2006	19.90	20.20	21.00	99	25.80	29.30	29.50	99	28.10	28.30	25.80	22.20	25.06
2007	20.40	20.70	21.50	23.00	24.80	28.30	28.90	29.2	28.7	27.5	24.7	19.8	24.99
2008	17.9	18.8	19.8	22.8	25.4	27.8	28.9	28.6	28.7	28.9	25.5	22.3	24.41
2009	21.1	99	22.5	22.7	26.7	28.6	29.4	29.5	29.2	27.7	25.1	21.3	25.48
2010	21.9	21.0	21.8	23.8	25.3	27.7	28.4	29.5	28.8	27.0	22.6	19.9	24.93
2011	18.1	17.2	20.3