1916	99	99	99	99	99	99	99	99	99	14.50	12.80	12.70	99
1917	12.60	13.70	15.50	16.10	18.30	15.00	15.20	15.20	15.00	13.80	10.40	11.50	14.46
1918	11.90	14.00	13.60	16.80	17.80	15.60	15.20	14.90	14.90	15.10	13.90	12.50	14.60
1919	10.20	13.80	15.00	15.70	18.10	17.20	15.60	16.00	15.40	15.10	13.70	12.30	14.86
1920	11.10	14.30	16.60	18.10	16.30	15.80	16.00	15.60	15.40	14.70	13.60	11.90	14.98
1921	11.30	12.60	15.60	17.00	17.30	17.20	15.40	15.60	15.40	13.50	13.10	12.10	14.66
1922	12.50	14.20	16.00	17.70	18.10	15.60	15.50	15.70	15.50	14.10	13.70	12.20	15.06
1923	12.30	13.10	15.60	17.10	19.00	17.00	15.50	15.70	16.30	14.40	13.30	12.60	15.12
1924	11.80	13.40	17.10	17.60	17.40	16.40	15.60	15.80	14.80	14.00	12.10	12.00	14.88
1925	11.30	12.50	14.50	16.20	15.80	15.70	15.20	15.50	15.20	15.20	12.80	10.80	14.32
1926	11.60	12.70	15.90	15.40	16.40	16.60	16.10	16.00	15.40	15.00	12.40	12.30	14.53
1927	10.70	12.90	15.70	16.70	18.60	16.60	15.30	15.50	15.20	14.20	12.50	12.80	14.68
1928	11.40	13.80	15.90	17.00	17.50	17.60	15.80	15.50	15.60	14.70	12.60	11.70	15.02
1929	11.80	14.70	15.90	18.60	16.80	16.30	14.50	14.70	15.10	13.80	13.70	11.50	14.80
1930	11.80	13.00	16.40	15.00	16.80	16.00	14.80	15.10	15.80	15.10	12.60	12.00	14.49
1931	11.10	13.30	15.50	15.70	17.00	16.90	16.10	15.60	15.10	14.90	13.00	12.40	14.68
1932	12.40	14.10	14.90	16.20	17.50	17.30	15.50	16.00	15.80	14.30	10.90	11.50	14.78
1933	11.80	14.00	15.20	17.70	19.00	16.70	17.20	15.50	15.30	14.40	12.40	11.40	15.06
1934	11.80	12.90	12.60	14.80	16.00	17.50	16.00	15.40	15.60	14.10	13.10	12.50	14.27
1935	10.70	11.00	15.00	16.60	17.50	16.00	15.40	15.60	15.60	14.00	13.10	11.60	14.42
1936	12.40	14.10	16.90	16.10	16.20	17.70	16.40	15.70	15.60	14.90	13.80	12.00	15.12
1937	13.70	14.30	15.10	16.90	16.30	16.20	15.60	15.60	15.90	14.60	12.90	11.80	14.93
1938	12.30	12.50	15.70	16.40	17.20	16.20	15.70	15.50	14.80	13.80	13.40	11.00	14.61
1939	11.80	14.20	15.10	15.60	16.50	16.20	15.20	15.70	14.60	14.40	11.50	11.40	14.32
1940	10.40	13.20	14.50	17.50	16.00	16.90	15.60	16.20	15.40	15.00	13.50	11.70	14.63
1941	11.10	13.50	15.80	17.50	16.40	16.70	15.80	16.00	15.20	15.00	13.40	12.60	14.84
1942	11.60	14.90	15.80	17.30	18.20	17.10	16.20	15.40	15.00	15.50	13.10	12.60	15.22
1943	12.80	13.20	16.70	17.90	18.20	16.20	16.60	16.60	16.70	14.70	12.10	12.30	15.36
1944	12.00	15.00	15.80	18.20	17.00	17.50	16.70	16.20	15.70	13.10	14.20	11.90	15.31
1945	12.80	15.20	17.00	18.00	17.30	17.80	16.70	16.20	15.70	14.60	13.50	13.30	15.56
1946	13.00	13.90	16.60	16.20	18.80	16.30	16.30	16.20	16.60	15.50	14.60	12.80	15.61
1947	13.70	14.60	17.20	17.90	16.90	18.10	16.80	15.90	15.20	15.50	14.10	12.70	15.73
1948	11.80	15.40	18.10	16.60	17.80	17.70	16.50	16.70	15.90	15.10	15.00	14.00	15.78
1949	13.20	14.90	17.10	18.00	17.90	17.60	16.40	16.30	15.90	16.40	11.40	12.80	15.76
1950	12.70	13.70	15.70	16.90	18.50	16.70	15.60	16.30	16.20	14.20	12.30	11.20	15.13
1951	12.60	13.70	15.30	18.20	16.80	17.70	15.80	16.30	16.20	15.30	15.10	14.20	15.35
1952	14.10	14.60	17.80	17.10	17.00	16.20	15.90	16.20	15.20	12.70	14.60	12.70	15.47
1953	12.30	15.10	17.00	18.60	19.60	18.30	16.80	16.40	14.80	15.10	12.60	12.70	15.78
1954	13.10	13.80	17.50	16.50	17.00	17.10	16.00	16.10	15.70	14.50	13.10	12.00	15.26
1955	12.80	13.60	17.20	19.50	18.40	18.00	15.20	15.90	15.30	13.80	14.30	11.90	15.50
1956	10.80	14.90	16.90	18.50	16.30	15.70	15.10	16.10	14.60	14.70	13.40	12.80	14.91
1957	13.40	15.20	16.70	17.80	18.30	17.30	16.50	16.60	15.90	15.40	13.90	12.10	15.82
1958	10.50	13.60	18.10	19.20	16.50	17.30	15.90	16.40	16.30	16.00	14.50	12.30	15.53
1959	12.90	15.40	16.80	16.50	17.10	16.80	15.60	16.00	16.00	15.60	13.40	12.60	15.37
1960	13.50	14.10	16.60	17.60	18.50	18.60	16.70	16.90	15.40	16.60	14.50	12.60	15.97
1961	13.00	14.40	16.30	18.70	18.80	16.90	15.90	16.30	15.70	14.70	14.10	13.30	15.62
1962	13.30	16.10	17.60	16.10	17.90	17.70	16.40	16.60	16.20	15.70	13.50	13.40	15.87
1963	14.10	13.50	17.10	19.10	17.40	17.90	15.80	16.00	15.70	13.90	13.70	12.70	15.63
1964	13.40	16.40	17.40	19.20	18.00	16.40	16.10	16.90	16.30	14.00	13.90	12.40	15.89
1965	11.80	13.80	17.30	17.40	18.60	17.70	15.80	15.30	16.50	14.20	14.50	13.10	15.44
1966	12.50	14.10	14.50	17.40	19.20	17.80	16.50	16.50	16.10	15.10	12.50	12.50	15.44
1967	12.10	14.20	16.20	17.70	18.50	17.90	16.20	15.90	15.30	14.50	14.00	13.80	15.42
1968	12.70	12.90	15.50	17.10	18.10	17.40	16.00	16.50	16.30	15.70	14.70	13.60	15.56
1969	13.70	16.10	17.80	18.90	19.60	20.00	17.20	16.00	16.50	16.20	14.50	13.50	16.68
1970	13.10	13.80	17.90	20.60	18.10	16.90	16.10	16.80	16.20	16.60	13.40	13.40	16.08
1971	14.20	14.80	16.70	17.10	18.90	16.90	16.00	16.00	16.40	15.90	13.90	13.70	15.85
1972	13.40	14.00	15.60	18.80	18.30	17.30	15.80	16.00	16.50	16.10	16.00	13.60	15.96
1973	14.00	15.90	19.20	19.00	18.80	17.60	16.00	15.80	16.60	15.30	14.40	12.40	16.35
1974	13.90	14.40	16.20	17.00	18.60	16.50	15.30	16.50	16.10	14.40	13.50	13.90	15.40
1975	12.40	15.00	18.10	19.70	17.60	16.50	15.50	16.10	14.90	15.10	14.20	12.20	15.75
1976	11.80	12.70	17.00	16.80	17.40	17.10	15.80	15.40	16.30	15.50	13.50	14.00	15.12
1977	14.20	14.60	18.50	16.30	18.20	17.30	16.10	99	16.80	16.10	14.40	13.50	16.06
1978	13.90	13.60	15.70	19.20	19.30	15.30	16.30	16.40	16.30	14.80	15.10	14.50	15.78
1979	14.00	14.50	17.10	18.40	18.90	17.50	17.10	15.80	15.10	16.30	14.20	13.40	16.12
1980	13.30	14.70	18.60	17.50	19.10	17.90	17.40	16.50	16.40	15.90	14.20	12.50	16.24
1981	11.60	14.20	17.20	17.50	18.40	17.20	16.20	16.50	16.50	16.20	13.90	14.00	15.66
1982	14.80	15.00	17.90	19.80	18.20	18.90	16.30	16.70	17.00	15.70	14.90	13.80	16.60
1983	12.30	13.10	16.60	19.70	21.40	19.90	16.60	16.80	16.30	15.70	15.50	14.20	16.48
1984	13.50	14.80	17.90	20.30	17.00	16.90	15.50	15.70	14.80	16.00	14.20	13.30	15.90
1985	13.60	14.70	17.10	16.20	18.20	16.90	15.80	99	99	16.00	15.00	99	15.80
1986	99	15.00	15.20	17.70	18.00	16.60	16.10	99	17.40	16.40	15.90	99	15.81
1987	14.60	14.70	17.10	99	18.50	99	17.30	17.60	18.50	15.50	15.40	14.40	16.66
1988	13.40	15.60	16.70	19.40	19.40	99	99	17.00	99	99	16.10	13.90	99
1989	99	99	99	17.10	99	99	99	16.80	15.80	99	99	11.60	99
1990	99	99	99	18.10	99	19.20	17.70	99	16.80	16.10	15.80	99	99
1991	99	99	99	99	99	99	99	99	99	99	14.10	14.00	99
1992	13.50	99	18.10	99	99	99	99	99	99	99	99	99	99
1993	99	99	99	18.30	99	99	99	99	99	99	99	99	99
1994	14.00	99	18.30	18.10	18.90	17.50	16.90	99	99	99	99	99	99
1995	99	99	99	99	99	99	99	99	99	99	99	99	99
1996	99	99	99	99	99	99	99	99	99	99	14.70	14.60	99
1997	99	99	99	17.80	17.40	99	99	99	17.50	16.70	16.20	99	99
1998	14.20	15.90	18.70	99	22.70	20.80	99	99	17.70	16.00	16.70	14.80	17.73
1999	14.40	15.80	17.90	20.50	19.90	99	99	17.50	16.40	14.90	13.40	99	16.71
2000	14.00	15.60	18.00	19.40	18.60	99	17.30	16.60	99	16.50	99	13.40	16.62
2001	14.50	15.80	17.30	19.30	18.60	17.60	17.40	99	16.60	15.90	99	99	16.48
2002	14.50	15.10	99	99	19.80	18.30	99	99	99	99	99	99	99
2003	99	99	99	99	21.50	99	17.20	99	17.40	99	99	99	99
2004	99	99	99	99	99	17.20	99	17.60	99	99	15.30	99	99
2005	14.50	99	18.30	20.80	19.50	20.60	99	99	17.30	16.60	15.60	99	99
2006	99	16.00	99	99	18.50	17.80	99	17.20	17.40	17.30	99	14.10	99
2007	15.30	99	17.40	99	18.60	99	17.30	17.2	99	14.8	14.4	99	16.52
2008	14.5	16.5	17.6	18.8	19.7	17.4	16.9	17.6	16.4	15.4	14.3	99	16.64
2009	14.4	15.7	17.9	20.0	18.8	