1878	12.2	13.2	15.9	18.6	20.5	19.8	17.8	17.4	16.9	16.5	14.3	12.1	16.27
1879	12.4	13	15.5	17.8	19	17.7	17.4	17.3	16.7	15.5	13.6	13.1	15.75
1880	11.9	13.9	16.7	18.1	19.1	17.7	17.4	17.2	16.7	15.8	15	13	16.04
1881	11.6	13.1	16.1	18.6	18.9	18.6	17.8	17.5	16.7	16.5	15.5	12.7	16.13
1882	12.6	13.8	16.9	19	18.1	17.8	17.6	16.3	16.6	16.3	13.4	11.6	15.83
1883	12	13.4	15.2	17.9	17.9	17.3	16.8	17.1	16.6	16	14.2	11.8	15.52
1884	10.8	12.3	16	18.1	15.01	18.1	17.2	16.8	16.6	15.6	13.6	12.3	15.2
1885	11.9	13.2	16.6	16.9	17.6	18.1	17.1	17.2	16.7	16	13.7	12.1	15.59
1886	11.7	12.8	17.5	18.2	19.3	18.4	17.4	17.6	17	15.8	13.7	11.8	15.93
1887	99	99	99	99	99	99	99	99	99	99	99	99	99
1888	12.7	13.2	16.3	17.4	18.5	17.5	17.5	17.8	16.3	16.1	14.8	11.8	15.83
1889	99	99	99	99	99	99	99	99	99	99	99	99	99
1890	16	13.4	15.2	18.3	18.2	17.5	17.4	17.2	16.8	12.71	13.8	11.5	15.67
1891	99	99	99	99	99	99	99	99	99	99	99	99	99
1892	11.6	14.2	15.5	18.8	19.3	18.3	17.6	17.6	16.8	15.5	13	12.6	15.9
1893	11.2	14	15.2	18.6	18.4	17.6	16.2	17.1	16.8	15.3	14.3	11.7	15.53
1894	12.8	13.6	15.1	18.2	18.5	17.9	17	17.4	17.2	15.5	13.2	11.9	15.69
1895	11.1	12.7	15.6	17.9	19.1	18.4	17.6	17.8	17.3	15.4	15.3	12.9	15.93
1896	12.6	13	16.1	18.5	19.5	18.7	17.9	18.1	17.4	17.2	15.9	12.7	16.47
1897	13.1	15	17.9	18.8	18.9	18.4	17.8	18.4	16.7	16.9	15.6	13.5	16.75
1898	99	99	99	99	99	99	99	99	99	99	99	99	99
1899	12	13.6	16.9	18.1	20	17.5	18.1	18.6	17.4	17	14.8	13.3	16.44
1900	13.7	15.5	16.8	19.2	20	20.2	17.6	18.4	17.9	17.3	15.2	12.5	17.03
1901	99	99	99	99	99	99	99	99	99	99	99	99	99
1902	11.6	13.5	15.5	18	18.2	17.9	16.6	17.2	16.7	14.9	14.1	12.1	15.53
1903	12.2	14.1	15.5	17.8	18.6	17.1	16.7	16	15.9	14.7	13.2	11.5	15.28
1904	11.9	12.9	14.6	16.3	16.8	16.6	15.6	15.8	16.3	15.1	13.5	11.9	14.78
1905	10.7	12.8	13.4	17.6	19.5	17.1	16.8	17	16.3	16.4	15.8	11.2	15.38
1906	10.9	12	15.5	16.9	18.5	17.3	17.3	16.5	16.5	15.7	13.4	11.3	15.15
1907	11.9	12.8	15.1	17.3	18.2	17.6	16.8	16.6	16.4	15.8	14.8	12.3	15.47
1908	12.6	14.2	16.3	17.9	17.4	18.1	16.2	16.7	16.4	15.2	13.7	13	15.64
1909	11.7	13.3	17	18	19.8	18.4	18	17.1	15.5	16.2	14.9	13.9	16.15
1910	12.1	14.1	14.5	17.8	17.5	16.9	16.8	17.4	15.9	15.6	14.5	12.1	15.43
1911	12.6	14.2	16.3	18.3	16.8	17.9	16.5	17.7	17.6	16.5	16.1	13.5	16.17
1912	13.3	13.1	17.1	18.4	17.7	16.1	15.8	16.3	15.6	15.6	12	12.9	15.33
1913	12	13.8	15.5	15.6	15.6	15.71	15.01	16.5	16.7	16	14.4	13.5	15.03
1914	99	99	99	99	99	99	99	99	99	99	99	99	99
1915	99	99	99	99	99	99	99	99	99	99	99	99	99
1916	99	99	99	99	99	99	99	99	99	99	99	99	99
1917	13.2	14.1	16.6	17.1	18.6	17.7	16.3	16.5	16.6	15.3	12.4	12.7	15.59
1918	11.4	14.5	14.4	17	18	16.7	16.6	16.2	16.3	16.3	14.7	13	15.43
1919	11.1	14.4	14.9	17.5	19.3	18.1	17.2	17.4	16.3	16.5	14.9	13.3	15.91
1920	99	99	99	99	99	99	99	99	99	99	99	99	99
1921	12.1	13.8	16.5	18.2	18.5	18.4	16.9	17.2	16.6	15.6	15.3	13.8	16.08
1922	12.8	14.8	17.2	19	18.6	16.7	16.9	17.2	16.4	15.1	15.3	13.4	16.12
1923	13.1	14.3	17	19.1	19.5	17.8	17.3	17.6	17.5	15.4	14.9	14	16.46
1924	12.8	14.6	17.6	19.6	19.2	17.6	17.8	18	16.6	15.6	14.1	13.7	16.43
1925	12.8	14.2	16.7	18.3	17.8	17.1	17.5	17.8	16.7	17	14.9	12.4	16.1
1926	12.6	13.9	17.5	17.7	18.4	18.1	17.8	17.7	16.5	16.7	14.7	13.9	16.29
1927	12	14.5	17.3	18.4	20.3	18.2	16.4	17.6	16.4	15.8	14.9	14.2	16.33
1928	13.2	15.3	17.3	18.9	18.4	19.4	17.6	18	17.1	16.8	14.6	13.3	16.66
1929	12.7	14.9	16.7	19	18.6	17.9	17.2	17.1	16.5	15.8	16.1	13.5	16.33
1930	13	14.2	17.5	17.1	19.5	18	16.8	17.8	17.9	17	14.6	13.8	16.43
1931	12.6	14.8	16.8	17.7	18.8	18	17.4	17	16.3	17	14.9	14.2	16.29
1932	13.3	15.7	16.3	17.6	19	18.5	17.1	17.8	17.6	16.1	13.3	13.8	16.34
1933	13.6	15.5	16.5	19.5	20.2	18.2	17.8	16.5	16.6	15.8	14	13.6	16.48
1934	13.4	14.7	14.4	16.3	17.4	17.6	16.8	16.9	16.3	15.5	14.4	13.9	15.63
1935	12.7	12.4	16.2	18.1	18.8	16.9	16.7	16.9	16.6	15.7	14.8	13.2	15.75
1936	14.1	15.2	17.7	17.3	17.7	18.6	16.5	17.2	16.4	16.1	15.3	13.4	16.29
1937	14.8	15.5	17.2	18.7	17.7	17	17.1	17.4	17.2	16.7	15.2	13.7	16.52
1938	13.2	14.3	17.9	18.2	18.8	17.5	17.2	17.5	16.6	16	15.4	12.7	16.28
1939	13.5	14.9	16.2	17.6	17.9	17.7	17.2	17.2	16.6	16.3	13.7	13.3	16.01
1940	12.2	14.6	16.4	19.2	18.1	17.9	17.5	18.2	16.8	16.9	15.3	13.5	16.38
1941	13.2	14.5	16.9	19.1	18.4	18.8	17.8	18	16.9	16.6	15	14.5	16.64
1942	13.3	16.3	17.6	19.7	20.5	18.1	17.1	16.5	16.3	16.6	14.9	13.5	16.7
1943	13.6	14	16.8	18	18.9	17.4	17.9	17.3	17.3	15.6	13.5	12.9	16.1
1944	13	15.8	17.1	19.3	18.2	18.1	18.1	17.3	16.7	14.7	15.5	12.9	16.39
1945	13.9	16	17.8	19.33	18.73	19.1	18.13	17.3	17.2	16	15.1	14.1	16.89
1946	13.8	15	17.6	17.93	19.7	17.1	18.2	17.8	18	16.8	16	14.1	16.84
1947	14.4	15.4	18.3	19.5	18.1	18.8	18.2	17.2	16.6	17.3	16	14	16.98
1948	13.6	16.7	19.1	18.3	19.33	18.83	18.23	18.4	17.4	16.9	17.3	15.7	17.48
1949	14.1	16.2	19.1	19.63	19.3	18.4	18.03	18.2	17.5	17.9	13.8	14.7	17.24
1950	14.3	15.1	17.6	18.6	19.5	18.33	17.43	18.1	17.6	16	14.3	12.3	16.6
1951	13.5	14.4	16.8	19.6	18.9	19.2	17.4	18.1	17.5	17.5	16.3	15.1	17.03
1952	14.9	15.9	19	19	18	18	17	18	16.6	15	16.4	13.7	16.79
1953	13.2	16	18.1	20.3	21.3	18.7	17.5	18.7	16.3	16.6	14.3	14.3	17.11
1954	13.9	15.5	18.5	18.6	18.5	18.1	17.3	17.6	17	16.2	15	13.3	16.63
1955	13.8	14.6	18.5	20.7	20.2	19.4	16.5	17	16.2	15.5	15.9	13.2	16.79
1956	12.3	15.8	18.4	20	18.5	16.6	17.2	18.4	17.6	17.3	15.7	15.2	16.92
1957	15.4	16.4	18.5	19.7	21.2	20.1	19	18.5	17.3	17	17.5	14.2	17.9
1958	12.2	14.6	19.2	21.2	19	19.4	18.4	19.1	18	18.1	16.2	14.7	17.51
1959	13.8	16.4	18.9	19.3	19.7	19.1	17.9	18.2	18.4	18.11	15.9	14.4	17.51
1960	15.4	15.4	18.6	19.71	20.6	20.61	18.5	19.4	17.6	18.81	16.7	14.6	17.99
1961	14.5	15.3	17.6	20.3	20.4	18.8	17.7	18.4	17.4	16.7	15.8	14.4	17.28
1962	13.9	17.1	19	18.3	19.6	19.9	18.5	18.9	18.5	17.8	14.7	15.1	17.61
1963	15.1	14.9	19.1	20.5	19.5	18.9	17.4	18	17.5	16.2	14.9	14.2	17.18
1964	14.2	16.5	17.5	20.5	19.2	17.8	17.6	18	17.8	15.9	15.6	13.5	17.01
1965	13.5	14.8	17.9	19.1	19.7	18.6	17.7	17	17.7	16	16	14.7	16.89
1966	99	99	99	99	99	99	99	99	99	99	99	99	99
1967	13.8	15	17.2	18.3	19.4	18.5	17.7	17.5	16.6	16.8	14.8	14.2	16.65
1968	99	99	99	99	99	99	99	99	99	99	99	99	99
1969	99	99	99	99	99	99	99	99	99	99	99	99	99
1970	12.7	13.9	17.2	20.8	19.2	18.3	17.4	18.1	16.9	17.2	13.3	13.7	16.56
1971	99	99	99	99	99	99	99	99	99	99	99	99	99
1972	99	99	99	99	99	99	99	99	99	99	99	99	99
1973	99	99	99	99	99	99	99	99	99	99	99	99	99
1974	99	99	99	99	99	99	99	99	99	99	99	99	99
1975	99	99	99	99	99	99	99	99	99	99	99	99	99
1976	99	99	99	99	99	99	99	99	99	99	99	99	99
1977	99	99	99	99	99	99	99	99	99	99	99	99	99
1978	99	99	99	99	99	99	99	99	99	99	99	99	99
1979	99	99	99	99	99	99	99	99	99	99	99	99	99
1980	99	99	99	99	99	99	99	99	99	99	99	99	99
1981	99	99	99	99	99	99	99	99	99	99	99	99	99
1982	99	99	16.33	99	99	21.54	99	17.53	17	15.83	14	12.63	99
1983	12.8	12.5	14.83	17.33	20.13	19.83	99	16.83	16.6	15.63	99	13.13	99
1984	13.6	13.63	16.63	18.63	17.83	17.33	17.33	99	16.13	15.83	13.3	99	99
1985	12.6	14.63	16.63	18.13	99	17.13	16.53	17.53	99	99	14.1	99	99
1986	11.5	14	14.1	17.83	20.83	99	99	17.53	16.83	15.83	16.3	13.63	99
1987	13	15.1	16.3	17.6	18.53	18.5	17.63	17.1	18	14.6	14.6	14.6	16.3
1988	12.3	15.3	16.3	19	20	18.33	17.3	17.5	16.5	15.6	14.8	14.03	16.41
1989	13.8	13.5	16.1	17.6	99	17.8	17.6	99	16.8	15.3	16.1	99	99
1990	99	15.1	16.1	99	99	99	99	99	99	99	99	99	99