1949	16.30	19.60	24.40	23.30	28.30	27.30	99	26.70	99	99	16.90	99	23.22
1950	18.60	18.90	21.70	25.80	28.20	27.50	99	27.10	99	99	18.00	14.90	23.55
1951	14.60	16.50	99	24.10	27.30	29.10	28.10	28.20	25.50	23.00	18.40	18.00	22.52
1952	17.90	17.20	21.80	22.80	26.80	27.70	28.00	28.50	26.00	20.90	18.40	14.80	22.83
1953	15.40	17.70	23.30	24.90	27.80	30.30	29.20	27.70	24.50	21.40	18.20	12.90	22.93
1954	17.50	17.30	21.60	25.90	28.20	29.70	27.60	28.20	27.10	24.50	18.00	15.60	23.21
1955	14.70	17.00	22.80	25.70	28.60	28.60	27.40	27.30	25.70	23.40	19.10	15.90	22.99
1956	15.90	18.80	21.80	24.80	27.40	28.60	28.20	28.20	25.00	24.10	17.80	15.00	23.04
1957	18.60	20.30	19.30	24.50	26.40	29.80	30.30	28.70	26.10	23.20	18.30	16.10	23.38
1958	12.40	16.90	17.30	24.40	26.30	29.30	29.40	28.20	26.00	20.50	18.60	13.90	22.12
1959	15.80	16.30	19.30	24.10	27.60	29.40	27.20	27.40	26.90	22.20	17.70	14.50	22.32
1960	15.50	15.10	21.20	24.50	28.20	29.80	27.60	27.00	25.40	23.70	20.20	13.80	22.73
1961	12.30	15.60	21.80	24.80	28.60	27.80	26.70	27.60	26.80	22.90	18.90	17.30	22.30
1962	13.60	20.70	20.50	24.10	28.00	28.90	29.80	29.10	27.30	24.80	19.20	15.20	23.61
1963	15.20	16.50	22.70	26.90	26.80	28.50	28.60	27.70	25.30	22.50	18.20	14.10	22.84
1964	12.80	14.60	20.60	27.00	27.70	27.40	28.00	28.10	25.90	21.30	18.90	15.40	22.20
1965	15.40	15.30	20.10	25.70	28.20	28.70	28.30	27.00	26.40	20.70	20.30	15.30	22.62
1966	12.30	15.60	19.90	24.30	26.40	28.10	28.40	26.30	25.40	22.60	19.20	14.10	21.98
1967	13.20	16.70	22.70	27.50	28.30	28.70	27.80	25.90	23.70	20.90	18.50	16.40	22.33
1968	13.70	16.30	17.10	23.60	27.50	28.60	26.50	25.70	22.70	24.00	18.60	15.60	21.73
1969	15.40	17.80	18.50	25.40	27.30	29.90	29.80	28.30	26.00	24.70	17.80	14.90	23.04
1970	13.50	15.50	19.80	21.50	26.20	27.40	27.70	28.40	24.70	21.70	17.90	18.60	21.60
1971	16.70	18.10	99	23.60	27.30	26.90	27.80	99	24.60	22.10	20.40	17.60	22.75
1972	99	99	22.20	24.70	26.80	26.90	27.90	26.80	25.60	24.00	18.30	17.30	22.51
1973	14.50	15.20	21.00	23.40	26.60	27.30	27.90	24.20	25.80	23.40	21.70	15.00	22.36
1974	18.10	18.10	23.10	99	99	99	99	99	25.80	21.70	18.70	14.20	99
1975	15.30	17.80	99	26.90	29.70	29.90	26.50	26.10	23.10	22.20	18.90	99	22.81
1976	12.90	16.90	21.20	23.00	24.30	27.10	24.10	99	99	99	13.60	99	20.84
1977	13.90	14.70	17.90	21.80	26.50	99	26.00	99	25.30	99	15.00	14.60	20.62
1978	13.00	14.00	19.50	23.90	26.60	27.40	27.40	99	22.60	19.70	18.30	15.10	21.14
1979	14.00	16.50	20.30	99	25.50	26.30	28.00	26.00	23.80	22.60	15.60	14.00	21.41
1980	99	16.40	21.10	22.80	28.30	30.60	28.50	26.20	25.70	21.00	13.80	14.40	21.85
1981	11.80	16.80	99	22.90	99	27.70	28.90	28.00	26.40	22.60	99	14.30	22.32
1982	99	17.20	22.80	25.20	26.50	30.30	26.40	28.10	26.20	22.60	16.30	13.10	22.52
1983	12.30	15.20	18.80	22.70	26.80	99	28.10	26.40	25.80	22.50	18.70	15.80	21.55
1984	13.40	15.50	21.50	26.10	27.40	28.30	26.20	27.80	25.50	23.00	19.30	99	22.48
1985	12.10	18.20	22.00	24.20	28.10	27.70	99	99	99	23.30	20.10	15.10	22.82
1986	99	18.60	21.60	26.20	27.40	26.80	28.60	99	99	99	99	99	22.85
1987	13.00	15.80	18.90	22.60	22.40	99	26.10	27.20	25.90	21.70	18.00	99	21.07
1988	13.50	16.80	19.90	19.90	27.60	26.70	25.50	26.70	99	22.70	20.20	99	21.71
1989	17.00	19.40	20.40	99	28.50	29.60	28.60	99	99	22.90	99	99	23.69
1990	99	17.50	99	24.00	28.30	29.20	26.50	99	99	21.40	19.00	99	22.35
1991	99	99	99	99	99	99	99	99	23.60	99	16.80	99	99
1992	11.90	14.80	99	99	99	99	99	99	99	99	99	99	99
1993	99	18.70	99	99	99	99	28.50	99	99	99	99	99	99
1994	99	99	20.90	24.80	99	28.80	28.70	28.00	24.50	22.90	22.10	16.60	23.08
1995	99	99	21.40	24.70	29.70	29.50	99	28.00	26.00	22.60	19.30	14.70	23.24
1996	15.00	18.70	19.70	22.90	30.10	28.80	99	27.40	26.70	99	18.70	99	22.82
1997	99	99	20.40	99	99	99	99	99	27.80	99	99	99	99
1998	15.50	16.80	99	99	30.10	31.40	99	99	26.40	99	20.40	16.20	99
1999	15.20	19.80	22.20	27.30	99	28.20	28.20	28.20	27.20	22.10	18.10	13.70	23.52
2000	99	19.80	99	25.90	99	27.40	99	99	26.40	22.00	99	14.30	99
2001	99	99	99	99	27.90	99	99	29.00	26.40	23.20	99	15.20	99
2002	16.20	15.80	22.00	27.40	29.40	29.70	99	28.80	99	24.60	99	15.10	23.62
2003	99	99	21.10	25.40	99	29.60	27.60	99	25.30	22.30	20.30	14.30	22.98
2004	14.30	17.50	99	24.40	99	27.80	28.00	99	99	24.30	99	99	99
2005	16.80	16.90	99	25.00	27.50	30.60	28.70	27.40	27.70	23.90	99	15.30	23.49
2006	99	19.30	23.70	27.30	28.60	29.10	99	27.80	99	99	99	99	23.79
2007	99	18.50	22.40	25.50	27.80	99	27.50	28.3	99	23.9	19.3	17.3	23.29
2008	99	19.4	21.6	26.1	28.4	99	28.6	27.1	99	99	99	17.2	23.68
2009	99	99	99	99	28.8	99	30.4	99	99	24.4	99	99	99
2010	14.1	99	19.5	25.1	29.1	30.1	27.5	30.0	26.8	99	99	15.0	99
2011	99	17.7	24.6