1881	-10.20	-6.60	-1.50	6.80	20.30	22.50	25.50	26.40	19.80	13.10	2.40	1.70	9.31
1882	-3.10	2.40	3.20	10.90	13.50	20.50	21.00	22.60	18.70	13.50	4.20	-5.00	10.76
1883	-12.80	-7.90	0.60	11.50	13.80	20.50	24.20	21.70	15.90	9.60	3.80	-2.60	7.99
1884	-9.10	-6.10	1.40	9.40	16.10	21.90	23.20	21.30	20.50	13.30	3.30	-7.50	9.38
1885	-11.70	-9.70	1.40	10.20	15.90	21.60	25.40	21.20	18.00	9.90	4.50	-2.10	8.27
1886	-11.60	-4.00	2.10	12.20	19.00	22.80	26.90	26.00	19.40	14.50	2.70	-7.60	10.66
1887	-11.70	-6.80	2.30	11.40	18.90	22.40	25.30	22.60	18.10	9.60	2.70	-4.90	8.93
1888	-13.80	-5.00	-1.00	10.70	12.90	20.40	25.10	21.90	16.60	9.90	3.80	-0.90	8.05
1889	-5.00	-6.10	5.70	11.00	16.10	19.90	23.20	22.30	17.10	9.60	1.60	4.20	9.54
1890	-6.30	-2.80	-1.30	11.60	14.70	22.90	24.90	20.90	16.10	10.80	5.10	0.20	10.07
1891	-2.10	-4.90	-1.80	11.10	14.30	20.70	20.30	21.00	20.10	11.20	0.00	1.40	9.18
1892	-7.90	-1.60	0.90	8.30	12.70	20.60	23.20	22.30	18.80	12.90	1.60	-6.90	9.43
1893	-12.10	-8.10	0.80	7.80	13.80	21.90	24.20	21.10	19.00	12.70	2.10	-5.00	8.03
1894	-6.10	-6.40	5.90	11.70	16.70	23.60	25.40	24.40	19.30	12.00	1.40	0.30	10.24
1895	-8.50	-7.10	2.20	13.00	17.10	21.40	22.60	23.20	20.80	9.00	2.40	-2.70	9.70
1896	-3.90	-1.20	0.10	13.30	19.20	21.20	22.90	22.60	15.30	10.30	0.00	1.10	9.76
1897	-6.90	-2.90	1.60	9.70	15.40	21.10	24.70	21.30	23.20	14.80	2.40	-7.00	10.46
1898	-3.70	-3.30	4.20	9.90	15.80	22.20	23.30	23.10	19.60	9.50	1.10	-6.40	9.56
1899	-4.70	-9.20	-2.40	9.80	16.00	22.10	23.00	23.80	17.70	15.00	7.60	-4.80	9.36
1900	-2.50	-8.40	0.50	12.30	17.80	21.10	23.30	25.30	18.50	15.70	1.90	-2.00	10.06
1901	-3.30	-6.80	2.00	10.10	16.30	22.90	28.80	23.80	18.10	13.30	3.00	-5.70	10.52
1902	-4.30	-6.90	4.60	9.70	18.10	18.70	23.50	21.20	15.30	12.90	6.10	-5.40	9.43
1903	-3.80	-5.70	4.70	10.60	17.00	18.70	23.40	21.10	16.50	12.00	2.20	-5.30	9.28
1904	-9.20	-8.60	2.20	7.30	15.80	20.10	21.90	21.10	18.30	12.50	6.00	-3.80	8.51
1905	-10.80	-9.70	6.30	9.20	15.00	21.30	21.60	24.10	19.50	10.30	4.30	-1.80	8.94
1906	-2.80	-3.80	-2.00	12.00	16.50	20.80	21.80	23.70	19.80	10.80	2.70	-2.30	9.81
1907	-6.50	-2.50	6.00	5.60	12.20	19.50	23.90	22.10	17.60	10.80	3.60	-0.50	9.17
1908	-2.90	-3.40	4.20	10.90	15.70	19.90	23.50	21.80	20.10	11.50	5.20	-1.50	10.50
1909	-5.30	-1.50	0.70	7.10	14.90	20.90	22.50	25.40	17.50	10.60	6.90	-8.60	9.85
1910	-6.60	-6.80	10.60	11.60	13.50	21.20	24.00	22.80	17.80	13.40	1.70	-3.50	9.55
1911	-6.00	-1.80	4.60	9.00	18.60	25.10	24.90	23.00	19.20	10.10	0.00	-1.80	10.27
1912	-14.50	-7.10	-3.40	10.60	18.10	19.70	24.40	22.40	17.10	12.10	5.90	-0.40	8.62
1913	-4.90	-5.50	1.10	10.90	16.10	22.60	25.50	25.70	18.60	10.50	7.90	0.90	10.68
1914	-1.50	-7.00	2.70	10.00	17.60	23.40	25.70	24.20	18.60	13.90	6.00	-7.60	11.21
1915	-6.40	-0.40	-0.60	15.00	13.90	19.20	21.50	19.40	18.50	13.60	5.70	-2.50	9.32
1916	-6.40	-6.10	2.90	9.00	16.30	19.00	27.20	24.10	17.70	11.60	4.10	-5.80	9.74
1917	-6.90	-7.30	2.90	8.00	13.90	19.70	24.60	21.40	17.60	6.90	5.90	-8.70	8.41
1918	-11.40	-3.30	7.00	8.00	19.40	22.40	24.00	25.70	15.50	13.50	5.10	1.00	9.77
1919	-1.40	-3.30	3.70	9.40	15.20	22.80	26.40	22.80	20.30	11.00	1.90	-8.80	10.82
1920	-7.80	-3.90	4.10	6.40	16.00	22.30	23.00	21.70	19.80	15.50	2.90	-2.00	9.27
1921	-1.10	0.50	6.60	11.40	18.40	24.40	26.20	22.70	20.60	13.40	1.90	-1.30	11.92
1922	-5.40	-3.30	4.60	10.20	17.70	23.10	22.60	23.60	19.80	13.90	6.50	-3.80	11.00
1923	-1.70	-5.50	-0.50	9.90	15.70	22.00	25.50	21.70	18.20	9.80	5.50	1.90	9.73
1924	-8.50	-2.90	0.50	11.10	13.00	20.40	22.00	22.90	15.60	15.10	4.50	-8.10	9.63
1925	-5.60	-0.90	4.90	14.40	15.00	22.00	24.40	23.00	21.10	5.10	3.00	-5.20	9.86
1926	-3.90	0.70	0.50	8.60	18.40	19.70	24.40	24.10	17.60	11.50	1.60	-4.40	9.83
1927	-4.00	0.10	4.90	10.00	15.50	19.70	23.90	20.80	20.30	14.00	3.80	-6.20	10.38
1928	-2.40	-1.10	4.70	7.20	17.70	18.80	23.90	23.00	16.50	12.90	4.50	-1.40	9.96
1929	-11.50	-9.50	4.70	11.50	14.90	20.40	23.90	22.80	17.50	11.80	0.80	-3.00	8.82
1930	-11.10	3.20	3.20	11.80	16.00	21.00	26.70	24.10	19.90	11.10	6.10	-2.10	10.75
1931	-1.10	2.50	2.00	11.00	14.90	24.50	25.70	22.40	22.20	14.60	7.00	1.90	11.97
1932	-4.40	-0.20	-1.10	10.60	17.50	22.90	25.00	22.60	17.10	10.00	0.50	-5.40	10.20
1933	1.00	-4.50	2.80	9.90	16.40	26.40	25.40	21.90	21.20	10.40	4.10	-2.00	10.80
1934	-2.20	-3.20	1.50	10.80	21.50	26.20	27.90	24.10	16.10	14.40	5.90	-5.30	11.75
1935	-5.20	-1.00	5.20	8.90	13.10	19.40	27.00	23.70	18.80	11.00	1.90	-4.60	9.79
1936	-11.80	-13.50	5.00	8.60	19.90	21.70	29.70	26.70	20.60	11.00	2.40	-1.00	9.64
1937	-9.90	-6.10	1.00	9.20	17.20	21.40	25.10	25.80	19.50	11.00	1.50	-4.40	9.56
1938	-5.40	-0.30	7.50	10.70	15.90	21.60	25.90	25.10	20.40	16.20	3.80	-2.10	11.42
1939	-0.90	-6.10	2.90	9.50	20.00	22.50	25.60	21.90	21.20	12.50	5.10	0.90	11.01
1940	-12.20	-3.90	0.70	8.80	15.00	23.00	25.70	22.10	19.60	15.40	1.80	-1.20	9.74
1941	-3.80	-4.50	2.10	12.90	19.70	21.80	24.90	25.00	19.40	13.00	5.40	0.60	11.22
1942	-4.90	-4.30	3.90	13.20	15.90	21.70	24.30	23.10	17.00	12.70	4.50	-5.40	10.64
1943	-7.40	-1.60	-0.10	9.70	14.40	22.20	24.80	23.80	16.00	11.50	1.90	-2.80	9.15
1944	-0.50	-2.00	-0.40	7.60	18.50	22.50	23.70	22.70	18.70	13.00	5.20	-6.00	10.52
1945	-6.10	-2.80	8.20	9.90	13.40	18.20	23.30	23.30	17.90	11.80	3.90	-7.20	9.58
1946	-4.50	-0.50	9.00	13.10	14.30	21.90	24.10	21.10	18.10	13.80	4.40	-0.40	10.63
1947	-2.60	-7.40	0.20	9.10	13.40	20.10	23.80	28.00	20.50	16.90	1.20	-1.80	10.23
1948	-6.60	-4.60	0.40	13.10	16.00	21.30	24.80	24.40	21.10	11.60	5.00	-2.40	10.39
1949	-7.30	-6.30	2.10	10.30	18.40	23.60	25.20	23.40	15.80	13.70	6.20	-1.90	10.22
1950	-6.70	-4.80	0.10	6.60	16.20	20.80	21.70	20.40	18.50	15.50	1.20	-6.50	8.97
1951	-6.40	-3.60	-1.80	7.60	17.40	19.10	23.10	22.40	16.10	11.40	0.20	-6.30	8.25
1952	-5.80	0.10	0.80	10.30	15.90	24.30	24.30	21.80	19.00	9.40	4.00	-2.50	9.82
1953	-4.30	-1.30	3.40	7.30	15.90	23.50	24.40	24.10	19.20	15.10	6.20	-1.50	10.92
1954	-6.90	3.20	0.60	12.10	13.90	23.60	26.40	23.10	19.90	11.40	5.90	-1.50	10.97
1955	-5.70	-5.50	2.10	14.20	18.30	20.50	27.30	25.60	20.20	12.30	-0.40	-5.80	10.62
1956	-6.70	-4.20	1.80	8.70	17.40	24.50	23.80	23.70	18.30	15.90	3.40	-1.70	10.07
1957	-8.90	-0.70	2.70	10.00	15.60	21.30	26.60	23.70	16.70	10.20	2.00	0.10	9.79
1958	-4.00	-8.30	1.60	10.10	17.80	19.50	21.80	23.60	18.50	13.40	5.40	-4.90	9.96
1959	-8.70	-4.60	2.40	9.70	17.20	22.70	23.30	25.50	18.00	9.80	-0.20	1.10	9.18
1960	-5.50	-6.00	-5.50	11.00	16.10	20.50	23.50	23.70	19.20	12.30	4.90	-3.40	9.61
1961	-5.40	-1.00	3.10	7.10	14.80	21.10	23.10	23.00	16.80	13.00	2.90	-6.20	9.59
1962	-10.10	-6.10	-1.30	9.30	20.40	21.70	23.20	23.20	17.10	13.60	4.70	-4.00	9.12
1963	-12.30	-6.70	4.60	11.20	15.70	23.20	24.60	22.20	19.00	18.20	6.40	-9.00	10.18
1964	-1.90	-2.40	-0.10	9.80	18.60	21.20	25.20	21.30	17.70	10.70	5.40	-4.70	9.71
1965	-7.50	-6.10	-4.70	9.10	18.90	21.20	23.80	22.60	16.10	13.00	5.00	1.80	8.89
1966	-9.90	-3.60	5.00	7.80	14.30	21.20	25.90	21.60	17.00	11.90	3.70	-3.70	9.72
1967	-4.20	-5.20	4.60	10.60	14.10	20.70	22.50	21.20	16.90	11.00	2.70	-1.70	9.27
1968	-5.50	-4.90	6.10	11.00	14.20	22.50	23.70	23.00	17.60	12.40	1.90	-5.50	10.03
1969	-8.50	-3.30	-2.10	11.30	17.20	19.40	24.30	23.80	18.80	9.90	4.00	-4.40	9.11
1970	-10.50	-2.70	0.30	10.90	18.60	22.30	24.60	23.30	18.50	11.80	3.80	-2.20	9.71
1971	-9.30	-5.10	1.60	11.10	14.70	24.80	22.30	22.80	20.00	15.60	4.10	-2.20	10.03
1972	-8.60	-6.50	2.70	9.30	16.90	21.20	23.20	22.40	18.10	8.90	1.10	-7.60	8.88
1973	-5.60	-2.50	7.40	9.40	15.30	23.00	24.50	24.70	18.50	14.80	4.60	-5.60	10.54
1974	-7.10	-2.40	4.10	11.50	15.50	20.40	27.00	21.50	15.90	12.80	4.00	-2.30	9.80
1975	-5.40	-5.50	-1.00	8.10	18.60	22.20	25.30	24.90	16.40	13.80	6.20	-1.40	10.11
1976	-5.30	1.00	4.10	12.80	15.70	21.70	24.90	23.00	18.50	9.00	0.10	-5.90	10.34
1977	-12.40	-1.40	6.90	14.50	20.60	23.50	27.00	22.10	19.00	11.30	3.70	-5.10	10.74
1978	-11.90	-10.60	0.50	10.10	16.20	22.50	24.10	23.70	21.20	11.10	3.70	-5.20	8.79
1979	-13.80	-10.30	1.60	8.10	16.10	21.10	23.40	23.30	19.10	12.20	3.10	-0.40	8.22
1980	-5.00	-6.10	1.30	10.90	17.30	21.60	26.40	24.40	19.10	9.60	5.10	-3.20	10.35
1981	-3.70	-1.40	5.80	14.00	15.60	22.50	24.30	22.20	18.70	10.70	5.80	-3.80	10.94
1982	-12.60	-5.00	1.80	8.20	18.00	19.40	24.80	22.80	18.20	12.40	3.40	-0.20	8.97
1983	-2.70	0.10	4.00	7.30	14.60	22.70	27.10	28.40	19.70	11.30	4.70	-12.40	11.42
1984	-7.00	1.80	-0.60	9.20	14.70	22.80	24.30	25.20	16.80	11.40	4.10	-2.60	9.19
1985	-9.20	-5.60	5.50	12.80	18.30	20.10	24.60	22.10	18.10	11.40	-1.30	-10.50	9.52
1986	-3.00	-5.80	5.70	12.10	16.90	22.80	25.00	20.50	19.50	11.40	0.60	-1.90	9.60
1987	-3.00	2.00	5.90	12.60	19.20	23.60	25.70	22.10	18.30	8.80	6.10	-1.30	11.62
1988	-7.00	-5.90	4.40	10.70	19.50	24.10	25.70	25.90	19.30	8.70	4.20	-1.90	10.69
1989	0.20	-9.40	2.70	11.20	16.00	20.40	24.90	22.80	16.70	12.20	2.10	-8.50	9.82
1990	-0.30	-0.60	5.50	9.90	14.20	21.90	23.10	23.50	20.00	11.20	6.40	-5.30	10.53
1991	-8.60	0.70	5.60	11.80	19.10	23.60	24.30	23.00	18.20	11.20	-0.80	-0.90	10.23
1992	-0.90	1.50	5.70	9.30	16.60	21.20	21.70	20.10	17.20	11.80	1.50	-2.90	10.40
1993	-6.10	-6.00	1.10	8.30	16.00	20.50	23.10	23.10	15.00	10.10	2.40	-2.10	8.72
1994	-10.60	-5.90	4.70	10.50	16.90	22.40	22.50	21.70	19.20	12.80	5.60	-0.90	9.81
1995	-6.10	-2.00	4.40	8.40	15.00	21.70	24.80	26.40	17.20	11.70	0.60	-3.30	10.10
1996	-8.30	-3.90	0.30	8.90	14.20	21.70	22.50	22.20	16.70	12.00	0.00	-5.60	8.58
1997	-8.10	-2.50	4.70	7.80	13.30	22.30	24.20	22.20	19.20	12.00	1.40	-1.70	9.24
1998	-3.30	2.50	1.10	10.30	19.20	20.00	24.20	23.90	21.40	12.20	5.60	-0.90	11.28
1999	-6.70	1.70	3.90	10.60	16.10	21.70	26.70	22.50	17.00	12.00	8.60	-1.20	11.10
2000	-3.60	2.50	7.20	11.10	18.30	20.60	23.10	24.20	19.50	14.50	0.90	-11.40	11.43
2001	-4.80	-6.40	0.30	13.40	16.70	21.40	25.60	23.90	17.50	11.20	10.00	0.30	9.78
2002	-0.60	0.00	1.40	10.30	15.00	23.60	25.90	22.50	20.00	8.60	2.30	-0.30	10.78
2003	-6.10	-5.60	3.10	11.40	16.20	21.40	24.70	25.30	17.50	12.80	3.40	-0.60	10.32
2004	-7.00	-3.90	5.90	12.20	17.80	20.30	22.50	20.40	20.20	11.90	5.80	-1.40	10.46
2005	-5.80	0.70	4.20	13.30	15.70	23.60	25.30	24.10	21.20	12.60	5.60	-4.70	11.59
2006	2.00	-2.40	4.10	13.70	17.50	23.00	26.10	23.70	17.10	10.10	5.60	1.50	11.32
2007	-4.50	-7.40	7.40	9.40	19.10	22.60	24.90	25.2	19.3	14.0	3.9	-4.7	11.28
2008	-7.0	-6.8	2.0	8.8	15.8	21.9	24.1	22.6	18.6	12.2	3.9	-5.8	9.28
2009	-7.9	-1.1	5.2	10.5	17.1	22.5	22.2	22.5	19.6	8.7	8.3	-5.2	10.15
2010	-8.4	-6.6	5.5	14.9	17.1	23.4	25.7	25.5	19.2	14.3	5.0	-4.8	10.97
2011	-7.4	-2.9	4.1	11.0	17.2	22.6	27.6	24.6	17.8	13.6	5.9	0.5	10.78
2012	-0.8	0.3	13.2	13.4	20.3	24.3	29.1	24.2	19.1	11.5	6.4