1822	-2.83	-0.83	6.13	11.73	17.83	21.83	26.23	24.13	22.03	15.53	9.53	1.83	12.76
1823	-0.03	-3.33	2.83	10.23	15.33	21.03	24.33	23.43	18.23	11.43	3.83	1.93	10.77
1824	2.2	0	3.5	10.3	14.8	20.6	23.51	21.71	18.3	13.2	6.3	4	11.54
1825	0.8	0.7	6.9	11.2	17.3	24.13	27.83	23.73	20.13	14.3	7	0.2	12.85
1826	-1.3	0	3.6	6.7	18.7	21.4	24.8	24.8	20.8	14	6.9	1	11.78
1827	-4	0.4	4.5	11.6	15.7	20.7	24.6	23.9	19.8	13.7	4.7	1.1	11.39
1828	1.3	5.6	5.3	7.8	16	22.8	24.1	25.1	19.7	12.3	7.6	4.1	12.64
1829	-2.4	-3.3	3.7	11.7	18.1	22.1	23.6	24.3	18.2	13.1	7	5.6	11.81
1830	0.2	0.3	5.4	12	16.1	21.7	26.4	25.4	19.9	15.2	11	3.2	13.07
1831	-3.1	-2.8	6	10.4	16.6	23.8	25.1	25.1	19.8	13.4	6.7	-5.01	11.33
1832	-1.5	0.6	4.3	9.5	13.8	19.9	23.3	23.3	19	12.7	7.5	2.8	11.27
1833	2.1	-0.2	2.6	11.1	16.3	19.3	24.1	21.8	18.6	11.6	5.7	1.8	11.23
1834	-1.7	3.3	4.6	9.6	14	19.7	25	22.5	18.3	11.3	5.4	-0.3	10.98
1835	-1	-2.3	2.4	8.1	15.1	19.9	22.9	21.4	16.3	14	7	-1.6	10.18
1836	-1.9	-5.4	0.5	7.2	14.8	17.2	23.2	20.3	18.2	8.1	4.1	0	8.86
1837	-2.7	-0.8	2	8.2	13.3	18.5	21.2	20.7	17.2	12	7.1	2.4	9.93
1838	1.8	-4.4	3.6	7.2	13.8	21.7	25.5	24.1	19	11.3	4.8	-1.2	10.6
1839	-0.4	0.3	4.1	10.3	14.7	17.8	23.2	22	19.7	13.9	4.8	2.4	11.07
1840	-4.2	2	5	11.2	14.8	19.8	22.8	23.3	18.2	13.3	6.8	-0.5	11.04
1841	-0.3	-1.8	3.4	8.2	14	21	23.7	23.4	20.7	11.5	7.6	1.4	11.07
1842	1.3	3.8	7.4	11.2	15.1	20	24	23.1	19.9	11.3	4.4	0.5	11.83
1843	2.9	-3.1	-0.5	8.9	15.5	22.2	23.8	23.9	20.4	12.5	5.1	2.7	11.19
1844	-3	-0.9	4.2	12.4	17.8	21.1	24	23.1	19.2	12.3	6.7	1.5	11.53
1845	2.1	0.4	6	10.8	16.2	22.2	25.2	24.9	19	13.3	8	-1.7	12.2
1846	0.1	-2.2	4.5	10.6	16.2	20.1	22.7	23.3	21.3	12.6	9.4	1.5	11.68
1847	0.6	0.2	2.6	10.1	15.7	22	24.6	22.8	18.6	11.2	8.2	3.7	11.69
1848	1.4	0	2.7	10.5	16.7	21	23.9	23.5	17.8	12.7	4.7	4.5	11.62
1849	-3	-3.7	3.6	9.1	13.2	21.2	23.1	22.8	18.3	11.8	9.4	0.5	10.53
1850	0.8	1.2	2.7	7.1	12.8	20.7	24.3	22.1	18.3	12.5	7.7	1.1	10.94
1851	0.5	1.3	4.7	9.9	15	20.6	24.6	23.7	20.3	14.5	6.1	-2.2	11.58
1852	-3.9	-0.3	3	6.9	16.1	21.3	25.2	23.3	18.1	13.5	5.7	5.1	11.17
1853	0.5	1.2	4.6	9.3	16.1	22.2	23.1	23.5	19.5	11.5	7.2	1	11.64
1854	-1.4	-1.7	2.7	7.7	16	20.7	24.8	23.1	19.5	13.6	6.9	-2.1	10.82
1855	0	-4.1	2.6	8.5	15.2	20.5	24.1	21.7	19	12.6	7.4	1.9	10.78
1856	-4.9	-4.1	-0.3	10.3	14.6	22.1	25.5	22.5	19.7	12.5	6.3	0	10.35
1857	-6.5	1.7	2.2	6.7	15	20.8	23.7	23	18.6	12.2	6.2	3.1	10.56
1858	2.2	-3.81	2.1	9.2	13.8	22.7	24.1	22.5	19	14.1	4.9	0.9	10.97
1859	-1	1	7	9.5	16.5	20	23.3	23	18.1	14	7.8	-0.7	11.54
1860	-0.7	-1.3	5.5	8.9	15.9	21.5	24	23.6	18.2	13.6	8.2	-0.3	11.43
1861	-1.3	2.3	3.6	10.3	14.1	21.6	24.11	22.6	19.7	15.7	7.2	2	11.83
1862	-1	-0.7	2.5	9.1	16.6	20.6	23.7	24	18.8	14.6	7.1	1.3	11.38
1863	1.5	0	1.1	9.4	17	20	25.1	25.3	17.8	13.2	8.5	0.8	11.64
1864	-0.4	0.7	5.7	9.1	17.7	21.5	23.8	25	18.1	12.7	8.2	2.6	12.06
1865	-3.7	-0.2	6.7	11.7	16.7	23.7	24.5	23.1	22.3	12.7	8.1	3.3	12.41
1866	-2.1	0.1	3.5	11.2	15	21.6	25.6	20.6	20.1	14	8.3	1.1	11.58
1867	-3.9	3.3	2.8	10.2	14.1	21.8	23.3	23.7	19.6	13.5	7.2	-1.5	11.18
1868	-3.3	-4.9	3.3	7.5	13.7	20.4	26.2	24.3	19.6	11.7	6.7	-1	10.35
1869	2.1	1.81	2	10	14.7	21.11	23.11	22.51	19.1	10.9	5	1.9	11.19
1870	3.4	0	1.6	10.8	16.5	23.1	25.2	24.4	20.2	14.1	7.9	1.6	12.4
1871	-1.7	-0.6	7.2	11.5	16.2	20.5	22.8	23.5	16.4	13.5	4.2	-1.2	11.03
1872	-1.4	-0.8	-0.4	10.1	16.8	22.2	25.7	24.6	19.5	12.2	5.4	-2.5	10.95
1873	-1.5	-1	2.5	8.6	15.3	21.7	24.5	22.6	19	13.6	3.2	2.9	10.95
1874	1.6	0	3.2	5.5	15.3	21.6	23.7	21.6	19.8	13.2	6.7	1.4	11.13
1875	-4.2	-3.4	1.6	6.6	16	21.1	23.7	23.1	18.2	12.4	4.5	1.5	10.09
1876	2.39	0.11	1.44	8.5	15.67	23.17	26.22	24	17.67	10.5	7.28	-3.89	11.11
1877	-2.39	2.83	2.28	8.83	15.28	21.17	24	24.17	19.5	13.22	6.78	3	11.56
1878	-1.17	0.17	6.78	12.06	15.17	19.78	25.44	23.5	20.11	14.83	6.72	0.67	12
1879	-3.33	-2.28	4.33	9.5	17.17	21	23.89	22.22	17.28	15.78	6.06	2.72	11.22
1880	4	2.5	2.67	9.78	19.72	22.33	23.72	22.5	19.56	11.89	3.83	-3.11	11.61
1881	-4.11	-1.94	2.67	8.17	16.72	18.33	23.17	23.11	22.94	14.5	7.17	3.89	11.22	
1882	-2.06	1.5	4.5	8.56	13.39	21.94	24.17	22.89	19.5	13.94	3.89	-0.78	10.94	
1883	-4.22	-1	0.28	8.5	16.06	23	23.5	21.06	16.56	11.06	6.56	-0.22	10.11	
1884	-4.17	1	2.78	8.89	15.67	21.39	22.28	23.17	22.11	14.17	6.72	0.89	11.22	
1885	-1.61	-5.22	-1.06	9.39	15.11	20.83	25.56	22.17	17.72	12.11	6.94	1.83	10.33	
1886	-3.33	-2.06	3.22	11.94	15.78	20.33	24.06	21.17	18.78	12.83	6.89	-1.28	10.72	
1887	-2.06	-0.06	0.06	7.94	18	21.17	26.17	21.33	16.56	11.33	5.11	0.78	10.5	
1888	-4.89	-1.56	-1.17	7.78	14.56	21.94	21.61	22.67	17.22	9.17	7.33	1.5	9.67	
1889	2.06	-2.17	4.44	10.56	17.67	21.5	23.28	21.61	18.5	9.78	7.06	4.28	11.56	
1890	3.11	3.56	2	9.89	16.06	21.5	22.94	22.83	19.67	12.72	6.78	-1.11	11.67	
1891	1.11	2.61	2.39	10.06	14.67	22.22	22.78	24.44	22.33	12.78	6.56	5.83	12.33	
1892	-0.17	0.83	1.22	9.39	15.39	23.39	24.22	23.78	18.28	11.83	6.28	0.11	11.22	
1893	-4.61	-1.28	1.89	8.33	14.61	20.39	23.44	23.39	17.5	13.5	6	1.61	10.39	
1894	0.94	-2.11	6.06	9.67	16.28	21.61	24.06	21.67	20.61	13.06	5.17	2.61	11.61	
1895	-1.33	-4.17	1.94	10.06	17.67	23.22	22.83	24.5	22.06	11.28	8.83	3.56	11.72	
1896	-1.11	-0.28	0.39	11.72	19.56	21.28	25	24.72	19.67	12.06	10	1.39	12.06	
1897	-0.67	0.72	4.94	10.33	16.39	19.72	24.94	23	19.5	13.78	7.61	3.67	12	
1898	1.83	2.33	7.94	8.83	15.06	22.11	24.94	24.33	21.61	15.28	7.67	1.67	12.78	
1899	-0.39	-2.11	3.44	9.89	17.11	23.72	25	24.39	18.94	15	7.94	3.39	12.17	
1900	0.22	-0.83	0.83	10.22	15.33	21.78	25.39	25.11	21.61	16.39	9.5	1.39	12.22	
1901	0.33	-3.11	3.5	9.11	14.39	21.72	25.83	24.17	20.22	13.39	4.22	2.11	11.33	
1902	-0.67	-1.33	6.61	10.61	15.17	19.56	22.89	22.44	19.17	14.39	10.83	0.17	11.67	
1903	-0.83	0.83	9	11.5	17.61	17.94	23.94	20.78	19.56	14.56	5.94	-0.28	11.72	
1904	-3.72	-3.89	2.33	8.22	17.89	21.5	24	22.83	19.56	12.22	5.78	-1	10.5	
1905	-1.56	-4	4.72	10.11	16.39	21.22	25.39	23.83	21	15.22	6.61	3.78	11.89	
1906	3.56	0.28	1.78	11.28	17.39	23.39	25.56	25.28	21.39	14.17	7.72	1.17	12.72	
1907	1.61	-3.39	5.89	8.33	13.56	20.5	25.33	23.28	21	11.56	7.83	3.72	11.61	
1908	0.5	-2.56	5.06	11.39	17.72	22.78	26.67	24.33	20.5	15.94	8	3	12.78	
1909	1.39	3.22	3.44	9.22	16.33	22.39	23.28	22.5	19.67	12.72	9.83	0.28	12	
1910	-0.28	-1.28	6.44	13.06	16.5	20.5	25.28	22.44	20.89	15.28	5.89	-1.28	11.94	
1911	2.33	-0.44	1.56	8.83	18.06	21.17	25.39	22.94	19.83	13.33	5.72	4.17	11.89	
1912	-4.61	-1.78	3.06	10.22	16.78	20.94	24.22	22	19.22	15.11	8.78	4.06	11.5	
1913	4.89	-0.39	7.11	11.33	15.89	21.39	24.5	22.94	18.11	14.78	8.5	3.72	12.72	
1914	-0.28	-3.67	2.5	8.83	18.06	20.33	22.22	23.72	19.39	15.22	6.89	-0.22	11.06	
1915	1.39	2.17	2.61	12.44	15	20	23.28	21.89	21.11	14.22	7.94	0.78	11.89	
1916	2.22	-2.33	0.22	9.11	16.33	18.72	24.11	23.78	19.67	14.28	7.44	1.11	11.22	
1917	0.44	-2.06	4	9.11	12.39	21.28	24.39	24.5	17.56	11.67	5.33	-3.44	10.44	
1918	-5.72	-0.89	5.61	10.39	18.5	19.89	23.67	24.72	17.67	15	8.06	4.11	11.72	
1919	2	1.61	6.22	10	16.67	21.61	23.94	21.72	19.78	15.11	7.33	-1	12.11	
1920	-4.78	-1.94	4.39	8.94	14.83	20.67	23.22	23.44	20.28	16.17	6.83	2.89	11.22	
1921	0.67	1.06	9.11	13.39	16.22	21.72	25.17	22	22.28	13.5	7.06	0.17	12.67	
1922	-2.11	0.89	5	10.83	18.11	22.11	23.17	22.39	20.11	14.5	7.61	0.83	11.94	
1923	-1.17	-3.17	2.67	10.17	15.56	23	23.17	22.5	20.17	13.33	7.33	5.56	11.61	
1924	0.33	-1.78	3.94	9.5	14.06	19.89	23.39	23.44	17.83	13.89	6.89	1.11	11.06	
1925	-2	3.22	6.78	11	15.28	23.5	23.06	22.94	20.44	10.33	6.61	1.56	11.89	
1926	0	-1.56	1.89	8.5	15.61	19.33	23.89	23.28	18.72	12.83	7.17	-1.72	10.67	
1927	-0.61	2.44	6.11	9.22	15	19.61	23.33	20.28	19.94	15.28	9.56	2.61	11.89	
1928	1.11	0.56	3.78	9.22	15.17	19.67	24.39	24.11	18.06	14.89	8.56	4.06	11.94	
1929	-0.06	0.5	7.28	10.5	16.5	21.94	24.39	22.83	20.78	12.56	7.89	2.11	12.28	
1930	0.72	2.78	4.56	9.11	17.67	23.06	24.67	23.06	22.22	13.06	7.44	1.44	12.5	
1931	0.39	1	4.61	10.61	16.39	21.5	25.28	24	22.39	16.22	11.06	4.94	13.22	
1932	6.22	2.28	2.94	9.44	16.67	21.39	24.5	24.78	20.94	14.67	6.67	3.83	12.83	
1933	4.67	1.17	3.5	10.22	18	22.44	24.33	23.78	20.83	13.39	5.44	0.39	12.33	
1934	1.44	-6.72	2.94	10.17	17.56	23.22	25.39	22.22	20.67	12.5	9.39	0.78	11.61	
1935	-1.78	-0.44	6.33	9.89	15.5	21.17	25.11	23.67	18.5	14.11	9.22	-1.11	11.67	
1936	-1.5	-3.5	7.33	8.78	18	21	24.56	24.11	20.06	14.17	5.94	3.67	11.89	
1937	4.61	1.56	2.5	9.78	17.89	22.11	24.72	24.78	18.89	13.06	8	1.89	12.5	
1938	0.06	1.89	6.72	12.06	16	21.28	24.72	25.67	18.89	15.83	9.06	2.78	12.89	
1939	0.06	2.78	4	9.06	18.28	22.72	24.78	25.56	20.33	14.06	6.5	2.72	12.56	
1940	-3.89	0.5	1.72	8.22	15.94	21.33	24.56	21.83	19.22	12.06	7.39	3.56	11.06	
1941	-1.44	-0.5	2.17	13.78	18.17	22.17	24.33	23.33	21.11	15.94	10	3.5	12.72	
1942	-0.72	-1.33	6.11	12.11	18.5	21.67	24.61	23.11	20.17	14.89	8.33	-0.5	12.22	
1943	-0.72	1.44	4.56	7.83	16.94	24.56	24.94	24.39	19.61	13.22	7.39	0.56	12.06	
1944	1.06	0.67	3.28	9.39	19.44	22.39	26.33	25.44	21.11	13.89	7.78	0.17	12.56	
1945	-3.78	1.06	10.61	13.11	15.11	21.61	23.61	23	21.28	13.44	8.67	-0.56	12.28	
1946	1.17	-0.17	9.89	10.22	16.61	20.94	24.11	21.61	21	16.5	10.22	3.33	12.94	
1947	2.83	-1.5	3.22	10.22	15.5	20.22	24.17	24.39	20.33	17.56	6.78	1.11	12.06	
1948	-3.78	-0.72	5.56	10.56	15.67	20.78	25.06	23.83	21.22	13.67	11.33	3.5	12.22	
1949	3.67	3.67	6	12.06	17.22	23.44	26.44	24.83	19	17.28	7.94	4.11	13.83	
1950	5.22	-0.22	2.39	9.11	14.83	21.28	23.89	22.83	18.11	15.56	9.11	1.61	12	
1951	2.72	2.33	5.28	11.67	17.39	21	24.89	23.67	20.11	14.78	6.39	3.11	12.78	
1952	2.33	2.33	4.56	12.78	15.94	23.11	26.83	23.78	21.06	13.17	9.22	3.56	13.22	
1953	3.11	3.56	6.22	11.28	17.44	23	25.44	24.33	21.33	15.94	9.83	5.17	13.89	
1954	-0.67	4.5	5.28	12.06	15.44	22	24.83	22.61	19.67	16.5	8	2.17	12.72	
1955	-0.61	1.67	5.39	11.94	18.56	20.5	27.11	25.61	19.89	15.44	6.83	-1.28	12.56	
1956	0	2.56	3	9	14.78	21.89	22.72	23.44	18.22	14.5	8.17	4.94	11.94	
1957	-1.94	2.89	5.5	11.78	17.28	23.5	25.39	23.11	20.94	13.44	9.67	4.56	13	
1958	-0.06	-2.56	4.56	11.61	15.06	19.56	24.5	23.94	19.78	13.06	8.83	-1.5	11.39	
1959	-0.44	0	4.5	12.06	19.06	21.78	24.61	25.28	22.39	15.44	7.67	3.56	13	
1960	1.06	2.39	0.72	12.28	17	22.11	23.61	23.83	20	14.44	9.83	-0.61	12.22	
1961	-2.39	2.56	5.28	9.44	15.44	22.44	25.61	24.67	23.06	16.17	9.28	1.94	12.78	
1962	0.33	-0.11	6.11	11.83	18	22.5	23.33	22.44	18.28	14.11	6.22	-0.28	11.89	
1963	-1.06	-2.11	6.5	12.06	16.17	21.61	24.67	22.28	17.28	16.56	10.17	-0.44	11.94	
1964	2	0.44	6.17	9.83	18.56	22	24.11	22.72	19.5	12.78	9.67	2.44	12.5	
1965	-1.33	1.06	4.44	10.33	19.11	21.17	23.5	22.83	19.72	14.06	8.22	4.72	12.33	
1966	0.11	1.67	5.89	9.83	16.39	24.11	26.5	24.94	19.17	13.39	9.39	2.06	12.78	
1967	2.94	-1.56	3.06	9.78	12.89	22.67	24.06	23.28	19.28	14	5.83	3.44	11.61	
1968	-2.94	-1.78	6.28	12.78	15.33	20.94	25.17	24.44	21.44	15.83	8.28	1.22	12.22	
1969	-0.11	0.33	4.44	13.28	18.44	22.83	23.72	25.22	20.5	14.22	8	0.78	12.67	
1970	-3.83	0.56	3.72	11.17	17.78	21.61	25.06	25.33	21.56	14.94	9.17	1.33	12.39	
1971	-2.83	1.72	4.5	10.39	16.28	23.44	25.44	24.39	21.94	17.06	7.28	4.89	12.89	
1972	1.67	-0.33	4.28	10.06	17.39	19.89	25.06	24.22	20.83	11.94	6.83	3.61	12.11	
1973	1.94	0.28	8	11.89	15.28	23	25.17	25.33	20.83	15.67	9.06	3.89	13.33	
1974	1.78	-0.17	5.56	12.83	16.06	20.56	25.11	24.67	19.28	12.28	9	4.06	12.61	
1975	2.94	2.11	4.5	8.83	18.78	21.39	24.33	23.5	17.83	15.11	11.28	2.11	12.72	
1976	-2.61	4.39	6.89	12.78	15.67	22.83	23.78	23.5	19.22	11.61	5.39	-1.17	11.83	
1977	-5.56	0.78	8.17	12.06	18.33	21.22	26.11	24.28	20.11	12.72	8.5	2	12.39	
1978	-2.22	-2.67	3.89	10.89	16.39	21.78	23.5	24.44	18.28	12.72	8.78	3.83	11.61	
1979	0.83	-3.61	8.28	11.44	18.5	20.67	24.94	24.89	21.39	14.06	11.39	5.06	13.17	
1980	0.94	-0.33	5.11	12.5	18.67	21.28	26.28	26.83	21.56	12.89	7	0.22	12.72	
1981	-3.22	4.06	5.67	13.39	18.22	22.78	25.83	24.44	19.78	12.44	8.72	2.5	12.89	
1982	-3.28	1.83	5.5	10.67	17.83	20.33	25.5	22.83	20.17	14.72	10.22	5.94	12.67	
1983	1.39	2.44	6.67	11.28	15.61	23	26.39	25.39	22.11	14.33	9.33	1.78	13.33	
1984	-1.17	4.78	2.61	11.06	16.44	23.61	23.72	24.78	18.83	16.56	8.44	6.5	13	
1985	-1.78	2.56	7.67	13.06	18.44	20.33	24.56	24.11	21.39	15.22	10	1.22	13.06	
1986	1.17	-0.06	7.28	12.5	18.89	21.94	24.44	22.83	19.89	14.44	7.61	3.89	12.89	
1987	0.17	0.67	7.28	11.89	17.56	22.67	25.5	23.44	19.83	12.11	8.72	4.17	12.83	
1988	-1.39	1.61	6.44	10.67	17	22.11	26.28	26	19.67	11.5	9.67	2.17	12.67	
1989	3	1.39	5.78	11.22	16.72	22.22	23.83	23.33	20.06	14.5	7.61	-3.39	12.17	
1990	5.22	4.28	7.28	11.94	15.67	22.28	24.89	24	19.72	16.61	10.17	5.89	14	
1991	1.61	4.39	7	13.17	20.39	23.39	25.39	25.06	19.72	14.67	9.06	4.22	14	
1992	2.06	2.39	4.44	10.28	16.11	21.22	23.44	22.72	19.56	12.5	8.06	3.28	12.17	
1993	2.39	-0.67	4.28	11.83	18.72	22.94	26.78	25.11	19.61	13.33	9.33	2.94	13.06
1994	-3.56	-0.78	4.83	13.11	16.56	24	26.33	23.33	19.78	14.44	11.11	5.67	12.89
1995	3.06	-0.22	7.22	11.06	16.61	22.11	26.22	25.89	20.17	16.44	6.44	0.22	12.94
1996	-0.83	1.06	3.83	11.22	16.17	21.89	23	23.61	20	13.56	6.11	5.17	12.06
1997	0.11	4.44	5.5	10.94	15.22	21.61	24.33	22.94	19.44	13.72	6.94	3.5	12.39
1998	4.44	4.78	7.44	12.22	17.94	20.67	24.72	24.83	21.22	14.22	8.94	6.22	14
1999	1.06	3.83	5.83	11.94	17.28	22.89	27.44	24.17	20.67	13.33	10.44	4.44	13.61
2000	-0.39	2.94	8.44	10.56	17.5	21.83	22.39	22.5	18.89	13.89	7.39	-0.5	12.11
2001	0.94	2.17	4.22	12.22	17.56	22.78	22.89	25.94	19.83	14.72	11.5	6.72	13.44
2002	4.44	4.78	6.78	13.39	15.94	21.94	26	25.44	21.28	12.89	7.78	2.22	13.56
2003	-2.5	-1.06	6.17	9.89	14.83	20.22	24.33	24.83	20	12.83	10	3.11	11.89
2004	-4	1.67	6.5	12	18.44	21.83	23.61	23.5	20.78	13.33	9	3.56	12.5
2005	-0.39	2.56	4.17	12.89	14.94	23.33	25.33	26.5	22.94	14.40	9.80	1.80	13.33
2006	4.90	2.10	6.20	13.2	17.3	21.7	25.6	24.3	19.2	13.5	11.1	6.4	13.41
2007	3.1	-2.1	5.7	10.2	18.5	99	99	99	99	99	99	99	99	