1949	27.60	99	99	99	25.90	25.30	24.90	25.60	26.30	26.30	26.60	27.10	99
1950	26.30	25.60	25.70	25.90	25.70	24.90	24.50	25.70	26.10	26.50	26.50	26.00	25.88
1951	25.80	25.00	26.00	25.00	25.70	25.10	25.40	25.10	26.00	26.50	26.40	26.20	25.67
1952	25.40	26.60	26.50	25.50	25.70	24.40	24.90	25.20	25.50	26.30	26.80	26.30	25.75
1953	25.80	25.90	25.90	25.90	26.30	25.20	24.60	25.40	26.70	26.50	26.80	27.00	25.94
1954	25.80	26.90	25.70	26.20	25.80	25.40	24.60	25.90	26.60	25.90	26.50	26.10	26.02
1955	26.30	25.90	26.10	25.00	25.50	25.30	24.40	25.10	25.60	26.60	26.20	26.20	25.68
1956	25.50	25.50	25.70	25.40	25.40	25.00	24.80	24.60	25.80	26.00	26.30	26.50	25.52
1957	25.40	25.90	26.00	25.70	26.10	25.30	24.80	25.60	27.00	26.30	26.00	26.30	25.88
1958	26.70	27.00	26.40	25.80	25.80	25.50	25.30	25.40	27.00	27.00	26.50	27.50	26.22
1959	27.40	25.90	26.30	26.10	25.30	25.80	25.80	26.50	26.70	26.20	27.30	26.40	26.40
1960	27.30	26.70	26.50	25.90	26.00	26.00	25.30	26.10	26.10	27.10	27.00	27.70	26.37
1961	25.90	26.70	26.60	26.80	26.20	25.30	26.50	27.10	27.40	27.20	27.10	26.50	26.71
1962	27.20	27.30	26.80	26.20	25.50	25.60	24.90	26.90	27.70	26.70	27.10	27.90	26.53
1963	27.70	27.10	26.10	26.40	26.10	26.30	26.40	27.20	27.60	27.50	27.30	26.80	26.97
1964	27.40	27.50	26.60	26.40	25.70	25.90	25.20	26.60	26.20	26.90	26.80	27.70	26.50
1965	27.40	26.80	26.50	26.20	26.40	25.70	25.80	26.20	26.90	27.50	26.50	26.50	26.63
1966	26.60	27.70	27.10	26.30	26.30	26.80	25.50	26.40	26.90	27.30	27.10	26.90	26.71
1967	25.90	26.70	26.90	26.10	26.40	25.90	25.90	26.50	27.70	26.50	27.70	27.20	26.59
1968	26.40	27.30	26.30	26.30	25.20	25.80	25.60	26.30	26.60	27.00	27.40	27.50	26.45
1969	26.70	27.00	27.70	27.00	27.10	99	25.30	26.50	27.10	27.10	27.40	27.00	26.85
1970	26.80	26.90	27.20	26.50	26.40	26.10	25.40	27.00	26.10	27.80	27.40	27.00	26.72
1971	26.50	26.00	26.00	26.40	26.20	25.60	25.90	26.40	26.50	26.50	26.70	26.70	26.31
1972	26.00	27.40	26.60	26.20	26.40	26.50	25.60	26.20	26.60	27.40	27.30	27.30	26.57
1973	26.60	27.40	27.10	27.10	26.10	26.90	25.20	25.40	25.80	26.30	25.60	25.60	26.40
1974	25.70	25.50	25.60	25.80	25.10	24.90	24.30	25.20	25.30	25.20	25.70	25.90	25.32
1975	25.10	25.90	25.70	26.10	25.30	24.70	24.00	25.10	25.50	25.60	25.80	25.20	25.39
1976	25.20	26.40	25.10	25.20	25.10	24.50	24.20	24.90	25.30	25.80	25.60	25.30	25.21
1977	26.30	25.00	25.20	25.40	24.80	24.20	25.10	25.30	25.20	25.30	25.30	25.70	25.20
1978	26.30	26.10	25.80	25.40	25.40	24.40	24.60	24.30	25.30	25.50	25.50	25.70	25.36
1979	26.50	26.30	26.40	25.60	25.40	23.90	24.70	25.50	25.80	26.30	25.90	25.70	25.67
1980	26.10	27.10	25.40	26.10	25.80	25.20	24.90	25.70	25.50	25.50	25.80	26.30	25.73
1981	26.30	25.50	26.20	25.70	25.90	24.90	24.10	25.20	25.30	26.20	26.20	99	25.65
1982	26.10	25.50	26.20	25.20	25.40	25.60	25.00	25.60	25.70	25.60	99	25.70	25.64
1983	26.70	99	26.70	26.50	26.60	25.00	26.00	25.50	25.90	25.60	99	26.00	26.02
1984	25.50	24.80	26.00	26.00	25.80	25.60	99	24.90	99	25.80	25.80	25.50	25.55
1985	26.80	25.60	25.80	25.80	25.50	24.90	24.90	25.00	25.40	25.80	25.70	25.70	25.56
1986	99	25.80	25.40	99	99	24.50	25.00	25.70	99	25.30	99	25.00	99
1987	25.70	25.50	26.30	26.00	25.50	99	25.60	25.30	25.50	26.90	99	26.30	25.75
1988	25.30	26.00	99	25.90	25.80	24.50	99	99	25.90	26.70	25.80	26.00	25.78
1989	25.20	25.60	99	25.30	25.10	24.90	24.20	25.50	25.80	26.30	26.30	26.80	25.48
1990	25.40	25.20	99	25.80	25.50	25.10	24.50	99	99	99	99	99	25.63
1991	99	26.40	26.10	99	99	99	99	99	26.20	26.20	99	99	99
1992	26.50	99	99	99	99	99	99	99	99	99	99	25.50	99
1993	25.70	99	99	99	99	99	99	24.60	25.40	25.50	99	25.80	99
1994	99	25.50	99	99	25.90	25.00	25.40	25.40	25.20	99	99	25.90	99
1995	99	99	25.60	25.70	25.40	99	26.10	26.00	26.00	26.10	99	99	25.99
1996	25.60	25.60	99	25.50	25.50	24.50	24.90	25.70	99	99	99	24.90	25.55
1997	99	25.30	25.90	99	99	99	99	99	99	26.60	99	99	99
1998	99	99	99	99	99	99	25.50	99	99	26.70	99	26.70	99
1999	99	99	26.10	99	25.10	99	25.10	99	25.10	99	99	99	99
2000	99	99	99	99	99	99	99	25.80	99	27.30	26.50	99	99
2001	99	25.70	25.70	99	25.70	99	99	99	26.10	26.30	26.60	26.10	99
2002	26.40	26.00	99	99	25.60	99	25.10	25.60	26.60	26.10	25.80	26.30	25.87
2003	26.40	26.30	99	25.90	25.60	25.40	24.80	99	99	26.30	26.30	26.20	25.92
2004	27.10	26.00	26.20	26.20	99	99	24.70	25.20	25.50	99	99	26.30	25.93
2005	99	26.30	26.00	25.80	26.00	25.70	25.00	25.60	25.80	26.40	26.40	26.40	25.97
2006	25.90	25.90	26.40	25.90	24.60	24.60	25.20	25.20	99	99	99	26.10	25.68
2007	26.10	99	25.8	99	25.1	25.0	25.0	25.5	25.8	25.7	25.9	26.2	25.62
2008	25.7	25.6	25.9	25.9	25.3	24.8	25.5	26.3	26.1	26.3	26.2	26.2	25.82
2009	25.4	25.9	25.8	99	26.1	25.4	99	26.4	